1588103722402 1 1
1588103726667 1 2
1588103731006 1 3
1588103735252 1 4
1588103739558 1 5
1588103743931 1 6
1588103748286 1 7
1588103752615 1 8
1588103756848 1 9
1588103761182 1 10
1588103765491 1 11
1588103769858 1 12
1588103774217 1 13
1588103778523 1 14
1588103782885 1 15
1588103787264 1 16
1588103791511 1 17
1588103795749 1 18
1588103799986 1 19
1588103804244 1 20
1588103808485 1 21
1588103812726 1 22
1588103816970 1 23
1588103821326 1 24
1588103825703 1 25
1588103830084 1 26
1588103834488 1 27
1588103839271 1 28
1588103843562 1 29
1588103847980 1 30
1588103852360 1 31
1588103856601 1 32
1588103860852 1 33
1588103865104 1 34
1588103869369 1 35
1588103873631 1 36
1588103877935 1 37
1588103882340 1 38
1588103886742 1 39
1588103891147 1 40
1588103895490 1 41
1588103899812 1 42
1588103904134 1 43
1588103908480 1 44
1588103912858 1 45
1588103917179 1 46
1588103921440 1 47
1588103925726 1 48
1588103930114 1 49
1588103934558 1 50
1588103938886 1 51
1588103943210 1 52
1588103947505 1 53
1588103951788 1 54
1588103956078 1 55
1588103960364 1 56
1588103964652 1 57
1588103968934 1 58
1588103973203 1 59
1588103977500 1 60
1588103981793 1 61
1588103986058 1 62
1588103990360 1 63
1588103994669 1 64
1588103998950 1 65
1588104003284 1 66
1588104007589 1 67
1588104011937 1 68
1588104016762 1 69
1588104021332 1 70
1588104025657 1 71
1588104030063 1 72
1588104034395 1 73
1588104038694 1 74
1588104042993 1 75
1588104047303 1 76
1588104051604 1 77
1588104055918 1 78
1588104060278 1 79
1588104064646 1 80
1588104068951 1 81
1588104073258 1 82
1588104077572 1 83
1588104081880 1 84
1588104086197 1 85
1588104090489 1 86
1588104094797 1 87
1588104099139 1 88
1588104103464 1 89
1588104107804 1 90
1588104112232 1 91
1588104116684 1 92
1588104121108 1 93
1588104125513 1 94
1588104129853 1 95
1588104134170 1 96
1588104138493 1 97
1588104142927 1 98
1588104147407 1 99
1588104151870 1 100
1588104156306 1 101
1588104160645 1 102
1588104164987 1 103
1588104169328 1 104
1588104173671 1 105
1588104178061 1 106
1588104182535 1 107
1588104186871 1 108
1588104191210 1 109
1588104195949 1 110
1588104200650 1 111
1588104205125 1 112
1588104209494 1 113
1588104213875 1 114
1588104218418 1 115
1588104222902 1 116
1588104227360 1 117
1588104231690 1 118
1588104236041 1 119
1588104240387 1 120
1588104244771 1 121
1588104249114 1 122
1588104253460 1 123
1588104257796 1 124
1588104262272 1 125
1588104266711 1 126
1588104271089 1 127
1588104275591 1 128
1588104280079 1 129
1588104284545 1 130
1588104288897 1 131
1588104293256 1 132
1588104297603 1 133
1588104301991 1 134
1588104306372 1 135
1588104310768 1 136
1588104315281 1 137
1588104319770 1 138
1588104324259 1 139
1588104328743 1 140
1588104333166 1 141
1588104337602 1 142
1588104341980 1 143
1588104346441 1 144
1588104350911 1 145
1588104355390 1 146
1588104359759 1 147
1588104364156 1 148
1588104368554 1 149
1588104373022 1 150
1588104378029 1 151
1588104382547 1 152
1588104387052 1 153
1588104391481 1 154
1588104395987 1 155
1588104400433 1 156
1588104404985 1 157
1588104409577 1 158
1588104414153 1 159
1588104418737 1 160
1588104423299 1 161
1588104427777 1 162
1588104432299 1 163
1588104436890 1 164
1588104441485 1 165
1588104446081 1 166
1588104450661 1 167
1588104455174 1 168
1588104459658 1 169
1588104464162 1 170
1588104468624 1 171
1588104473221 1 172
1588104477798 1 173
1588104482392 1 174
1588104486921 1 175
1588104491396 1 176
1588104496016 1 177
1588104500604 1 178
1588104505164 1 179
1588104509675 1 180
1588104514151 1 181
1588104518625 1 182
1588104523114 1 183
1588104527596 1 184
1588104532092 1 185
1588104536604 1 186
1588104541203 1 187
1588104545715 1 188
1588104550202 1 189
1588104554773 1 190
1588104559709 1 191
1588104564223 1 192
1588104568745 1 193
1588104573266 1 194
1588104577776 1 195
1588104582273 1 196
1588104586766 1 197
1588104591267 1 198
1588104595860 1 199
1588104600366 1 200
1588104604947 1 201
1588104609440 1 202
1588104613940 1 203
1588104618449 1 204
1588104623051 1 205
1588104627686 1 206
1588104632316 1 207
1588104636940 1 208
1588104641468 1 209
1588104646070 1 210
1588104650701 1 211
1588104655335 1 212
1588104659976 1 213
1588104664557 1 214
1588104669088 1 215
1588104673609 1 216
1588104678122 1 217
1588104682636 1 218
1588104687159 1 219
1588104691695 1 220
1588104696278 1 221
1588104700816 1 222
1588104705400 1 223
1588104710059 1 224
1588104714730 1 225
1588104719331 1 226
1588104723892 1 227
1588104728542 1 228
1588104733221 1 229
1588104738470 1 230
1588104743068 1 231
1588104747662 1 232
1588104752276 1 233
1588104756956 1 234
1588104761585 1 235
1588104766130 1 236
1588104770787 1 237
1588104775485 1 238
1588104780135 1 239
1588104784720 1 240
1588104789281 1 241
1588104793832 1 242
1588104798411 1 243
1588104802992 1 244
1588104807671 1 245
1588104812357 1 246
1588104817034 1 247
1588104821737 1 248
1588104826449 1 249
1588104831179 1 250
1588104835882 1 251
1588104840537 1 252
1588104845250 1 253
1588104849869 1 254
1588104854554 1 255
1588104859235 1 256
1588104863932 1 257
1588104868635 1 258
1588104873307 1 259
1588104877935 1 260
1588104882623 1 261
1588104887293 1 262
1588104892008 1 263
1588104896647 1 264
1588104901380 1 265
1588104906143 1 266
1588104910869 1 267
1588104915756 1 268
1588104920756 1 269
1588104925491 1 270
1588104930233 1 271
1588104934927 1 272
1588104939561 1 273
1588104944316 1 274
1588104949073 1 275
1588104953819 1 276
1588104958536 1 277
1588104963223 1 278
1588104967977 1 279
1588104972748 1 280
1588104977503 1 281
1588104982260 1 282
1588104986957 1 283
1588104991623 1 284
1588104996392 1 285
1588105001158 1 286
1588105005920 1 287
1588105010581 1 288
1588105015256 1 289
1588105020138 1 290
1588105024940 1 291
1588105029621 1 292
1588105034302 1 293
1588105038977 1 294
1588105043734 1 295
1588105048513 1 296
1588105053268 1 297
1588105058000 1 298
1588105062811 1 299
1588105067569 1 300
1588105072347 1 301
1588105077119 1 302
1588105081909 1 303
1588105086662 1 304
1588105091469 1 305
1588105096694 1 306
1588105101684 1 307
1588105106492 1 308
1588105111279 1 309
1588105116075 1 310
1588105120872 1 311
1588105125676 1 312
1588105130491 1 313
1588105135281 1 314
1588105140092 1 315
1588105144890 1 316
1588105149707 1 317
1588105154550 1 318
1588105159381 1 319
1588105164207 1 320
1588105168973 1 321
1588105173761 1 322
1588105178588 1 323
1588105183383 1 324
1588105188131 1 325
1588105192869 1 326
1588105197608 1 327
1588105202447 1 328
1588105207268 1 329
1588105212107 1 330
1588105216947 1 331
1588105221775 1 332
1588105226610 1 333
1588105231442 1 334
1588105236307 1 335
1588105241187 1 336
1588105246069 1 337
1588105250910 1 338
1588105255770 1 339
1588105260636 1 340
1588105265567 1 341
1588105270493 1 342
1588105275611 1 343
1588105280824 1 344
1588105285740 1 345
1588105290652 1 346
1588105295562 1 347
1588105300485 1 348
1588105305412 1 349
1588105310327 1 350
1588105315255 1 351
1588105320166 1 352
1588105325086 1 353
1588105329988 1 354
1588105334911 1 355
1588105339818 1 356
1588105344741 1 357
1588105349646 1 358
1588105354527 1 359
1588105359420 1 360
1588105364362 1 361
1588105369264 1 362
1588105374141 1 363
1588105379056 1 364
1588105384050 1 365
1588105388935 1 366
1588105393861 1 367
1588105398809 1 368
1588105403750 1 369
1588105408675 1 370
1588105413595 1 371
1588105418531 1 372
1588105423465 1 373
1588105428381 1 374
1588105433368 1 375
1588105438333 1 376
1588105443330 1 377
1588105448296 1 378
1588105453254 1 379
1588105458633 1 380
1588105463588 1 381
1588105468570 1 382
1588105473526 1 383
1588105478480 1 384
1588105483481 1 385
1588105488468 1 386
1588105493448 1 387
1588105498401 1 388
1588105503335 1 389
1588105508330 1 390
1588105513341 1 391
1588105518300 1 392
1588105523182 1 393
1588105528060 1 394
1588105533062 1 395
1588105538027 1 396
1588105542991 1 397
1588105547989 1 398
1588105553005 1 399
1588105557983 1 400
1588105563025 1 401
1588105568155 1 402
1588105573100 1 403
1588105578065 1 404
1588105583088 1 405
1588105588100 1 406
1588105593014 1 407
1588105598024 1 408
1588105603047 1 409
1588105607992 1 410
1588105612996 1 411
1588105617996 1 412
1588105622980 1 413
1588105627918 1 414
1588105632909 1 415
1588105638547 1 416
1588105643569 1 417
1588105648553 1 418
1588105653612 1 419
1588105658669 1 420
1588105663689 1 421
1588105668652 1 422
1588105673679 1 423
1588105678730 1 424
1588105683814 1 425
1588105688855 1 426
1588105693934 1 427
1588105699032 1 428
1588105704119 1 429
1588105709123 1 430
1588105714162 1 431
1588105719142 1 432
1588105724206 1 433
1588105729257 1 434
1588105734331 1 435
1588105739427 1 436
1588105744493 1 437
1588105749561 1 438
1588105754560 1 439
1588105759622 1 440
1588105764737 1 441
1588105769833 1 442
1588105774885 1 443
1588105780007 1 444
1588105785137 1 445
1588105790220 1 446
1588105795349 1 447
1588105800471 1 448
1588105805562 1 449
1588105810706 1 450
1588105816151 1 451
1588105821424 1 452
1588105826438 1 453
1588105831455 1 454
1588105836559 1 455
1588105841678 1 456
1588105846803 1 457
1588105851902 1 458
1588105857069 1 459
1588105862240 1 460
1588105867367 1 461
1588105872558 1 462
1588105877695 1 463
1588105882848 1 464
1588105888031 1 465
1588105893210 1 466
1588105898382 1 467
1588105903545 1 468
1588105908716 1 469
1588105913871 1 470
1588105919039 1 471
1588105924219 1 472
1588105929353 1 473
1588105934526 1 474
1588105939721 1 475
1588105944856 1 476
1588105950019 1 477
1588105955223 1 478
1588105960390 1 479
1588105965520 1 480
1588105970692 1 481
1588105975902 1 482
1588105981054 1 483
1588105986175 1 484
1588105991366 1 485
1588105996975 1 486
1588106002292 1 487
1588106007491 1 488
1588106012713 1 489
1588106017943 1 490
1588106023123 1 491
1588106028348 1 492
1588106033612 1 493
1588106038849 1 494
1588106044150 1 495
1588106049406 1 496
1588106054674 1 497
1588106059881 1 498
1588106065091 1 499
1588106070236 1 500
1588106075465 1 501
1588106080661 1 502
1588106085823 1 503
1588106091082 1 504
1588106096371 1 505
1588106101590 1 506
1588106106838 1 507
1588106112085 1 508
1588106117351 1 509
1588106122639 1 510
1588106127869 1 511
1588106133071 1 512
1588106138345 1 513
1588106143606 1 514
1588106148888 1 515
1588106154186 1 516
1588106159454 1 517
1588106164727 1 518
1588106170022 1 519
1588106175542 1 520
1588106181045 1 521
1588106186302 1 522
1588106191630 1 523
1588106196814 1 524
1588106202025 1 525
1588106207347 1 526
1588106212642 1 527
1588106217874 1 528
1588106223094 1 529
1588106228336 1 530
1588106233637 1 531
1588106238975 1 532
1588106244311 1 533
1588106249641 1 534
1588106254932 1 535
1588106260273 1 536
1588106265631 1 537
1588106271112 1 538
1588106276441 1 539
1588106281878 1 540
1588106287275 1 541
1588106292548 1 542
1588106297832 1 543
1588106303233 1 544
1588106308651 1 545
1588106314038 1 546
1588106319394 1 547
1588106324683 1 548
1588106330076 1 549
1588106335498 1 550
1588106340887 1 551
1588106346284 1 552
1588106351679 1 553
1588106357599 1 554
1588106362999 1 555
1588106368417 1 556
1588106373844 1 557
1588106379215 1 558
1588106384614 1 559
1588106390022 1 560
1588106395398 1 561
1588106400842 1 562
1588106406296 1 563
1588106411692 1 564
1588106417020 1 565
1588106422317 1 566
1588106427622 1 567
1588106432927 1 568
1588106438223 1 569
1588106443529 1 570
1588106448920 1 571
1588106454346 1 572
1588106459711 1 573
1588106465073 1 574
1588106470482 1 575
1588106475995 1 576
1588106481543 1 577
1588106487081 1 578
1588106492567 1 579
1588106498035 1 580
1588106503428 1 581
1588106508759 1 582
1588106514155 1 583
1588106519593 1 584
1588106525012 1 585
1588106530437 1 586
1588106536116 1 587
1588106541790 1 588
1588106547214 1 589
1588106552653 1 590
1588106558014 1 591
1588106563426 1 592
1588106568836 1 593
1588106574295 1 594
1588106579789 1 595
1588106585247 1 596
1588106590616 1 597
1588106596002 1 598
1588106601487 1 599
1588106607008 1 600
1588106612545 1 601
1588106618088 1 602
1588106623585 1 603
1588106629006 1 604
1588106634555 1 605
1588106640067 1 606
1588106645640 1 607
1588106651116 1 608
1588106656587 1 609
1588106662120 1 610
1588106667638 1 611
1588106673170 1 612
1588106678678 1 613
1588106684107 1 614
1588106689628 1 615
1588106695143 1 616
1588106700713 1 617
1588106706307 1 618
1588106711865 1 619
1588106717820 1 620
1588106723339 1 621
1588106728889 1 622
1588106734441 1 623
1588106739933 1 624
1588106745502 1 625
1588106751073 1 626
1588106756664 1 627
1588106762288 1 628
1588106767881 1 629
1588106773500 1 630
1588106779073 1 631
1588106784650 1 632
1588106790165 1 633
1588106795743 1 634
1588106801368 1 635
1588106806930 1 636
1588106812449 1 637
1588106817965 1 638
1588106823481 1 639
1588106828999 1 640
1588106834566 1 641
1588106840061 1 642
1588106845565 1 643
1588106851170 1 644
1588106856810 1 645
1588106862376 1 646
1588106867954 1 647
1588106873547 1 648
1588106879064 1 649
1588106884686 1 650
1588106890320 1 651
1588106896186 1 652
1588106901912 1 653
1588106907505 1 654
1588106913160 1 655
1588106918816 1 656
1588106924462 1 657
1588106930082 1 658
1588106935755 1 659
1588106941376 1 660
1588106947054 1 661
1588106952762 1 662
1588106958470 1 663
1588106964247 1 664
1588106969938 1 665
1588106975628 1 666
1588106981299 1 667
1588106986967 1 668
1588106992650 1 669
1588106998306 1 670
1588107004045 1 671
1588107009789 1 672
1588107015509 1 673
1588107021167 1 674
1588107026817 1 675
1588107032434 1 676
1588107038134 1 677
1588107043804 1 678
1588107049435 1 679
1588107055188 1 680
1588107060867 1 681
1588107066522 1 682
1588107072227 1 683
1588107078346 1 684
1588107084085 1 685
1588107089780 1 686
1588107095527 1 687
