1588103722402 1001 1
1588103726667 1001 2
1588103731006 1001 3
1588103735252 1001 4
1588103739558 1001 5
1588103743931 1001 6
1588103748286 1001 7
1588103752615 1001 8
1588103756848 1001 9
1588103761182 1001 10
1588103765491 1001 11
1588103769858 1001 12
1588103774217 1001 13
1588103778523 1001 14
1588103782885 1001 15
1588103787264 1001 16
1588103791511 1001 17
1588103795749 1001 18
1588103799986 1001 19
1588103804244 1001 20
1588103808485 1001 21
1588103812726 1001 22
1588103816970 1001 23
1588103821326 1001 24
1588103825703 1001 25
1588103830084 1001 26
1588103834488 1001 27
1588103839271 1001 28
1588103843562 1001 29
1588103847980 1001 30
1588103852360 1001 31
1588103856601 1001 32
1588103860852 1001 33
1588103865104 1001 34
1588103869369 1001 35
1588103873631 1001 36
1588103877935 1001 37
1588103882340 1001 38
1588103886742 1001 39
1588103891147 1001 40
1588103895490 1001 41
1588103899812 1001 42
1588103904134 1001 43
1588103908480 1001 44
1588103912858 1001 45
1588103917179 1001 46
1588103921440 1001 47
1588103925726 1001 48
1588103930114 1001 49
1588103934558 1001 50
1588103938886 1001 51
1588103943210 1001 52
1588103947505 1001 53
1588103951788 1001 54
1588103956078 1001 55
1588103960364 1001 56
1588103964652 1001 57
1588103968934 1001 58
1588103973203 1001 59
1588103977500 1001 60
1588103981793 1001 61
1588103986058 1001 62
1588103990360 1001 63
1588103994669 1001 64
1588103998950 1001 65
1588104003284 1001 66
1588104007589 1001 67
1588104011937 1001 68
1588104016762 1001 69
1588104021332 1001 70
1588104025657 1001 71
1588104030063 1001 72
1588104034395 1001 73
1588104038694 1001 74
1588104042993 1001 75
1588104047303 1001 76
1588104051604 1001 77
1588104055918 1001 78
1588104060278 1001 79
1588104064646 1001 80
1588104068951 1001 81
1588104073258 1001 82
1588104077572 1001 83
1588104081880 1001 84
1588104086197 1001 85
1588104090489 1001 86
1588104094797 1001 87
1588104099139 1001 88
1588104103464 1001 89
1588104107804 1001 90
1588104112232 1001 91
1588104116684 1001 92
1588104121108 1001 93
1588104125513 1001 94
1588104129853 1001 95
1588104134170 1001 96
1588104138493 1001 97
1588104142927 1001 98
1588104147407 1001 99
1588104151870 1001 100
1588104156306 1001 101
1588104160645 1001 102
1588104164987 1001 103
1588104169328 1001 104
1588104173671 1001 105
1588104178061 1001 106
1588104182535 1001 107
1588104186871 1001 108
1588104191210 1001 109
1588104195949 1001 110
1588104200650 1001 111
1588104205125 1001 112
1588104209494 1001 113
1588104213875 1001 114
1588104218418 1001 115
1588104222902 1001 116
1588104227360 1001 117
1588104231690 1001 118
1588104236041 1001 119
1588104240387 1001 120
1588104244771 1001 121
1588104249114 1001 122
1588104253460 1001 123
1588104257796 1001 124
1588104262272 1001 125
1588104266711 1001 126
1588104271089 1001 127
1588104275591 1001 128
1588104280079 1001 129
1588104284545 1001 130
1588104288897 1001 131
1588104293256 1001 132
1588104297603 1001 133
1588104301991 1001 134
1588104306372 1001 135
1588104310768 1001 136
1588104315281 1001 137
1588104319770 1001 138
1588104324259 1001 139
1588104328743 1001 140
1588104333166 1001 141
1588104337602 1001 142
1588104341980 1001 143
1588104346441 1001 144
1588104350911 1001 145
1588104355390 1001 146
1588104359759 1001 147
1588104364156 1001 148
1588104368554 1001 149
1588104373022 1001 150
1588104378029 1001 151
1588104382547 1001 152
1588104387052 1001 153
1588104391481 1001 154
1588104395987 1001 155
1588104400433 1001 156
1588104404985 1001 157
1588104409577 1001 158
1588104414153 1001 159
1588104418737 1001 160
1588104423299 1001 161
1588104427777 1001 162
1588104432299 1001 163
1588104436890 1001 164
1588104441485 1001 165
1588104446081 1001 166
1588104450661 1001 167
1588104455174 1001 168
1588104459658 1001 169
1588104464162 1001 170
1588104468624 1001 171
1588104473221 1001 172
1588104477798 1001 173
1588104482392 1001 174
1588104486921 1001 175
1588104491396 1001 176
1588104496016 1001 177
1588104500604 1001 178
1588104505164 1001 179
1588104509675 1001 180
1588104514151 1001 181
1588104518625 1001 182
1588104523114 1001 183
1588104527596 1001 184
1588104532092 1001 185
1588104536604 1001 186
1588104541203 1001 187
1588104545715 1001 188
1588104550202 1001 189
1588104554773 1001 190
1588104559709 1001 191
1588104564223 1001 192
1588104568745 1001 193
1588104573266 1001 194
1588104577776 1001 195
1588104582273 1001 196
1588104586766 1001 197
1588104591267 1001 198
1588104595860 1001 199
1588104600366 1001 200
1588104604947 1001 201
1588104609440 1001 202
1588104613940 1001 203
1588104618449 1001 204
1588104623051 1001 205
1588104627686 1001 206
1588104632316 1001 207
1588104636940 1001 208
1588104641468 1001 209
1588104646070 1001 210
1588104650701 1001 211
1588104655335 1001 212
1588104659976 1001 213
1588104664557 1001 214
1588104669088 1001 215
1588104673609 1001 216
1588104678122 1001 217
1588104682636 1001 218
1588104687159 1001 219
1588104691695 1001 220
1588104696278 1001 221
1588104700816 1001 222
1588104705400 1001 223
1588104710059 1001 224
1588104714730 1001 225
1588104719331 1001 226
1588104723892 1001 227
1588104728542 1001 228
1588104733221 1001 229
1588104738470 1001 230
1588104743068 1001 231
1588104747662 1001 232
1588104752276 1001 233
1588104756956 1001 234
1588104761585 1001 235
1588104766130 1001 236
1588104770787 1001 237
1588104775485 1001 238
1588104780135 1001 239
1588104784720 1001 240
1588104789281 1001 241
1588104793832 1001 242
1588104798411 1001 243
1588104802992 1001 244
1588104807671 1001 245
1588104812357 1001 246
1588104817034 1001 247
1588104821737 1001 248
1588104826449 1001 249
1588104831179 1001 250
1588104835882 1001 251
1588104840537 1001 252
1588104845250 1001 253
1588104849869 1001 254
1588104854554 1001 255
1588104859235 1001 256
1588104863932 1001 257
1588104868635 1001 258
1588104873307 1001 259
1588104877935 1001 260
1588104882623 1001 261
1588104887293 1001 262
1588104892008 1001 263
1588104896647 1001 264
1588104901380 1001 265
1588104906143 1001 266
1588104910869 1001 267
1588104915756 1001 268
1588104920756 1001 269
1588104925491 1001 270
1588104930233 1001 271
1588104934927 1001 272
1588104939561 1001 273
1588104944316 1001 274
1588104949073 1001 275
1588104953819 1001 276
1588104958536 1001 277
1588104963223 1001 278
1588104967977 1001 279
1588104972748 1001 280
1588104977503 1001 281
1588104982260 1001 282
1588104986957 1001 283
1588104991623 1001 284
1588104996392 1001 285
1588105001158 1001 286
1588105005920 1001 287
1588105010581 1001 288
1588105015256 1001 289
1588105020138 1001 290
1588105024940 1001 291
1588105029621 1001 292
1588105034302 1001 293
1588105038977 1001 294
1588105043734 1001 295
1588105048513 1001 296
1588105053268 1001 297
1588105058000 1001 298
1588105062811 1001 299
1588105067569 1001 300
1588105072347 1001 301
1588105077119 1001 302
1588105081909 1001 303
1588105086662 1001 304
1588105091469 1001 305
1588105096694 1001 306
1588105101684 1001 307
1588105106492 1001 308
1588105111279 1001 309
1588105116075 1001 310
1588105120872 1001 311
1588105125676 1001 312
1588105130491 1001 313
1588105135281 1001 314
1588105140092 1001 315
1588105144890 1001 316
1588105149707 1001 317
1588105154550 1001 318
1588105159381 1001 319
1588105164207 1001 320
1588105168973 1001 321
1588105173761 1001 322
1588105178588 1001 323
1588105183383 1001 324
1588105188131 1001 325
1588105192869 1001 326
1588105197608 1001 327
1588105202447 1001 328
1588105207268 1001 329
1588105212107 1001 330
1588105216947 1001 331
1588105221775 1001 332
1588105226610 1001 333
1588105231442 1001 334
1588105236307 1001 335
1588105241187 1001 336
1588105246069 1001 337
1588105250910 1001 338
1588105255770 1001 339
1588105260636 1001 340
1588105265567 1001 341
1588105270493 1001 342
1588105275611 1001 343
1588105280824 1001 344
1588105285740 1001 345
1588105290652 1001 346
1588105295562 1001 347
1588105300485 1001 348
1588105305412 1001 349
1588105310327 1001 350
1588105315255 1001 351
1588105320166 1001 352
1588105325086 1001 353
1588105329988 1001 354
1588105334911 1001 355
1588105339818 1001 356
1588105344741 1001 357
1588105349646 1001 358
1588105354527 1001 359
1588105359420 1001 360
1588105364362 1001 361
1588105369264 1001 362
1588105374141 1001 363
1588105379056 1001 364
1588105384050 1001 365
1588105388935 1001 366
1588105393861 1001 367
1588105398809 1001 368
1588105403750 1001 369
1588105408675 1001 370
1588105413595 1001 371
1588105418531 1001 372
1588105423465 1001 373
1588105428381 1001 374
1588105433368 1001 375
1588105438333 1001 376
1588105443330 1001 377
1588105448296 1001 378
1588105453254 1001 379
1588105458633 1001 380
1588105463588 1001 381
1588105468570 1001 382
1588105473526 1001 383
1588105478480 1001 384
1588105483481 1001 385
1588105488468 1001 386
1588105493448 1001 387
1588105498401 1001 388
1588105503335 1001 389
1588105508330 1001 390
1588105513341 1001 391
1588105518300 1001 392
1588105523182 1001 393
1588105528060 1001 394
1588105533062 1001 395
1588105538027 1001 396
1588105542991 1001 397
1588105547989 1001 398
1588105553005 1001 399
1588105557983 1001 400
1588105563025 1001 401
1588105568155 1001 402
1588105573100 1001 403
1588105578065 1001 404
1588105583088 1001 405
1588105588100 1001 406
1588105593014 1001 407
1588105598024 1001 408
1588105603047 1001 409
1588105607992 1001 410
1588105612996 1001 411
1588105617996 1001 412
1588105622980 1001 413
1588105627918 1001 414
1588105632909 1001 415
1588105638547 1001 416
1588105643569 1001 417
1588105648553 1001 418
1588105653612 1001 419
1588105658669 1001 420
1588105663689 1001 421
1588105668652 1001 422
1588105673679 1001 423
1588105678730 1001 424
1588105683814 1001 425
1588105688855 1001 426
1588105693934 1001 427
1588105699032 1001 428
1588105704119 1001 429
1588105709123 1001 430
1588105714162 1001 431
1588105719142 1001 432
1588105724206 1001 433
1588105729257 1001 434
1588105734331 1001 435
1588105739427 1001 436
1588105744493 1001 437
1588105749561 1001 438
1588105754560 1001 439
1588105759622 1001 440
1588105764737 1001 441
1588105769833 1001 442
1588105774885 1001 443
1588105780007 1001 444
1588105785137 1001 445
1588105790220 1001 446
1588105795349 1001 447
1588105800471 1001 448
1588105805562 1001 449
1588105810706 1001 450
1588105816151 1001 451
1588105821424 1001 452
1588105826438 1001 453
1588105831455 1001 454
1588105836559 1001 455
1588105841678 1001 456
1588105846803 1001 457
1588105851902 1001 458
1588105857069 1001 459
1588105862240 1001 460
1588105867367 1001 461
1588105872558 1001 462
1588105877695 1001 463
1588105882848 1001 464
1588105888031 1001 465
1588105893210 1001 466
1588105898382 1001 467
1588105903545 1001 468
1588105908716 1001 469
1588105913871 1001 470
1588105919039 1001 471
1588105924219 1001 472
1588105929353 1001 473
1588105934526 1001 474
1588105939721 1001 475
1588105944856 1001 476
1588105950019 1001 477
1588105955223 1001 478
1588105960390 1001 479
1588105965520 1001 480
1588105970692 1001 481
1588105975902 1001 482
1588105981054 1001 483
1588105986175 1001 484
1588105991366 1001 485
1588105996975 1001 486
1588106002292 1001 487
1588106007491 1001 488
1588106012713 1001 489
1588106017943 1001 490
1588106023123 1001 491
1588106028348 1001 492
1588106033612 1001 493
1588106038849 1001 494
1588106044150 1001 495
1588106049406 1001 496
1588106054674 1001 497
1588106059881 1001 498
1588106065091 1001 499
1588106070236 1001 500
1588106075465 1001 501
1588106080661 1001 502
1588106085823 1001 503
1588106091082 1001 504
1588106096371 1001 505
1588106101590 1001 506
1588106106838 1001 507
1588106112085 1001 508
1588106117351 1001 509
1588106122639 1001 510
1588106127869 1001 511
1588106133071 1001 512
1588106138345 1001 513
1588106143606 1001 514
1588106148888 1001 515
1588106154186 1001 516
1588106159454 1001 517
1588106164727 1001 518
1588106170022 1001 519
1588106175542 1001 520
1588106181045 1001 521
1588106186302 1001 522
1588106191630 1001 523
1588106196814 1001 524
1588106202025 1001 525
1588106207347 1001 526
1588106212642 1001 527
1588106217874 1001 528
1588106223094 1001 529
1588106228336 1001 530
1588106233637 1001 531
1588106238975 1001 532
1588106244311 1001 533
1588106249641 1001 534
1588106254932 1001 535
1588106260273 1001 536
1588106265631 1001 537
1588106271112 1001 538
1588106276441 1001 539
1588106281878 1001 540
1588106287275 1001 541
1588106292548 1001 542
1588106297832 1001 543
1588106303233 1001 544
1588106308651 1001 545
1588106314038 1001 546
1588106319394 1001 547
1588106324683 1001 548
1588106330076 1001 549
1588106335498 1001 550
1588106340887 1001 551
1588106346284 1001 552
1588106351679 1001 553
1588106357599 1001 554
1588106362999 1001 555
1588106368417 1001 556
1588106373844 1001 557
1588106379215 1001 558
1588106384614 1001 559
1588106390022 1001 560
1588106395398 1001 561
1588106400842 1001 562
1588106406296 1001 563
1588106411692 1001 564
1588106417020 1001 565
1588106422317 1001 566
1588106427622 1001 567
1588106432927 1001 568
1588106438223 1001 569
1588106443529 1001 570
1588106448920 1001 571
1588106454346 1001 572
1588106459711 1001 573
1588106465073 1001 574
1588106470482 1001 575
1588106475995 1001 576
1588106481543 1001 577
1588106487081 1001 578
1588106492567 1001 579
1588106498035 1001 580
1588106503428 1001 581
1588106508759 1001 582
1588106514155 1001 583
1588106519593 1001 584
1588106525012 1001 585
1588106530437 1001 586
1588106536116 1001 587
1588106541790 1001 588
1588106547214 1001 589
1588106552653 1001 590
1588106558014 1001 591
1588106563426 1001 592
1588106568836 1001 593
1588106574295 1001 594
1588106579789 1001 595
1588106585247 1001 596
1588106590616 1001 597
1588106596002 1001 598
1588106601487 1001 599
1588106607008 1001 600
1588106612545 1001 601
1588106618088 1001 602
1588106623585 1001 603
1588106629006 1001 604
1588106634555 1001 605
1588106640067 1001 606
1588106645640 1001 607
1588106651116 1001 608
1588106656587 1001 609
1588106662120 1001 610
1588106667638 1001 611
1588106673170 1001 612
1588106678678 1001 613
1588106684107 1001 614
1588106689628 1001 615
1588106695143 1001 616
1588106700713 1001 617
1588106706307 1001 618
1588106711865 1001 619
1588106717820 1001 620
1588106723339 1001 621
1588106728889 1001 622
1588106734441 1001 623
1588106739933 1001 624
1588106745502 1001 625
1588106751073 1001 626
1588106756664 1001 627
1588106762288 1001 628
1588106767881 1001 629
1588106773500 1001 630
1588106779073 1001 631
1588106784650 1001 632
1588106790165 1001 633
1588106795743 1001 634
1588106801368 1001 635
1588106806930 1001 636
1588106812449 1001 637
1588106817965 1001 638
1588106823481 1001 639
1588106828999 1001 640
1588106834566 1001 641
1588106840061 1001 642
1588106845565 1001 643
1588106851170 1001 644
1588106856810 1001 645
1588106862376 1001 646
1588106867954 1001 647
1588106873547 1001 648
1588106879064 1001 649
1588106884686 1001 650
1588106890320 1001 651
1588106896186 1001 652
1588106901912 1001 653
1588106907505 1001 654
1588106913160 1001 655
1588106918816 1001 656
1588106924462 1001 657
1588106930082 1001 658
1588106935755 1001 659
1588106941376 1001 660
1588106947054 1001 661
1588106952762 1001 662
1588106958470 1001 663
1588106964247 1001 664
1588106969938 1001 665
1588106975628 1001 666
1588106981299 1001 667
1588106986967 1001 668
1588106992650 1001 669
1588106998306 1001 670
1588107004045 1001 671
1588107009789 1001 672
1588107015509 1001 673
1588107021167 1001 674
1588107026817 1001 675
1588107032434 1001 676
1588107038134 1001 677
1588107043804 1001 678
1588107049435 1001 679
1588107055188 1001 680
1588107060867 1001 681
1588107066522 1001 682
1588107072227 1001 683
1588107078346 1001 684
1588107084085 1001 685
1588107089780 1001 686
1588107095527 1001 687
