1587836375683 1 1
1587836382187 1 2
1587836388472 1 3
1587836394590 1 4
1587836400711 1 5
1587836406787 1 6
1587836412798 1 7
1587836418894 1 8
1587836425030 1 9
1587836431196 1 10
1587836437354 1 11
1587836443444 1 12
1587836449473 1 13
1587836455575 1 14
1587836461737 1 15
1587836467944 1 16
1587836474088 1 17
1587836480194 1 18
1587836486274 1 19
1587836492459 1 20
1587836498613 1 21
1587836504763 1 22
1587836510893 1 23
1587836517041 1 24
1587836523240 1 25
1587836529414 1 26
1587836535597 1 27
1587836541741 1 28
1587836547875 1 29
1587836554045 1 30
1587836560368 1 31
1587836566965 1 32
1587836573119 1 33
1587836579278 1 34
1587836585478 1 35
1587836591649 1 36
1587836597821 1 37
1587836603996 1 38
1587836610144 1 39
1587836616412 1 40
1587836622594 1 41
1587836628793 1 42
1587836634977 1 43
1587836641159 1 44
1587836647369 1 45
1587836653548 1 46
1587836659726 1 47
1587836665932 1 48
1587836672094 1 49
1587836678275 1 50
1587836684437 1 51
1587836690595 1 52
1587836696801 1 53
1587836703017 1 54
1587836709258 1 55
1587836715496 1 56
1587836721677 1 57
1587836727891 1 58
1587836734087 1 59
1587836740490 1 60
1587836747150 1 61
1587836753320 1 62
1587836759526 1 63
1587836765781 1 64
1587836772033 1 65
1587836778256 1 66
1587836784454 1 67
1587836790653 1 68
1587836796823 1 69
1587836803020 1 70
1587836809258 1 71
1587836815477 1 72
1587836821727 1 73
1587836827895 1 74
1587836834143 1 75
1587836840447 1 76
1587836846769 1 77
1587836853032 1 78
1587836859286 1 79
1587836865518 1 80
1587836871774 1 81
1587836878027 1 82
1587836884317 1 83
1587836890576 1 84
1587836896825 1 85
1587836903059 1 86
1587836909296 1 87
1587836915593 1 88
1587836922307 1 89
1587836928795 1 90
1587836935070 1 91
1587836941367 1 92
1587836947661 1 93
1587836953963 1 94
1587836960241 1 95
1587836966466 1 96
1587836972640 1 97
1587836978853 1 98
1587836985006 1 99
1587836991316 1 100
1587836997585 1 101
1587837003876 1 102
1587837010080 1 103
1587837016286 1 104
1587837022515 1 105
1587837028810 1 106
1587837035036 1 107
1587837041232 1 108
1587837047414 1 109
1587837053639 1 110
1587837059855 1 111
1587837066092 1 112
1587837072328 1 113
1587837078521 1 114
1587837084710 1 115
1587837090904 1 116
1587837097199 1 117
1587837103779 1 118
1587837109949 1 119
1587837116200 1 120
1587837122428 1 121
1587837128622 1 122
1587837134805 1 123
1587837140988 1 124
1587837147207 1 125
1587837153385 1 126
1587837159608 1 127
1587837165806 1 128
1587837172027 1 129
1587837178209 1 130
1587837184429 1 131
1587837190771 1 132
1587837197018 1 133
1587837203252 1 134
1587837209454 1 135
1587837215657 1 136
1587837221868 1 137
1587837228087 1 138
1587837234289 1 139
1587837240593 1 140
1587837246839 1 141
1587837253058 1 142
1587837259263 1 143
1587837265488 1 144
1587837271730 1 145
1587837277965 1 146
1587837284752 1 147
1587837290984 1 148
1587837297207 1 149
1587837303484 1 150
1587837309725 1 151
1587837316026 1 152
1587837322278 1 153
1587837328562 1 154
1587837334888 1 155
1587837341230 1 156
1587837347540 1 157
1587837353836 1 158
1587837360110 1 159
1587837366575 1 160
1587837372957 1 161
1587837379412 1 162
1587837385914 1 163
1587837392387 1 164
1587837398769 1 165
1587837405158 1 166
1587837411664 1 167
1587837418086 1 168
1587837424495 1 169
1587837430858 1 170
1587837437235 1 171
1587837443539 1 172
1587837449880 1 173
1587837456274 1 174
1587837463138 1 175
1587837469437 1 176
1587837475774 1 177
1587837482106 1 178
1587837488498 1 179
1587837494964 1 180
1587837501338 1 181
1587837507732 1 182
1587837514187 1 183
1587837520598 1 184
1587837526980 1 185
1587837533396 1 186
1587837539786 1 187
1587837546198 1 188
1587837552653 1 189
1587837559086 1 190
1587837565429 1 191
1587837571763 1 192
1587837578110 1 193
1587837584450 1 194
1587837590820 1 195
1587837597197 1 196
1587837603640 1 197
1587837610081 1 198
1587837616539 1 199
1587837623005 1 200
1587837629439 1 201
1587837635969 1 202
1587837642836 1 203
1587837649244 1 204
1587837655643 1 205
1587837662153 1 206
1587837668683 1 207
1587837675195 1 208
1587837681710 1 209
1587837688134 1 210
1587837694587 1 211
1587837700963 1 212
1587837707358 1 213
1587837713766 1 214
1587837720160 1 215
1587837726572 1 216
1587837733054 1 217
1587837739449 1 218
1587837745894 1 219
1587837752397 1 220
1587837758877 1 221
1587837765401 1 222
1587837771827 1 223
1587837778395 1 224
1587837784887 1 225
1587837791327 1 226
1587837797776 1 227
1587837804215 1 228
1587837810653 1 229
1587837817097 1 230
1587837824021 1 231
1587837830484 1 232
1587837836948 1 233
1587837843457 1 234
1587837849954 1 235
1587837856448 1 236
1587837862991 1 237
1587837869533 1 238
1587837876068 1 239
1587837882751 1 240
1587837889207 1 241
1587837895662 1 242
1587837902184 1 243
1587837908685 1 244
1587837915233 1 245
1587837921819 1 246
1587837928415 1 247
1587837935045 1 248
1587837941690 1 249
1587837948284 1 250
1587837954777 1 251
1587837961356 1 252
1587837967881 1 253
1587837974442 1 254
1587837981057 1 255
1587837987753 1 256
1587837994532 1 257
1587838001476 1 258
1587838008532 1 259
1587838015201 1 260
1587838021738 1 261
1587838028322 1 262
1587838034946 1 263
1587838041517 1 264
1587838048075 1 265
1587838054646 1 266
1587838061196 1 267
1587838067771 1 268
1587838074438 1 269
1587838081012 1 270
1587838087691 1 271
1587838094354 1 272
1587838101042 1 273
1587838107693 1 274
1587838114415 1 275
1587838121075 1 276
1587838127806 1 277
1587838134481 1 278
1587838141218 1 279
1587838148114 1 280
1587838154843 1 281
1587838161555 1 282
1587838168234 1 283
1587838174908 1 284
1587838182021 1 285
1587838188953 1 286
1587838195657 1 287
1587838202365 1 288
1587838209079 1 289
1587838215780 1 290
1587838222479 1 291
1587838229229 1 292
1587838235934 1 293
1587838242669 1 294
1587838249450 1 295
1587838256055 1 296
1587838262723 1 297
1587838269462 1 298
1587838276100 1 299
1587838282826 1 300
1587838289489 1 301
1587838296141 1 302
1587838302768 1 303
1587838309415 1 304
1587838316072 1 305
1587838322795 1 306
1587838329514 1 307
1587838336166 1 308
1587838342836 1 309
1587838349499 1 310
1587838356168 1 311
1587838363357 1 312
1587838370022 1 313
1587838376699 1 314
1587838383429 1 315
1587838390160 1 316
1587838396892 1 317
1587838403649 1 318
1587838410375 1 319
1587838417205 1 320
1587838423958 1 321
1587838430686 1 322
1587838437438 1 323
1587838444233 1 324
1587838451050 1 325
1587838457867 1 326
1587838464658 1 327
1587838471516 1 328
1587838478351 1 329
1587838485180 1 330
1587838492032 1 331
1587838498859 1 332
1587838505773 1 333
1587838512597 1 334
1587838519504 1 335
1587838526478 1 336
1587838533339 1 337
1587838540264 1 338
1587838547538 1 339
1587838554455 1 340
1587838561294 1 341
1587838568220 1 342
1587838575049 1 343
1587838581987 1 344
1587838588798 1 345
1587838595611 1 346
1587838602519 1 347
1587838609492 1 348
1587838616458 1 349
1587838623331 1 350
1587838630173 1 351
1587838637110 1 352
1587838644071 1 353
1587838651057 1 354
1587838658030 1 355
1587838665018 1 356
1587838671891 1 357
1587838678849 1 358
1587838685859 1 359
1587838693016 1 360
1587838700040 1 361
1587838707078 1 362
1587838714001 1 363
1587838721231 1 364
1587838728544 1 365
1587838735601 1 366
1587838742610 1 367
1587838749680 1 368
1587838756714 1 369
1587838763812 1 370
1587838770939 1 371
1587838778049 1 372
1587838785115 1 373
1587838792143 1 374
1587838799122 1 375
1587838806201 1 376
1587838813255 1 377
1587838820347 1 378
1587838827412 1 379
1587838834562 1 380
1587838841510 1 381
1587838848559 1 382
1587838855635 1 383
1587838862779 1 384
1587838869944 1 385
1587838877030 1 386
1587838884066 1 387
1587838891212 1 388
1587838898381 1 389
1587838906108 1 390
1587838913233 1 391
1587838920321 1 392
1587838927428 1 393
1587838934541 1 394
1587838941700 1 395
1587838948852 1 396
1587838956052 1 397
1587838963190 1 398
1587838970356 1 399
1587838977593 1 400
1587838984799 1 401
1587838991976 1 402
1587838999207 1 403
1587839006414 1 404
1587839013549 1 405
1587839020705 1 406
1587839027962 1 407
1587839035211 1 408
1587839042731 1 409
1587839049796 1 410
1587839056958 1 411
1587839064178 1 412
1587839071465 1 413
1587839078755 1 414
1587839086646 1 415
1587839093887 1 416
1587839101108 1 417
1587839108387 1 418
1587839115668 1 419
1587839123195 1 420
1587839130496 1 421
1587839137746 1 422
1587839144963 1 423
1587839152241 1 424
1587839159545 1 425
1587839166919 1 426
1587839174242 1 427
1587839181436 1 428
1587839188640 1 429
1587839195900 1 430
1587839203195 1 431
1587839210433 1 432
1587839217546 1 433
1587839224842 1 434
1587839232142 1 435
1587839239422 1 436
1587839246696 1 437
1587839253867 1 438
1587839261243 1 439
1587839268840 1 440
1587839275977 1 441
1587839283167 1 442
1587839290312 1 443
1587839297486 1 444
1587839304725 1 445
1587839311942 1 446
1587839319103 1 447
1587839326260 1 448
1587839333429 1 449
1587839340595 1 450
1587839347821 1 451
1587839354993 1 452
1587839362166 1 453
1587839369335 1 454
1587839376533 1 455
1587839383756 1 456
1587839391012 1 457
1587839398282 1 458
1587839405546 1 459
1587839412850 1 460
1587839420048 1 461
1587839427257 1 462
1587839434477 1 463
1587839441951 1 464
1587839449305 1 465
1587839456534 1 466
1587839463807 1 467
1587839471041 1 468
1587839478280 1 469
1587839485524 1 470
1587839492784 1 471
1587839500031 1 472
1587839507284 1 473
1587839514538 1 474
1587839521833 1 475
1587839529098 1 476
1587839536378 1 477
1587839543650 1 478
1587839550926 1 479
1587839558317 1 480
1587839565615 1 481
1587839572922 1 482
1587839580216 1 483
1587839587829 1 484
1587839595931 1 485
1587839604351 1 486
1587839612601 1 487
1587839620785 1 488
1587839628717 1 489
1587839636304 1 490
1587839643965 1 491
1587839651650 1 492
1587839659320 1 493
1587839666949 1 494
1587839674598 1 495
1587839682212 1 496
1587839689882 1 497
1587839697512 1 498
1587839705246 1 499
1587839713251 1 500
1587839721036 1 501
1587839728720 1 502
1587839736511 1 503
1587839744348 1 504
1587839752154 1 505
1587839759916 1 506
1587839767654 1 507
1587839775572 1 508
1587839783331 1 509
1587839791079 1 510
1587839798811 1 511
1587839807059 1 512
1587839814500 1 513
1587839822033 1 514
1587839829475 1 515
1587839836928 1 516
1587839844451 1 517
1587839851975 1 518
1587839859592 1 519
1587839867264 1 520
1587839874886 1 521
1587839882480 1 522
1587839890072 1 523
1587839897694 1 524
1587839905379 1 525
1587839912996 1 526
1587839920691 1 527
1587839928402 1 528
1587839936119 1 529
1587839943867 1 530
1587839951740 1 531
1587839959400 1 532
1587839967048 1 533
1587839974705 1 534
1587839982948 1 535
1587839990613 1 536
1587839998202 1 537
1587840005858 1 538
1587840013512 1 539
1587840021307 1 540
1587840028990 1 541
1587840036774 1 542
1587840044547 1 543
1587840052349 1 544
1587840060175 1 545
1587840068091 1 546
1587840076154 1 547
1587840083963 1 548
1587840091812 1 549
1587840099611 1 550
1587840107391 1 551
1587840115130 1 552
1587840122929 1 553
1587840130759 1 554
1587840138609 1 555
1587840146414 1 556
1587840154299 1 557
1587840162823 1 558
1587840170725 1 559
1587840178544 1 560
1587840186347 1 561
1587840194142 1 562
1587840202071 1 563
1587840209867 1 564
1587840217647 1 565
1587840225420 1 566
1587840233215 1 567
1587840241065 1 568
1587840248950 1 569
1587840256760 1 570
1587840264627 1 571
1587840272544 1 572
1587840280349 1 573
1587840288109 1 574
1587840295899 1 575
1587840303791 1 576
1587840311704 1 577
1587840319498 1 578
1587840327289 1 579
1587840335187 1 580
1587840343522 1 581
1587840351447 1 582
1587840359384 1 583
1587840367378 1 584
1587840375267 1 585
1587840383216 1 586
1587840391120 1 587
1587840398996 1 588
1587840406886 1 589
1587840414795 1 590
1587840422755 1 591
1587840430683 1 592
1587840438640 1 593
1587840446588 1 594
1587840454559 1 595
1587840462495 1 596
1587840470488 1 597
1587840478372 1 598
1587840486392 1 599
1587840494521 1 600
1587840502536 1 601
1587840510626 1 602
1587840518669 1 603
1587840527174 1 604
1587840535228 1 605
1587840543275 1 606
1587840551257 1 607
1587840559259 1 608
1587840567370 1 609
1587840575440 1 610
1587840583452 1 611
1587840591514 1 612
1587840599620 1 613
1587840607783 1 614
1587840615934 1 615
1587840623902 1 616
1587840631881 1 617
1587840639944 1 618
1587840648044 1 619
1587840656208 1 620
1587840664209 1 621
1587840672229 1 622
1587840680301 1 623
1587840688401 1 624
1587840696490 1 625
1587840705069 1 626
1587840713194 1 627
1587840721304 1 628
1587840729399 1 629
1587840737581 1 630
1587840745597 1 631
1587840753665 1 632
1587840761687 1 633
1587840769771 1 634
1587840777832 1 635
1587840785998 1 636
1587840794079 1 637
1587840802272 1 638
1587840810407 1 639
1587840818610 1 640
1587840826814 1 641
1587840834911 1 642
1587840843060 1 643
1587840851291 1 644
1587840859535 1 645
1587840867816 1 646
1587840876059 1 647
1587840884702 1 648
1587840892806 1 649
1587840900984 1 650
1587840909154 1 651
1587840917280 1 652
1587840925402 1 653
1587840933573 1 654
1587840941713 1 655
1587840949859 1 656
1587840958078 1 657
1587840966425 1 658
1587840974697 1 659
1587840983028 1 660
1587840991226 1 661
1587840999420 1 662
1587841007601 1 663
1587841015815 1 664
1587841024088 1 665
1587841032351 1 666
1587841040631 1 667
1587841048918 1 668
1587841057187 1 669
1587841065803 1 670
1587841074124 1 671
1587841082503 1 672
1587841090720 1 673
1587841098958 1 674
1587841107182 1 675
1587841115512 1 676
1587841123705 1 677
1587841131956 1 678
1587841140221 1 679
1587841148607 1 680
1587841156871 1 681
1587841165146 1 682
1587841173393 1 683
1587841181670 1 684
1587841189952 1 685
1587841198203 1 686
1587841206549 1 687
1587841214825 1 688
1587841223090 1 689
1587841231369 1 690
1587841239730 1 691
1587841248681 1 692
1587841257118 1 693
1587841265509 1 694
1587841273818 1 695
1587841282152 1 696
1587841290567 1 697
1587841299008 1 698
1587841307509 1 699
1587841316011 1 700
1587841324397 1 701
1587841332765 1 702
1587841341110 1 703
1587841349496 1 704
1587841357861 1 705
1587841366252 1 706
1587841374607 1 707
1587841383015 1 708
1587841391377 1 709
1587841399745 1 710
1587841408124 1 711
1587841416575 1 712
1587841425469 1 713
1587841433929 1 714
1587841442382 1 715
1587841450792 1 716
1587841459205 1 717
1587841467589 1 718
1587841475947 1 719
1587841484405 1 720
1587841493051 1 721
1587841501432 1 722
1587841509856 1 723
1587841518270 1 724
1587841526745 1 725
1587841535225 1 726
1587841543665 1 727
1587841552067 1 728
1587841560457 1 729
1587841568896 1 730
1587841577328 1 731
1587841585759 1 732
1587841594179 1 733
1587841603001 1 734
1587841611418 1 735
1587841619834 1 736
1587841628379 1 737
1587841636892 1 738
1587841645363 1 739
1587841653917 1 740
1587841662383 1 741
1587841670823 1 742
1587841679303 1 743
1587841687869 1 744
1587841696442 1 745
1587841705062 1 746
1587841713637 1 747
1587841722172 1 748
1587841730682 1 749
1587841739198 1 750
1587841747732 1 751
1587841756398 1 752
1587841764937 1 753
1587841773439 1 754
1587841782265 1 755
1587841790873 1 756
1587841799368 1 757
1587841807937 1 758
1587841816462 1 759
1587841825116 1 760
1587841833659 1 761
1587841842183 1 762
1587841850711 1 763
1587841859268 1 764
1587841867988 1 765
1587841876719 1 766
1587841885408 1 767
1587841894006 1 768
1587841902628 1 769
1587841911223 1 770
1587841919797 1 771
1587841928464 1 772
1587841937260 1 773
1587841945890 1 774
1587841954468 1 775
1587841963411 1 776
1587841971979 1 777
1587841980558 1 778
1587841989200 1 779
1587841997937 1 780
1587842006540 1 781
1587842015142 1 782
1587842023758 1 783
1587842032392 1 784
1587842041003 1 785
1587842049671 1 786
1587842058302 1 787
1587842066919 1 788
1587842075565 1 789
1587842084219 1 790
1587842092868 1 791
1587842101542 1 792
1587842110229 1 793
1587842118919 1 794
1587842127641 1 795
1587842136414 1 796
1587842145563 1 797
1587842154284 1 798
1587842163029 1 799
1587842171915 1 800
1587842180775 1 801
1587842189604 1 802
1587842198430 1 803
1587842207309 1 804
1587842216097 1 805
1587842224882 1 806
1587842233653 1 807
1587842242417 1 808
1587842251161 1 809
1587842259919 1 810
1587842268679 1 811
1587842277457 1 812
1587842286284 1 813
1587842295118 1 814
1587842304020 1 815
1587842312887 1 816
1587842322013 1 817
1587842330973 1 818
1587842339833 1 819
1587842348844 1 820
1587842357708 1 821
1587842366593 1 822
1587842375474 1 823
1587842384372 1 824
1587842393308 1 825
1587842402167 1 826
1587842411074 1 827
1587842420145 1 828
1587842429173 1 829
1587842438067 1 830
1587842446957 1 831
1587842455973 1 832
1587842464979 1 833
1587842473914 1 834
1587842482828 1 835
1587842491783 1 836
1587842500882 1 837
1587842510054 1 838
1587842518960 1 839
1587842528205 1 840
1587842537244 1 841
1587842546281 1 842
1587842555234 1 843
1587842564252 1 844
1587842573251 1 845
1587842582215 1 846
1587842591229 1 847
1587842600176 1 848
1587842609190 1 849
1587842618162 1 850
1587842627182 1 851
1587842636160 1 852
1587842645190 1 853
1587842654221 1 854
1587842663241 1 855
1587842672284 1 856
1587842681556 1 857
1587842690757 1 858
1587842699766 1 859
1587842708917 1 860
1587842717924 1 861
1587842726929 1 862
1587842735962 1 863
1587842745006 1 864
1587842754053 1 865
1587842763087 1 866
1587842772268 1 867
1587842781466 1 868
1587842790579 1 869
1587842799595 1 870
1587842808611 1 871
1587842817641 1 872
1587842826825 1 873
1587842835935 1 874
1587842845045 1 875
1587842854097 1 876
1587842863618 1 877
1587842872731 1 878
1587842881809 1 879
1587842891094 1 880
1587842900450 1 881
1587842909605 1 882
1587842918779 1 883
1587842928011 1 884
1587842937364 1 885
1587842946742 1 886
1587842956766 1 887
1587842966077 1 888
1587842975508 1 889
1587842984935 1 890
1587842994231 1 891
1587843003562 1 892
1587843012898 1 893
1587843022200 1 894
1587843031558 1 895
1587843041012 1 896
1587843050542 1 897
1587843059902 1 898
1587843069327 1 899
1587843078856 1 900
1587843088259 1 901
1587843097555 1 902
1587843106916 1 903
1587843116348 1 904
1587843125749 1 905
1587843135066 1 906
1587843144430 1 907
1587843153833 1 908
1587843163256 1 909
1587843172667 1 910
1587843182072 1 911
1587843191493 1 912
1587843200981 1 913
1587843210433 1 914
1587843219867 1 915
1587843229769 1 916
1587843239152 1 917
1587843248560 1 918
1587843257982 1 919
1587843267554 1 920
1587843276846 1 921
1587843286239 1 922
1587843295667 1 923
1587843305115 1 924
1587843314524 1 925
1587843323872 1 926
1587843333298 1 927
1587843342726 1 928
1587843352183 1 929
1587843361532 1 930
1587843371015 1 931
1587843380488 1 932
1587843389949 1 933
1587843399315 1 934
1587843409133 1 935
1587843418673 1 936
1587843428244 1 937
1587843438069 1 938
1587843447584 1 939
1587843457291 1 940
1587843466842 1 941
1587843476323 1 942
1587843485816 1 943
1587843495332 1 944
1587843504834 1 945
1587843514366 1 946
1587843523807 1 947
1587843533309 1 948
1587843542871 1 949
1587843552778 1 950
1587843562289 1 951
1587843571843 1 952
1587843581611 1 953
1587843591257 1 954
1587843600667 1 955
1587843610149 1 956
1587843619602 1 957
1587843629080 1 958
1587843638545 1 959
1587843648156 1 960
1587843657616 1 961
1587843667291 1 962
1587843676915 1 963
1587843686419 1 964
1587843695926 1 965
1587843705455 1 966
1587843715046 1 967
1587843724645 1 968
1587843734193 1 969
1587843743714 1 970
1587843753245 1 971
1587843763087 1 972
1587843772591 1 973
1587843782154 1 974
1587843791709 1 975
1587843801275 1 976
1587843810839 1 977
1587843820382 1 978
1587843829952 1 979
1587843839654 1 980
1587843849295 1 981
1587843858900 1 982
1587843868486 1 983
1587843878043 1 984
1587843887581 1 985
1587843897171 1 986
1587843906802 1 987
1587843916352 1 988
1587843925946 1 989
1587843935504 1 990
1587843945368 1 991
1587843954903 1 992
1587843964514 1 993
1587843974105 1 994
1587843983693 1 995
1587843993294 1 996
1587844002926 1 997
1587844012501 1 998
1587844022140 1 999
1587844031886 1 1000
1587844041691 1 1001
1587844051284 1 1002
1587844060849 1 1003
1587844070431 1 1004
1587844080007 1 1005
1587844089618 1 1006
1587844099191 1 1007
1587844108782 1 1008
1587844118404 1 1009
1587844128584 1 1010
1587844138184 1 1011
1587844147819 1 1012
1587844157397 1 1013
1587844166984 1 1014
1587844176561 1 1015
1587844186148 1 1016
1587844195740 1 1017
1587844205371 1 1018
1587844214972 1 1019
1587844224731 1 1020
1587844234363 1 1021
1587844244007 1 1022
1587844253621 1 1023
1587844263292 1 1024
1587844272896 1 1025
1587844282525 1 1026
1587844292234 1 1027
1587844302316 1 1028
1587844312160 1 1029
1587844321928 1 1030
1587844331664 1 1031
1587844341577 1 1032
1587844351476 1 1033
1587844361315 1 1034
1587844371152 1 1035
1587844380999 1 1036
1587844390819 1 1037
1587844400542 1 1038
1587844410245 1 1039
1587844420128 1 1040
1587844429816 1 1041
1587844439545 1 1042
1587844449350 1 1043
1587844459017 1 1044
1587844468757 1 1045
1587844478493 1 1046
1587844488640 1 1047
1587844498371 1 1048
1587844508231 1 1049
1587844517960 1 1050
1587844527668 1 1051
1587844537430 1 1052
1587844547241 1 1053
1587844556972 1 1054
1587844566868 1 1055
1587844576607 1 1056
1587844586436 1 1057
1587844596231 1 1058
1587844606058 1 1059
1587844615924 1 1060
1587844625789 1 1061
1587844635597 1 1062
1587844645346 1 1063
1587844655062 1 1064
1587844665052 1 1065
1587844674801 1 1066
1587844684555 1 1067
1587844694281 1 1068
1587844704019 1 1069
1587844713829 1 1070
1587844723546 1 1071
1587844733270 1 1072
1587844743083 1 1073
1587844752995 1 1074
1587844762723 1 1075
1587844772448 1 1076
1587844782179 1 1077
1587844791982 1 1078
1587844801733 1 1079
1587844811662 1 1080
1587844821409 1 1081
1587844831228 1 1082
1587844841012 1 1083
1587844851044 1 1084
1587844860790 1 1085
1587844870632 1 1086
1587844880365 1 1087
1587844890103 1 1088
1587844899802 1 1089
1587844909571 1 1090
1587844919466 1 1091
1587844929356 1 1092
1587844939069 1 1093
1587844948809 1 1094
1587844958609 1 1095
1587844968329 1 1096
1587844978050 1 1097
1587844987809 1 1098
1587844997603 1 1099
1587845007467 1 1100
1587845017266 1 1101
1587845027434 1 1102
1587845037188 1 1103
1587845046944 1 1104
1587845056670 1 1105
1587845066377 1 1106
1587845076161 1 1107
1587845085838 1 1108
1587845095541 1 1109
1587845105371 1 1110
1587845115235 1 1111
1587845124940 1 1112
1587845134671 1 1113
1587845144391 1 1114
1587845154141 1 1115
1587845163934 1 1116
1587845173657 1 1117
1587845183374 1 1118
1587845193084 1 1119
1587845203351 1 1120
1587845213074 1 1121
1587845222787 1 1122
1587845232483 1 1123
1587845242222 1 1124
1587845251919 1 1125
1587845261622 1 1126
1587845271295 1 1127
1587845281053 1 1128
1587845290779 1 1129
1587845300451 1 1130
1587845310150 1 1131
1587845319889 1 1132
1587845329592 1 1133
1587845339301 1 1134
1587845349049 1 1135
1587845358793 1 1136
1587845368509 1 1137
1587845378210 1 1138
1587845388407 1 1139
1587845398285 1 1140
1587845408102 1 1141
1587845417821 1 1142
1587845427531 1 1143
1587845437254 1 1144
1587845447069 1 1145
1587845456790 1 1146
1587845466609 1 1147
1587845476359 1 1148
1587845486155 1 1149
1587845495905 1 1150
1587845505682 1 1151
1587845515467 1 1152
1587845525333 1 1153
1587845535068 1 1154
1587845544787 1 1155
1587845554509 1 1156
1587845564672 1 1157
1587845574399 1 1158
1587845584155 1 1159
1587845594002 1 1160
1587845603763 1 1161
1587845613508 1 1162
1587845623238 1 1163
1587845632945 1 1164
1587845642711 1 1165
1587845652473 1 1166
1587845662176 1 1167
1587845671913 1 1168
1587845681614 1 1169
1587845691400 1 1170
1587845701082 1 1171
1587845710795 1 1172
1587845720445 1 1173
1587845730131 1 1174
1587845739801 1 1175
1587845749781 1 1176
1587845759447 1 1177
1587845769148 1 1178
1587845778830 1 1179
1587845788636 1 1180
1587845798276 1 1181
1587845808077 1 1182
1587845817766 1 1183
1587845827454 1 1184
1587845837207 1 1185
1587845846895 1 1186
1587845856686 1 1187
1587845866395 1 1188
1587845876083 1 1189
1587845885815 1 1190
1587845895573 1 1191
1587845905334 1 1192
1587845915108 1 1193
1587845925407 1 1194
1587845935200 1 1195
1587845944955 1 1196
1587845954706 1 1197
1587845964389 1 1198
1587845974086 1 1199
1587845984002 1 1200
1587845993785 1 1201
1587846003513 1 1202
1587846013187 1 1203
1587846023007 1 1204
1587846032781 1 1205
1587846042531 1 1206
1587846052278 1 1207
1587846062053 1 1208
1587846071792 1 1209
1587846081494 1 1210
1587846091235 1 1211
1587846101119 1 1212
1587846111082 1 1213
1587846120879 1 1214
1587846130671 1 1215
1587846140516 1 1216
1587846150313 1 1217
1587846160161 1 1218
1587846169857 1 1219
1587846179706 1 1220
1587846189512 1 1221
1587846199275 1 1222
1587846208942 1 1223
1587846218616 1 1224
1587846228245 1 1225
1587846237909 1 1226
1587846247614 1 1227
1587846257285 1 1228
1587846266912 1 1229
1587846276542 1 1230
1587846286416 1 1231
1587846296057 1 1232
1587846305774 1 1233
1587846315452 1 1234
1587846325107 1 1235
1587846334814 1 1236
1587846344531 1 1237
1587846354319 1 1238
1587846364139 1 1239
1587846374049 1 1240
1587846383685 1 1241
1587846393335 1 1242
1587846402985 1 1243
1587846412653 1 1244
1587846422380 1 1245
1587846432248 1 1246
1587846441980 1 1247
1587846451806 1 1248
1587846461727 1 1249
1587846471519 1 1250
1587846481205 1 1251
1587846490899 1 1252
1587846500564 1 1253
1587846510217 1 1254
1587846519862 1 1255
1587846529521 1 1256
1587846539155 1 1257
1587846548868 1 1258
1587846558582 1 1259
1587846568492 1 1260
1587846578156 1 1261
1587846587821 1 1262
1587846597467 1 1263
1587846607176 1 1264
1587846616839 1 1265
1587846626512 1 1266
1587846636180 1 1267
1587846646148 1 1268
1587846655816 1 1269
1587846665493 1 1270
1587846675134 1 1271
1587846684770 1 1272
1587846694387 1 1273
1587846704035 1 1274
1587846713739 1 1275
1587846723635 1 1276
1587846733494 1 1277
1587846743377 1 1278
1587846753360 1 1279
1587846763392 1 1280
1587846773305 1 1281
1587846783250 1 1282
1587846793014 1 1283
1587846802875 1 1284
1587846812746 1 1285
1587846822763 1 1286
1587846832430 1 1287
1587846842173 1 1288
1587846851967 1 1289
1587846861727 1 1290
1587846871356 1 1291
1587846880988 1 1292
1587846890640 1 1293
1587846900278 1 1294
1587846909986 1 1295
1587846919651 1 1296
1587846929356 1 1297
1587846939038 1 1298
1587846948686 1 1299
1587846958485 1 1300
1587846968609 1 1301
1587846978271 1 1302
1587846987911 1 1303
1587846997552 1 1304
1587847007733 1 1305
1587847017380 1 1306
1587847027052 1 1307
1587847036724 1 1308
1587847046390 1 1309
1587847056041 1 1310
1587847065680 1 1311
1587847075336 1 1312
1587847085029 1 1313
1587847094663 1 1314
1587847104327 1 1315
1587847113963 1 1316
1587847123577 1 1317
1587847133209 1 1318
1587847142900 1 1319
1587847152689 1 1320
1587847162335 1 1321
1587847171966 1 1322
1587847181962 1 1323
1587847191770 1 1324
1587847201422 1 1325
1587847211132 1 1326
1587847220817 1 1327
1587847230499 1 1328
1587847240149 1 1329
1587847249800 1 1330
1587847259425 1 1331
1587847269282 1 1332
1587847278956 1 1333
1587847288627 1 1334
1587847298308 1 1335
1587847308033 1 1336
1587847317789 1 1337
1587847327685 1 1338
1587847337361 1 1339
1587847347202 1 1340
1587847356925 1 1341
1587847366991 1 1342
1587847376615 1 1343
1587847386315 1 1344
1587847395985 1 1345
1587847405651 1 1346
1587847415359 1 1347
1587847425037 1 1348
1587847434686 1 1349
1587847444388 1 1350
1587847454044 1 1351
1587847463681 1 1352
1587847473326 1 1353
1587847482980 1 1354
1587847492645 1 1355
1587847502326 1 1356
1587847511989 1 1357
1587847521630 1 1358
1587847531294 1 1359
1587847541319 1 1360
1587847551215 1 1361
1587847560946 1 1362
1587847570769 1 1363
1587847580461 1 1364
1587847590119 1 1365
1587847599768 1 1366
1587847609411 1 1367
1587847619056 1 1368
1587847628766 1 1369
1587847638410 1 1370
1587847648075 1 1371
1587847657701 1 1372
1587847667345 1 1373
1587847677025 1 1374
1587847686740 1 1375
1587847696450 1 1376
1587847706215 1 1377
1587847715871 1 1378
1587847725867 1 1379
1587847735675 1 1380
1587847745409 1 1381
1587847755065 1 1382
1587847764711 1 1383
1587847774378 1 1384
1587847784056 1 1385
1587847793711 1 1386
1587847803423 1 1387
1587847813082 1 1388
1587847822768 1 1389
1587847832415 1 1390
1587847842051 1 1391
1587847851652 1 1392
1587847861275 1 1393
1587847870966 1 1394
1587847880613 1 1395
1587847890304 1 1396
1587847900006 1 1397
1587847910012 1 1398
1587847919642 1 1399
1587847929460 1 1400
1587847939174 1 1401
1587847948828 1 1402
1587847958496 1 1403
1587847968109 1 1404
1587847977765 1 1405
1587847987447 1 1406
1587847997090 1 1407
1587848006745 1 1408
1587848016459 1 1409
1587848026101 1 1410
1587848035730 1 1411
1587848045395 1 1412
1587848055040 1 1413
1587848064700 1 1414
1587848074302 1 1415
1587848084419 1 1416
1587848094049 1 1417
1587848103726 1 1418
1587848113371 1 1419
1587848123158 1 1420
1587848132812 1 1421
1587848142493 1 1422
1587848152157 1 1423
1587848161845 1 1424
1587848171691 1 1425
1587848181346 1 1426
1587848191012 1 1427
1587848200681 1 1428
1587848210350 1 1429
1587848220054 1 1430
1587848229872 1 1431
1587848239638 1 1432
1587848249297 1 1433
1587848259008 1 1434
1587848269060 1 1435
1587848278672 1 1436
1587848288352 1 1437
1587848297993 1 1438
1587848307640 1 1439
1587848317450 1 1440
1587848327091 1 1441
1587848336722 1 1442
1587848346395 1 1443
1587848356019 1 1444
1587848365676 1 1445
1587848375337 1 1446
1587848384998 1 1447
1587848394648 1 1448
1587848404386 1 1449
1587848414037 1 1450
1587848423706 1 1451
1587848433352 1 1452
1587848443517 1 1453
1587848453138 1 1454
1587848462848 1 1455
1587848472489 1 1456
1587848482121 1 1457
1587848491741 1 1458
1587848501409 1 1459
1587848511214 1 1460
1587848520860 1 1461
1587848530567 1 1462
1587848540196 1 1463
1587848549881 1 1464
1587848559521 1 1465
1587848569171 1 1466
1587848578816 1 1467
1587848588545 1 1468
1587848598310 1 1469
1587848607990 1 1470
1587848617642 1 1471
1587848627707 1 1472
1587848637355 1 1473
1587848647097 1 1474
1587848656863 1 1475
1587848666536 1 1476
1587848676182 1 1477
1587848685878 1 1478
1587848695531 1 1479
1587848705390 1 1480
1587848715025 1 1481
1587848724682 1 1482
1587848734322 1 1483
1587848743950 1 1484
1587848753602 1 1485
1587848763281 1 1486
1587848772900 1 1487
1587848782591 1 1488
1587848792224 1 1489
1587848802069 1 1490
1587848811791 1 1491
1587848821460 1 1492
1587848831127 1 1493
1587848840854 1 1494
1587848850522 1 1495
1587848860193 1 1496
1587848869896 1 1497
1587848879501 1 1498
1587848889172 1 1499
1587848898964 1 1500
1587848908672 1 1501
1587848918317 1 1502
1587848927957 1 1503
1587848937572 1 1504
1587848947245 1 1505
1587848956889 1 1506
1587848966509 1 1507
1587848976145 1 1508
1587848986179 1 1509
1587848995832 1 1510
1587849005494 1 1511
1587849015129 1 1512
1587849024757 1 1513
1587849034410 1 1514
1587849044065 1 1515
1587849053703 1 1516
1587849063434 1 1517
1587849073201 1 1518
1587849082855 1 1519
1587849092650 1 1520
1587849102315 1 1521
1587849111976 1 1522
1587849121689 1 1523
1587849131544 1 1524
1587849141257 1 1525
1587849150897 1 1526
1587849160697 1 1527
1587849170571 1 1528
1587849180183 1 1529
1587849189905 1 1530
1587849199543 1 1531
1587849209177 1 1532
1587849218841 1 1533
1587849228489 1 1534
1587849238166 1 1535
1587849247866 1 1536
1587849257526 1 1537
1587849267182 1 1538
1587849276827 1 1539
1587849286646 1 1540
1587849296297 1 1541
1587849306019 1 1542
1587849315707 1 1543
1587849325358 1 1544
1587849335006 1 1545
1587849345074 1 1546
1587849354728 1 1547
1587849364455 1 1548
1587849374159 1 1549
1587849383815 1 1550
1587849393465 1 1551
1587849403101 1 1552
1587849412771 1 1553
1587849422492 1 1554
1587849432163 1 1555
1587849441889 1 1556
1587849451598 1 1557
1587849461214 1 1558
1587849470869 1 1559
1587849480689 1 1560
1587849490390 1 1561
1587849500046 1 1562
1587849509681 1 1563
1587849519321 1 1564
1587849529430 1 1565
1587849539076 1 1566
1587849548792 1 1567
1587849558432 1 1568
1587849568073 1 1569
1587849577716 1 1570
1587849587337 1 1571
1587849596958 1 1572
1587849606661 1 1573
1587849616346 1 1574
1587849626052 1 1575
1587849635678 1 1576
1587849645316 1 1577
1587849654999 1 1578
1587849664807 1 1579
1587849674648 1 1580
1587849684286 1 1581
1587849693893 1 1582
1587849704051 1 1583
1587849713677 1 1584
1587849723372 1 1585
1587849733000 1 1586
1587849742633 1 1587
1587849752273 1 1588
1587849761887 1 1589
1587849771516 1 1590
1587849781141 1 1591
1587849790851 1 1592
1587849800506 1 1593
1587849810159 1 1594
1587849819797 1 1595
1587849829432 1 1596
1587849839090 1 1597
1587849848768 1 1598
1587849858418 1 1599
1587849868207 1 1600
1587849877928 1 1601
1587849887915 1 1602
1587849897551 1 1603
1587849907238 1 1604
1587849916899 1 1605
1587849926516 1 1606
1587849936163 1 1607
1587849945819 1 1608
1587849955514 1 1609
1587849965398 1 1610
1587849975181 1 1611
1587849984847 1 1612
1587849994504 1 1613
1587850004153 1 1614
1587850013787 1 1615
1587850023505 1 1616
1587850033244 1 1617
1587850042892 1 1618
1587850052555 1 1619
1587850062778 1 1620
1587850072410 1 1621
1587850082058 1 1622
1587850091723 1 1623
1587850101373 1 1624
1587850110997 1 1625
1587850120608 1 1626
1587850130260 1 1627
1587850139877 1 1628
1587850149572 1 1629
1587850159191 1 1630
1587850168809 1 1631
1587850178445 1 1632
1587850188095 1 1633
1587850197737 1 1634
1587850207491 1 1635
1587850217155 1 1636
1587850226818 1 1637
1587850236455 1 1638
1587850246509 1 1639
1587850256292 1 1640
1587850265963 1 1641
1587850275617 1 1642
1587850285307 1 1643
1587850295030 1 1644
1587850304652 1 1645
1587850314330 1 1646
1587850324091 1 1647
1587850333851 1 1648
1587850343745 1 1649
1587850353603 1 1650
1587850363509 1 1651
1587850373367 1 1652
1587850383218 1 1653
1587850392922 1 1654
1587850402783 1 1655
1587850412642 1 1656
1587850422821 1 1657
1587850432611 1 1658
1587850442469 1 1659
1587850452415 1 1660
1587850462260 1 1661
1587850471921 1 1662
1587850481579 1 1663
1587850491218 1 1664
1587850500880 1 1665
1587850510636 1 1666
1587850520321 1 1667
1587850529971 1 1668
1587850539606 1 1669
1587850549264 1 1670
1587850558890 1 1671
1587850568625 1 1672
1587850578301 1 1673
1587850587945 1 1674
1587850597609 1 1675
1587850607691 1 1676
1587850617357 1 1677
1587850627052 1 1678
1587850636704 1 1679
1587850646510 1 1680
1587850656165 1 1681
1587850665808 1 1682
1587850675451 1 1683
1587850685203 1 1684
1587850694864 1 1685
1587850704540 1 1686
1587850714224 1 1687
1587850723877 1 1688
1587850733541 1 1689
1587850743317 1 1690
1587850753030 1 1691
1587850762738 1 1692
1587850772514 1 1693
1587850782493 1 1694
1587850792146 1 1695
1587850801829 1 1696
1587850811550 1 1697
1587850821237 1 1698
1587850830905 1 1699
1587850840708 1 1700
1587850850445 1 1701
1587850860124 1 1702
1587850870064 1 1703
1587850879747 1 1704
1587850889441 1 1705
1587850899149 1 1706
1587850908839 1 1707
1587850918516 1 1708
1587850928370 1 1709
1587850938063 1 1710
1587850947704 1 1711
1587850957334 1 1712
1587850967327 1 1713
1587850976968 1 1714
1587850986651 1 1715
1587850996304 1 1716
1587851005969 1 1717
1587851015639 1 1718
1587851025456 1 1719
1587851035315 1 1720
1587851045018 1 1721
1587851054734 1 1722
1587851064415 1 1723
1587851074078 1 1724
1587851083783 1 1725
1587851093463 1 1726
1587851103182 1 1727
1587851112881 1 1728
1587851122546 1 1729
1587851132216 1 1730
1587851142277 1 1731
1587851152026 1 1732
1587851161727 1 1733
1587851171491 1 1734
1587851181193 1 1735
1587851190894 1 1736
1587851200563 1 1737
1587851210289 1 1738
1587851219997 1 1739
1587851229923 1 1740
1587851239656 1 1741
1587851249526 1 1742
1587851259193 1 1743
1587851268897 1 1744
1587851278624 1 1745
1587851288486 1 1746
1587851298234 1 1747
1587851307973 1 1748
1587851317720 1 1749
1587851327742 1 1750
1587851337457 1 1751
1587851347275 1 1752
1587851357157 1 1753
1587851366978 1 1754
1587851376716 1 1755
1587851386468 1 1756
1587851396152 1 1757
1587851405915 1 1758
1587851415595 1 1759
1587851425402 1 1760
1587851435118 1 1761
1587851444930 1 1762
1587851454728 1 1763
1587851464505 1 1764
1587851474265 1 1765
1587851484045 1 1766
1587851493812 1 1767
1587851503819 1 1768
1587851513554 1 1769
1587851523340 1 1770
1587851533126 1 1771
1587851542953 1 1772
1587851552679 1 1773
1587851562521 1 1774
1587851572325 1 1775
1587851581989 1 1776
1587851591674 1 1777
1587851601469 1 1778
1587851611111 1 1779
1587851620903 1 1780
1587851630543 1 1781
1587851640301 1 1782
1587851650041 1 1783
1587851659723 1 1784
1587851669450 1 1785
1587851679107 1 1786
1587851689188 1 1787
