1588008389433 1001 1
1588008393693 1001 2
1588008397936 1001 3
1588008402082 1001 4
1588008406251 1001 5
1588008410402 1001 6
1588008414562 1001 7
1588008418747 1001 8
1588008423059 1001 9
1588008427360 1001 10
1588008431594 1001 11
1588008436060 1001 12
1588008440558 1001 13
1588008444737 1001 14
1588008448968 1001 15
1588008453135 1001 16
1588008457347 1001 17
1588008461622 1001 18
1588008465824 1001 19
1588008470071 1001 20
1588008474321 1001 21
1588008478522 1001 22
1588008482836 1001 23
1588008487067 1001 24
1588008491255 1001 25
1588008495435 1001 26
1588008499618 1001 27
1588008503801 1001 28
1588008507978 1001 29
1588008512147 1001 30
1588008516408 1001 31
1588008520694 1001 32
1588008524902 1001 33
1588008529115 1001 34
1588008533332 1001 35
1588008537540 1001 36
1588008541777 1001 37
1588008546004 1001 38
1588008550242 1001 39
1588008554492 1001 40
1588008558727 1001 41
1588008563035 1001 42
1588008567427 1001 43
1588008571804 1001 44
1588008576132 1001 45
1588008580440 1001 46
1588008584708 1001 47
1588008589005 1001 48
1588008593247 1001 49
1588008597618 1001 50
1588008601998 1001 51
1588008606355 1001 52
1588008610724 1001 53
1588008615152 1001 54
1588008619782 1001 55
1588008624018 1001 56
1588008628252 1001 57
1588008632477 1001 58
1588008636720 1001 59
1588008641019 1001 60
1588008645260 1001 61
1588008649508 1001 62
1588008653856 1001 63
1588008658192 1001 64
1588008662573 1001 65
1588008666850 1001 66
1588008671223 1001 67
1588008675597 1001 68
1588008679969 1001 69
1588008684314 1001 70
1588008688662 1001 71
1588008693029 1001 72
1588008697398 1001 73
1588008701739 1001 74
1588008706105 1001 75
1588008710394 1001 76
1588008714681 1001 77
1588008718998 1001 78
1588008723374 1001 79
1588008727724 1001 80
1588008732058 1001 81
1588008736350 1001 82
1588008740635 1001 83
1588008744933 1001 84
1588008749319 1001 85
1588008753611 1001 86
1588008757875 1001 87
1588008762138 1001 88
1588008766455 1001 89
1588008770855 1001 90
1588008775192 1001 91
1588008779578 1001 92
1588008783908 1001 93
1588008788269 1001 94
1588008792710 1001 95
1588008797676 1001 96
1588008801994 1001 97
1588008806269 1001 98
1588008810569 1001 99
1588008814891 1001 100
1588008819212 1001 101
1588008823539 1001 102
1588008827860 1001 103
1588008832170 1001 104
1588008836490 1001 105
1588008840805 1001 106
1588008845156 1001 107
1588008849489 1001 108
1588008853880 1001 109
1588008858251 1001 110
1588008862611 1001 111
1588008866970 1001 112
1588008871448 1001 113
1588008875834 1001 114
1588008880195 1001 115
1588008884532 1001 116
1588008888865 1001 117
1588008893336 1001 118
1588008897852 1001 119
1588008902484 1001 120
1588008906959 1001 121
1588008911346 1001 122
1588008915751 1001 123
1588008920278 1001 124
1588008924669 1001 125
1588008929000 1001 126
1588008933361 1001 127
1588008937699 1001 128
1588008942106 1001 129
1588008946560 1001 130
1588008951114 1001 131
1588008955498 1001 132
1588008959871 1001 133
1588008964262 1001 134
1588008968597 1001 135
1588008972922 1001 136
1588008977718 1001 137
1588008982029 1001 138
1588008986335 1001 139
1588008990677 1001 140
1588008995034 1001 141
1588008999396 1001 142
1588009003754 1001 143
1588009008176 1001 144
1588009012593 1001 145
1588009016964 1001 146
1588009021309 1001 147
1588009025690 1001 148
1588009030063 1001 149
1588009034475 1001 150
1588009038912 1001 151
1588009043371 1001 152
1588009047818 1001 153
1588009052244 1001 154
1588009056679 1001 155
1588009061104 1001 156
1588009065479 1001 157
1588009069847 1001 158
1588009074295 1001 159
1588009078667 1001 160
1588009083185 1001 161
1588009087655 1001 162
1588009092077 1001 163
1588009096408 1001 164
1588009100828 1001 165
1588009105169 1001 166
1588009109530 1001 167
1588009113993 1001 168
1588009118363 1001 169
1588009122740 1001 170
1588009127133 1001 171
1588009131504 1001 172
1588009135886 1001 173
1588009140282 1001 174
1588009144648 1001 175
1588009148965 1001 176
1588009153272 1001 177
1588009158139 1001 178
1588009162453 1001 179
1588009166793 1001 180
1588009171201 1001 181
1588009175578 1001 182
1588009179969 1001 183
1588009184420 1001 184
1588009188733 1001 185
1588009193077 1001 186
1588009197479 1001 187
1588009201860 1001 188
1588009206272 1001 189
1588009210741 1001 190
1588009215340 1001 191
1588009219850 1001 192
1588009224350 1001 193
1588009228845 1001 194
1588009233358 1001 195
1588009237853 1001 196
1588009242350 1001 197
1588009246808 1001 198
1588009251242 1001 199
1588009255592 1001 200
1588009259963 1001 201
1588009264503 1001 202
1588009269074 1001 203
1588009273575 1001 204
1588009278054 1001 205
1588009282436 1001 206
1588009286833 1001 207
1588009291323 1001 208
1588009295784 1001 209
1588009300223 1001 210
1588009304653 1001 211
1588009309137 1001 212
1588009313704 1001 213
1588009318253 1001 214
1588009322787 1001 215
1588009327272 1001 216
1588009331781 1001 217
1588009336635 1001 218
1588009341154 1001 219
1588009345503 1001 220
1588009349810 1001 221
1588009354134 1001 222
1588009358454 1001 223
1588009362753 1001 224
1588009367063 1001 225
1588009371371 1001 226
1588009375719 1001 227
1588009380089 1001 228
1588009384531 1001 229
1588009388901 1001 230
1588009393408 1001 231
1588009397793 1001 232
1588009402139 1001 233
1588009406457 1001 234
1588009410783 1001 235
1588009415133 1001 236
1588009419614 1001 237
1588009424129 1001 238
1588009428664 1001 239
1588009433111 1001 240
1588009437471 1001 241
1588009441933 1001 242
1588009446407 1001 243
1588009450856 1001 244
1588009455357 1001 245
1588009459809 1001 246
1588009464179 1001 247
1588009468560 1001 248
1588009473025 1001 249
1588009477411 1001 250
1588009481804 1001 251
1588009486259 1001 252
1588009490727 1001 253
1588009495081 1001 254
1588009499397 1001 255
1588009503781 1001 256
1588009508107 1001 257
1588009512423 1001 258
1588009517258 1001 259
1588009521608 1001 260
1588009525930 1001 261
1588009530240 1001 262
1588009534554 1001 263
1588009538876 1001 264
1588009543202 1001 265
1588009547594 1001 266
1588009551906 1001 267
1588009556216 1001 268
1588009560564 1001 269
1588009564975 1001 270
1588009569436 1001 271
1588009573821 1001 272
1588009578209 1001 273
1588009582569 1001 274
1588009586971 1001 275
1588009591412 1001 276
1588009595901 1001 277
1588009600261 1001 278
1588009604598 1001 279
1588009608957 1001 280
1588009613302 1001 281
1588009617637 1001 282
1588009622014 1001 283
1588009626390 1001 284
1588009630892 1001 285
1588009635404 1001 286
1588009639941 1001 287
1588009644426 1001 288
1588009648859 1001 289
1588009653332 1001 290
1588009657773 1001 291
1588009662218 1001 292
1588009666677 1001 293
1588009671173 1001 294
1588009675705 1001 295
1588009680157 1001 296
1588009684686 1001 297
1588009689130 1001 298
1588009693667 1001 299
1588009698729 1001 300
1588009703278 1001 301
1588009707777 1001 302
1588009712292 1001 303
1588009716765 1001 304
1588009721270 1001 305
1588009725775 1001 306
1588009730167 1001 307
1588009734494 1001 308
1588009738857 1001 309
1588009743283 1001 310
1588009747599 1001 311
1588009751915 1001 312
1588009756311 1001 313
1588009760751 1001 314
1588009765168 1001 315
1588009769472 1001 316
1588009773789 1001 317
1588009778097 1001 318
1588009782413 1001 319
1588009786746 1001 320
1588009791056 1001 321
1588009795446 1001 322
1588009799891 1001 323
1588009804342 1001 324
1588009808806 1001 325
1588009813237 1001 326
1588009817577 1001 327
1588009821894 1001 328
1588009826177 1001 329
1588009830476 1001 330
1588009834784 1001 331
1588009839153 1001 332
1588009843467 1001 333
1588009847829 1001 334
1588009852191 1001 335
1588009856605 1001 336
1588009861037 1001 337
1588009865477 1001 338
1588009869812 1001 339
1588009874135 1001 340
1588009879071 1001 341
1588009883374 1001 342
1588009887702 1001 343
1588009892024 1001 344
1588009896410 1001 345
1588009900707 1001 346
1588009905122 1001 347
1588009909532 1001 348
1588009913975 1001 349
1588009918430 1001 350
1588009922920 1001 351
1588009927350 1001 352
1588009931769 1001 353
1588009936193 1001 354
1588009940516 1001 355
1588009944875 1001 356
1588009949246 1001 357
1588009953566 1001 358
1588009957883 1001 359
1588009962220 1001 360
1588009966518 1001 361
1588009970906 1001 362
1588009975356 1001 363
1588009979749 1001 364
1588009984094 1001 365
1588009988435 1001 366
1588009992921 1001 367
1588009997394 1001 368
1588010001851 1001 369
1588010006188 1001 370
1588010010478 1001 371
1588010014759 1001 372
1588010019048 1001 373
1588010023339 1001 374
1588010027655 1001 375
1588010031981 1001 376
1588010036298 1001 377
1588010040666 1001 378
1588010045093 1001 379
1588010049428 1001 380
1588010053834 1001 381
1588010058725 1001 382
1588010063025 1001 383
1588010067324 1001 384
1588010071651 1001 385
1588010075981 1001 386
1588010080295 1001 387
1588010084587 1001 388
1588010088875 1001 389
1588010093214 1001 390
1588010097568 1001 391
1588010101998 1001 392
1588010106428 1001 393
1588010110831 1001 394
1588010115169 1001 395
1588010119582 1001 396
1588010123900 1001 397
1588010128204 1001 398
1588010132585 1001 399
1588010137033 1001 400
1588010141498 1001 401
1588010145802 1001 402
1588010150098 1001 403
1588010154407 1001 404
1588010158718 1001 405
1588010163105 1001 406
1588010167617 1001 407
1588010172017 1001 408
1588010176414 1001 409
1588010180933 1001 410
1588010185437 1001 411
1588010189849 1001 412
1588010194317 1001 413
1588010198803 1001 414
1588010203119 1001 415
1588010207423 1001 416
1588010211815 1001 417
1588010216186 1001 418
1588010220512 1001 419
1588010224881 1001 420
1588010229210 1001 421
1588010233538 1001 422
1588010238390 1001 423
1588010242696 1001 424
1588010247026 1001 425
1588010251439 1001 426
1588010255791 1001 427
1588010260143 1001 428
1588010264510 1001 429
1588010268885 1001 430
1588010273271 1001 431
1588010277644 1001 432
1588010282002 1001 433
1588010286341 1001 434
1588010290688 1001 435
1588010295018 1001 436
1588010299359 1001 437
1588010303723 1001 438
1588010308069 1001 439
1588010312531 1001 440
1588010316928 1001 441
1588010321497 1001 442
1588010326135 1001 443
1588010330649 1001 444
1588010335036 1001 445
1588010339347 1001 446
1588010343714 1001 447
1588010348046 1001 448
1588010352558 1001 449
1588010357057 1001 450
1588010361481 1001 451
1588010365806 1001 452
1588010370126 1001 453
1588010374436 1001 454
1588010378796 1001 455
1588010383130 1001 456
1588010387475 1001 457
1588010391813 1001 458
1588010396199 1001 459
1588010400551 1001 460
1588010404963 1001 461
1588010409427 1001 462
1588010413813 1001 463
1588010418777 1001 464
1588010423249 1001 465
1588010427617 1001 466
1588010432060 1001 467
1588010436627 1001 468
1588010441112 1001 469
1588010445539 1001 470
1588010449909 1001 471
1588010454295 1001 472
1588010458839 1001 473
1588010463385 1001 474
1588010467762 1001 475
1588010472178 1001 476
1588010476685 1001 477
1588010481125 1001 478
1588010485606 1001 479
1588010490107 1001 480
1588010494510 1001 481
1588010498963 1001 482
1588010503413 1001 483
1588010507770 1001 484
1588010512214 1001 485
1588010516548 1001 486
1588010520950 1001 487
1588010525458 1001 488
1588010529974 1001 489
1588010534459 1001 490
1588010538794 1001 491
1588010543228 1001 492
1588010547662 1001 493
1588010552071 1001 494
1588010556471 1001 495
1588010560811 1001 496
1588010565134 1001 497
1588010569569 1001 498
1588010574039 1001 499
1588010578503 1001 500
1588010583051 1001 501
1588010587538 1001 502
1588010592007 1001 503
1588010596791 1001 504
1588010601403 1001 505
1588010605845 1001 506
1588010610184 1001 507
1588010614495 1001 508
1588010618808 1001 509
1588010623173 1001 510
1588010627509 1001 511
1588010631944 1001 512
1588010636362 1001 513
1588010640769 1001 514
1588010645221 1001 515
1588010649539 1001 516
1588010653851 1001 517
1588010658237 1001 518
1588010662550 1001 519
1588010666857 1001 520
1588010671165 1001 521
1588010675480 1001 522
1588010679783 1001 523
1588010684087 1001 524
1588010688399 1001 525
1588010692697 1001 526
1588010697041 1001 527
1588010701446 1001 528
1588010705865 1001 529
1588010710249 1001 530
1588010714588 1001 531
1588010719017 1001 532
1588010723486 1001 533
1588010727963 1001 534
1588010732369 1001 535
1588010736816 1001 536
1588010741254 1001 537
1588010745642 1001 538
1588010749978 1001 539
1588010754303 1001 540
1588010758626 1001 541
1588010762961 1001 542
1588010767258 1001 543
1588010771560 1001 544
1588010776203 1001 545
1588010780727 1001 546
1588010785016 1001 547
1588010789351 1001 548
1588010793786 1001 549
1588010798278 1001 550
1588010802708 1001 551
1588010807183 1001 552
1588010811532 1001 553
1588010815933 1001 554
1588010820360 1001 555
1588010824884 1001 556
1588010829377 1001 557
1588010833854 1001 558
1588010838267 1001 559
1588010842583 1001 560
1588010847002 1001 561
1588010851374 1001 562
1588010855680 1001 563
1588010859976 1001 564
1588010864307 1001 565
1588010868606 1001 566
1588010872899 1001 567
1588010877191 1001 568
1588010881493 1001 569
1588010885835 1001 570
1588010890138 1001 571
1588010894540 1001 572
1588010898826 1001 573
1588010903123 1001 574
1588010907435 1001 575
1588010911722 1001 576
1588010916018 1001 577
1588010920315 1001 578
1588010924608 1001 579
1588010928899 1001 580
1588010933191 1001 581
1588010937550 1001 582
1588010941860 1001 583
1588010946180 1001 584
1588010950485 1001 585
1588010954918 1001 586
1588010959630 1001 587
1588010963920 1001 588
1588010968286 1001 589
1588010972750 1001 590
1588010977171 1001 591
1588010981538 1001 592
1588010985946 1001 593
1588010990287 1001 594
1588010994598 1001 595
1588010998897 1001 596
1588011003240 1001 597
1588011007547 1001 598
1588011011857 1001 599
1588011016213 1001 600
1588011020690 1001 601
1588011025134 1001 602
1588011029601 1001 603
1588011034082 1001 604
1588011038539 1001 605
1588011043016 1001 606
1588011047374 1001 607
1588011051722 1001 608
1588011056058 1001 609
1588011060508 1001 610
1588011065059 1001 611
1588011069521 1001 612
1588011073936 1001 613
1588011078259 1001 614
1588011082675 1001 615
1588011087098 1001 616
1588011091425 1001 617
1588011095842 1001 618
1588011100140 1001 619
1588011104468 1001 620
1588011108827 1001 621
1588011113222 1001 622
1588011117683 1001 623
1588011122183 1001 624
1588011126577 1001 625
1588011130874 1001 626
1588011135360 1001 627
1588011140024 1001 628
1588011144417 1001 629
1588011148860 1001 630
1588011153300 1001 631
1588011157662 1001 632
1588011161973 1001 633
1588011166269 1001 634
1588011170571 1001 635
1588011174854 1001 636
1588011179163 1001 637
1588011183524 1001 638
1588011187856 1001 639
1588011192189 1001 640
1588011196490 1001 641
1588011200789 1001 642
1588011205082 1001 643
1588011209379 1001 644
1588011213747 1001 645
1588011218165 1001 646
1588011222618 1001 647
1588011227063 1001 648
1588011231412 1001 649
1588011235848 1001 650
1588011240221 1001 651
1588011244545 1001 652
1588011248839 1001 653
1588011253255 1001 654
1588011257616 1001 655
1588011261902 1001 656
1588011266194 1001 657
1588011270614 1001 658
1588011274940 1001 659
1588011279227 1001 660
1588011283516 1001 661
1588011287813 1001 662
1588011292096 1001 663
1588011296396 1001 664
1588011300843 1001 665
1588011305176 1001 666
1588011309468 1001 667
1588011313766 1001 668
1588011318690 1001 669
1588011322998 1001 670
1588011327392 1001 671
1588011331687 1001 672
1588011336054 1001 673
1588011340490 1001 674
1588011344902 1001 675
1588011349338 1001 676
1588011353708 1001 677
1588011357993 1001 678
1588011362313 1001 679
1588011366617 1001 680
1588011370930 1001 681
1588011375291 1001 682
1588011379580 1001 683
1588011383866 1001 684
1588011388158 1001 685
1588011392438 1001 686
1588011396744 1001 687
1588011401109 1001 688
1588011405569 1001 689
1588011410053 1001 690
1588011414484 1001 691
1588011418789 1001 692
1588011423160 1001 693
1588011427542 1001 694
1588011431845 1001 695
1588011436132 1001 696
1588011440422 1001 697
1588011444710 1001 698
1588011448998 1001 699
1588011453345 1001 700
1588011457779 1001 701
1588011462186 1001 702
1588011466597 1001 703
1588011471012 1001 704
1588011475453 1001 705
1588011479829 1001 706
1588011484146 1001 707
1588011488438 1001 708
1588011492734 1001 709
1588011497543 1001 710
1588011501843 1001 711
1588011506139 1001 712
1588011510434 1001 713
1588011514718 1001 714
1588011519001 1001 715
1588011523298 1001 716
1588011527624 1001 717
1588011532037 1001 718
1588011536337 1001 719
1588011540633 1001 720
1588011545093 1001 721
1588011549522 1001 722
1588011553887 1001 723
1588011558265 1001 724
1588011562566 1001 725
1588011566884 1001 726
1588011571217 1001 727
1588011575577 1001 728
1588011579976 1001 729
1588011584379 1001 730
1588011588781 1001 731
1588011593239 1001 732
1588011597667 1001 733
1588011602139 1001 734
1588011606571 1001 735
1588011610909 1001 736
1588011615306 1001 737
1588011619666 1001 738
1588011623984 1001 739
1588011628406 1001 740
1588011632821 1001 741
1588011637204 1001 742
1588011641649 1001 743
1588011646111 1001 744
1588011650538 1001 745
1588011654898 1001 746
1588011659179 1001 747
1588011663630 1001 748
1588011668266 1001 749
1588011673231 1001 750
1588011678728 1001 751
1588011683798 1001 752
1588011688852 1001 753
1588011693814 1001 754
1588011698817 1001 755
1588011703291 1001 756
1588011707813 1001 757
1588011712471 1001 758
1588011717060 1001 759
1588011721530 1001 760
1588011726119 1001 761
1588011730800 1001 762
1588011735507 1001 763
1588011740102 1001 764
1588011744592 1001 765
1588011749165 1001 766
1588011753807 1001 767
1588011758406 1001 768
1588011762894 1001 769
1588011767417 1001 770
1588011771956 1001 771
1588011776420 1001 772
1588011780909 1001 773
1588011785432 1001 774
1588011789908 1001 775
1588011794387 1001 776
1588011798889 1001 777
1588011803383 1001 778
1588011807847 1001 779
1588011812351 1001 780
1588011816924 1001 781
1588011821451 1001 782
1588011825942 1001 783
1588011830404 1001 784
1588011834885 1001 785
1588011839307 1001 786
1588011843639 1001 787
1588011848027 1001 788
1588011852465 1001 789
1588011857464 1001 790
1588011861848 1001 791
1588011866162 1001 792
1588011870539 1001 793
1588011874829 1001 794
1588011879128 1001 795
1588011883488 1001 796
1588011887919 1001 797
1588011892359 1001 798
1588011896764 1001 799
1588011901097 1001 800
1588011905601 1001 801
1588011910025 1001 802
1588011914413 1001 803
1588011918816 1001 804
1588011923143 1001 805
1588011927489 1001 806
1588011931867 1001 807
1588011936256 1001 808
1588011940641 1001 809
1588011944939 1001 810
1588011949249 1001 811
1588011953625 1001 812
1588011958022 1001 813
1588011962519 1001 814
1588011966986 1001 815
1588011971319 1001 816
1588011975602 1001 817
1588011979891 1001 818
1588011984208 1001 819
1588011988598 1001 820
1588011992898 1001 821
1588011997223 1001 822
1588012001533 1001 823
1588012005810 1001 824
1588012010102 1001 825
1588012014462 1001 826
1588012018887 1001 827
1588012023361 1001 828
1588012027764 1001 829
1588012032080 1001 830
1588012036785 1001 831
1588012041201 1001 832
1588012045588 1001 833
1588012049996 1001 834
1588012054469 1001 835
1588012058884 1001 836
1588012063210 1001 837
1588012067495 1001 838
1588012071896 1001 839
1588012076317 1001 840
1588012080796 1001 841
1588012085270 1001 842
1588012089700 1001 843
1588012094111 1001 844
1588012098528 1001 845
1588012102964 1001 846
1588012107407 1001 847
1588012111784 1001 848
1588012116088 1001 849
1588012120485 1001 850
1588012124834 1001 851
1588012129199 1001 852
1588012133625 1001 853
1588012137908 1001 854
1588012142226 1001 855
1588012146527 1001 856
1588012150953 1001 857
1588012155367 1001 858
1588012159790 1001 859
1588012164184 1001 860
1588012168468 1001 861
1588012172749 1001 862
1588012177031 1001 863
1588012181305 1001 864
1588012185594 1001 865
1588012189880 1001 866
1588012194214 1001 867
1588012198569 1001 868
1588012202908 1001 869
1588012207222 1001 870
1588012211525 1001 871
1588012216173 1001 872
1588012220735 1001 873
1588012225169 1001 874
1588012229624 1001 875
1588012233974 1001 876
1588012238253 1001 877
1588012242572 1001 878
1588012247003 1001 879
1588012251438 1001 880
1588012255809 1001 881
1588012260208 1001 882
1588012264596 1001 883
1588012268988 1001 884
1588012273417 1001 885
1588012277791 1001 886
1588012282181 1001 887
1588012286491 1001 888
1588012290881 1001 889
1588012295297 1001 890
1588012299678 1001 891
1588012304025 1001 892
1588012308457 1001 893
1588012312858 1001 894
1588012317202 1001 895
1588012321605 1001 896
1588012325954 1001 897
1588012330245 1001 898
1588012334536 1001 899
1588012338811 1001 900
1588012343146 1001 901
1588012347454 1001 902
1588012351801 1001 903
1588012356215 1001 904
1588012360533 1001 905
1588012364830 1001 906
1588012369277 1001 907
1588012373607 1001 908
1588012377904 1001 909
1588012382241 1001 910
1588012386569 1001 911
1588012390979 1001 912
1588012395651 1001 913
1588012400327 1001 914
1588012404788 1001 915
1588012409220 1001 916
1588012413554 1001 917
1588012417968 1001 918
1588012422381 1001 919
1588012426788 1001 920
1588012431216 1001 921
1588012435618 1001 922
1588012439920 1001 923
1588012444320 1001 924
1588012448706 1001 925
1588012453008 1001 926
1588012457310 1001 927
1588012461680 1001 928
1588012465992 1001 929
1588012470333 1001 930
1588012474734 1001 931
1588012479141 1001 932
1588012483417 1001 933
1588012487709 1001 934
1588012492059 1001 935
1588012496504 1001 936
1588012500955 1001 937
1588012505451 1001 938
1588012509883 1001 939
1588012514273 1001 940
1588012518708 1001 941
1588012523053 1001 942
1588012527352 1001 943
1588012531639 1001 944
1588012536044 1001 945
1588012540530 1001 946
1588012544976 1001 947
1588012549291 1001 948
1588012553636 1001 949
1588012558032 1001 950
1588012562491 1001 951
1588012566878 1001 952
1588012571346 1001 953
1588012576141 1001 954
1588012580841 1001 955
1588012585222 1001 956
1588012589649 1001 957
1588012594051 1001 958
1588012598430 1001 959
1588012602784 1001 960
1588012607174 1001 961
1588012611533 1001 962
1588012615938 1001 963
1588012620327 1001 964
1588012624782 1001 965
1588012629216 1001 966
1588012633681 1001 967
1588012638123 1001 968
1588012642578 1001 969
1588012647053 1001 970
1588012651510 1001 971
1588012655968 1001 972
1588012660431 1001 973
1588012664867 1001 974
1588012669201 1001 975
1588012673535 1001 976
1588012677863 1001 977
1588012682235 1001 978
1588012686610 1001 979
1588012691049 1001 980
1588012695456 1001 981
1588012699811 1001 982
1588012704152 1001 983
1588012708510 1001 984
1588012712849 1001 985
1588012717177 1001 986
1588012721506 1001 987
1588012725876 1001 988
1588012730196 1001 989
1588012734568 1001 990
1588012738886 1001 991
1588012743241 1001 992
1588012747568 1001 993
1588012752009 1001 994
1588012756730 1001 995
1588012761176 1001 996
1588012765521 1001 997
1588012769859 1001 998
1588012774327 1001 999
1588012778780 1001 1000
1588012783273 1001 1001
1588012787749 1001 1002
1588012792246 1001 1003
1588012796807 1001 1004
1588012801355 1001 1005
1588012805988 1001 1006
1588012810538 1001 1007
1588012815013 1001 1008
1588012819384 1001 1009
1588012823731 1001 1010
1588012828076 1001 1011
1588012832417 1001 1012
1588012836746 1001 1013
1588012841072 1001 1014
1588012845419 1001 1015
1588012849742 1001 1016
1588012854072 1001 1017
1588012858495 1001 1018
1588012862917 1001 1019
1588012867503 1001 1020
1588012872035 1001 1021
1588012876526 1001 1022
1588012881012 1001 1023
1588012885505 1001 1024
1588012890044 1001 1025
1588012894594 1001 1026
1588012899090 1001 1027
1588012903623 1001 1028
1588012908195 1001 1029
1588012912795 1001 1030
1588012917389 1001 1031
1588012921888 1001 1032
1588012926367 1001 1033
1588012930862 1001 1034
1588012935603 1001 1035
1588012940394 1001 1036
1588012944860 1001 1037
1588012949376 1001 1038
1588012953815 1001 1039
1588012958170 1001 1040
1588012962585 1001 1041
1588012967012 1001 1042
1588012971398 1001 1043
1588012975808 1001 1044
1588012980182 1001 1045
1588012984556 1001 1046
1588012988946 1001 1047
1588012993454 1001 1048
1588012997942 1001 1049
1588013002302 1001 1050
1588013006695 1001 1051
1588013011173 1001 1052
1588013015659 1001 1053
1588013020098 1001 1054
1588013024492 1001 1055
1588013028963 1001 1056
1588013033504 1001 1057
1588013038015 1001 1058
1588013042547 1001 1059
1588013047118 1001 1060
1588013051680 1001 1061
1588013056174 1001 1062
1588013060628 1001 1063
1588013065083 1001 1064
1588013069476 1001 1065
1588013073873 1001 1066
1588013078189 1001 1067
1588013082612 1001 1068
1588013087050 1001 1069
1588013091510 1001 1070
1588013095913 1001 1071
1588013100334 1001 1072
1588013104801 1001 1073
1588013109194 1001 1074
1588013113598 1001 1075
1588013118625 1001 1076
1588013123064 1001 1077
1588013127402 1001 1078
1588013131691 1001 1079
1588013135993 1001 1080
1588013140281 1001 1081
1588013144586 1001 1082
1588013148872 1001 1083
1588013153300 1001 1084
1588013157673 1001 1085
1588013161998 1001 1086
1588013166303 1001 1087
1588013170625 1001 1088
1588013174991 1001 1089
1588013179462 1001 1090
1588013183910 1001 1091
1588013188224 1001 1092
1588013192515 1001 1093
1588013196881 1001 1094
1588013201174 1001 1095
1588013205454 1001 1096
1588013209819 1001 1097
1588013214113 1001 1098
1588013218480 1001 1099
1588013222925 1001 1100
1588013227358 1001 1101
1588013231642 1001 1102
1588013236038 1001 1103
1588013240470 1001 1104
1588013244885 1001 1105
1588013249219 1001 1106
1588013253615 1001 1107
1588013257906 1001 1108
1588013262279 1001 1109
1588013266631 1001 1110
1588013270938 1001 1111
1588013275253 1001 1112
1588013279634 1001 1113
1588013284114 1001 1114
1588013288586 1001 1115
1588013293058 1001 1116
1588013298089 1001 1117
1588013302597 1001 1118
1588013307010 1001 1119
1588013311390 1001 1120
1588013315785 1001 1121
1588013320239 1001 1122
1588013324725 1001 1123
1588013329212 1001 1124
1588013333709 1001 1125
1588013338147 1001 1126
1588013342583 1001 1127
1588013346962 1001 1128
1588013351419 1001 1129
1588013355802 1001 1130
1588013360103 1001 1131
1588013364409 1001 1132
1588013368731 1001 1133
1588013373150 1001 1134
1588013377505 1001 1135
1588013381799 1001 1136
1588013386150 1001 1137
1588013390497 1001 1138
1588013394823 1001 1139
1588013399239 1001 1140
1588013403612 1001 1141
1588013407950 1001 1142
1588013412344 1001 1143
1588013416663 1001 1144
1588013420981 1001 1145
1588013425303 1001 1146
1588013429618 1001 1147
1588013433922 1001 1148
1588013438251 1001 1149
1588013442708 1001 1150
1588013447162 1001 1151
1588013451632 1001 1152
1588013456056 1001 1153
1588013460372 1001 1154
1588013464823 1001 1155
1588013469157 1001 1156
1588013473455 1001 1157
1588013478409 1001 1158
1588013482803 1001 1159
1588013487228 1001 1160
1588013491576 1001 1161
1588013495868 1001 1162
1588013500257 1001 1163
1588013504635 1001 1164
1588013509049 1001 1165
1588013513507 1001 1166
1588013517944 1001 1167
1588013522424 1001 1168
1588013526795 1001 1169
1588013531332 1001 1170
1588013535863 1001 1171
1588013540330 1001 1172
1588013544689 1001 1173
1588013549006 1001 1174
1588013553341 1001 1175
1588013557653 1001 1176
1588013561980 1001 1177
1588013566283 1001 1178
1588013570604 1001 1179
1588013575108 1001 1180
1588013579625 1001 1181
1588013584130 1001 1182
1588013588478 1001 1183
1588013592900 1001 1184
1588013597244 1001 1185
1588013601571 1001 1186
1588013605959 1001 1187
1588013610394 1001 1188
1588013614753 1001 1189
1588013619137 1001 1190
1588013623440 1001 1191
1588013627807 1001 1192
1588013632170 1001 1193
1588013636478 1001 1194
1588013640906 1001 1195
1588013645359 1001 1196
1588013649771 1001 1197
1588013654166 1001 1198
1588013659118 1001 1199
1588013663577 1001 1200
1588013667982 1001 1201
1588013672402 1001 1202
1588013676887 1001 1203
1588013681282 1001 1204
1588013685577 1001 1205
1588013689884 1001 1206
1588013694300 1001 1207
1588013698721 1001 1208
1588013703058 1001 1209
1588013707437 1001 1210
1588013711823 1001 1211
1588013716125 1001 1212
1588013720439 1001 1213
1588013724827 1001 1214
1588013729266 1001 1215
1588013733615 1001 1216
1588013738070 1001 1217
1588013742502 1001 1218
1588013746890 1001 1219
1588013751248 1001 1220
1588013755679 1001 1221
1588013760003 1001 1222
1588013764425 1001 1223
1588013768751 1001 1224
1588013773044 1001 1225
1588013777359 1001 1226
1588013781784 1001 1227
1588013786200 1001 1228
1588013790562 1001 1229
1588013794995 1001 1230
1588013799362 1001 1231
1588013803646 1001 1232
1588013807936 1001 1233
1588013812250 1001 1234
1588013816601 1001 1235
1588013820889 1001 1236
1588013825297 1001 1237
1588013829688 1001 1238
1588013833986 1001 1239
1588013838851 1001 1240
1588013843129 1001 1241
1588013847428 1001 1242
1588013851722 1001 1243
1588013856013 1001 1244
1588013860313 1001 1245
1588013864610 1001 1246
1588013868979 1001 1247
1588013873327 1001 1248
1588013877619 1001 1249
1588013881947 1001 1250
1588013886255 1001 1251
1588013890549 1001 1252
1588013894835 1001 1253
1588013899133 1001 1254
1588013903444 1001 1255
1588013907743 1001 1256
1588013912031 1001 1257
1588013916410 1001 1258
1588013920773 1001 1259
1588013925088 1001 1260
1588013929391 1001 1261
1588013933682 1001 1262
1588013938064 1001 1263
1588013942440 1001 1264
1588013946748 1001 1265
1588013951037 1001 1266
1588013955326 1001 1267
1588013959627 1001 1268
1588013963908 1001 1269
1588013968240 1001 1270
1588013972593 1001 1271
1588013976883 1001 1272
1588013981170 1001 1273
1588013985504 1001 1274
1588013989939 1001 1275
1588013994356 1001 1276
1588013998739 1001 1277
1588014003075 1001 1278
1588014007368 1001 1279
1588014011690 1001 1280
1588014016409 1001 1281
1588014020949 1001 1282
1588014025294 1001 1283
1588014029632 1001 1284
1588014033998 1001 1285
1588014038381 1001 1286
1588014042872 1001 1287
1588014047197 1001 1288
1588014051615 1001 1289
1588014056052 1001 1290
1588014060409 1001 1291
1588014064892 1001 1292
1588014069339 1001 1293
1588014073991 1001 1294
1588014078583 1001 1295
1588014083041 1001 1296
1588014087502 1001 1297
1588014091999 1001 1298
1588014096477 1001 1299
1588014101137 1001 1300
1588014105827 1001 1301
1588014110382 1001 1302
1588014114887 1001 1303
1588014119455 1001 1304
1588014124021 1001 1305
1588014128578 1001 1306
1588014133141 1001 1307
1588014137672 1001 1308
1588014142220 1001 1309
1588014146717 1001 1310
1588014151228 1001 1311
1588014155681 1001 1312
1588014160227 1001 1313
1588014164709 1001 1314
1588014169288 1001 1315
1588014173885 1001 1316
1588014178465 1001 1317
1588014182974 1001 1318
1588014187539 1001 1319
1588014192137 1001 1320
1588014197118 1001 1321
1588014201584 1001 1322
1588014206069 1001 1323
1588014210629 1001 1324
1588014215207 1001 1325
1588014219708 1001 1326
1588014224127 1001 1327
1588014228545 1001 1328
1588014232961 1001 1329
1588014237397 1001 1330
1588014241854 1001 1331
1588014246291 1001 1332
1588014250717 1001 1333
1588014255144 1001 1334
1588014259571 1001 1335
1588014264076 1001 1336
1588014268539 1001 1337
1588014272953 1001 1338
1588014277394 1001 1339
1588014281846 1001 1340
1588014286279 1001 1341
1588014290791 1001 1342
1588014295354 1001 1343
1588014299903 1001 1344
1588014304402 1001 1345
1588014308869 1001 1346
1588014313404 1001 1347
1588014317955 1001 1348
1588014322446 1001 1349
1588014326977 1001 1350
1588014331451 1001 1351
1588014335868 1001 1352
1588014340290 1001 1353
1588014344800 1001 1354
1588014349327 1001 1355
1588014353863 1001 1356
1588014358462 1001 1357
1588014363086 1001 1358
1588014367647 1001 1359
1588014372101 1001 1360
1588014377099 1001 1361
1588014381673 1001 1362
1588014386090 1001 1363
1588014390510 1001 1364
1588014394940 1001 1365
1588014399353 1001 1366
1588014403778 1001 1367
1588014408196 1001 1368
1588014412606 1001 1369
1588014417016 1001 1370
1588014421449 1001 1371
1588014426018 1001 1372
1588014430500 1001 1373
1588014435004 1001 1374
1588014439587 1001 1375
1588014444157 1001 1376
1588014448695 1001 1377
1588014453130 1001 1378
1588014457639 1001 1379
1588014462075 1001 1380
1588014466599 1001 1381
1588014471148 1001 1382
1588014475698 1001 1383
1588014480252 1001 1384
1588014484786 1001 1385
1588014489202 1001 1386
1588014493614 1001 1387
1588014498043 1001 1388
1588014502458 1001 1389
1588014506884 1001 1390
1588014511395 1001 1391
1588014515981 1001 1392
1588014520458 1001 1393
1588014524867 1001 1394
1588014529310 1001 1395
1588014533738 1001 1396
1588014538152 1001 1397
1588014542602 1001 1398
1588014547105 1001 1399
1588014551517 1001 1400
1588014556338 1001 1401
1588014560943 1001 1402
1588014565353 1001 1403
1588014569772 1001 1404
1588014574197 1001 1405
1588014578616 1001 1406
1588014583040 1001 1407
1588014587476 1001 1408
1588014591913 1001 1409
1588014596385 1001 1410
1588014600824 1001 1411
1588014605298 1001 1412
1588014609841 1001 1413
1588014614384 1001 1414
1588014618990 1001 1415
1588014623493 1001 1416
1588014627932 1001 1417
1588014632370 1001 1418
1588014636801 1001 1419
1588014641255 1001 1420
1588014645693 1001 1421
1588014650248 1001 1422
1588014654783 1001 1423
1588014659377 1001 1424
1588014663994 1001 1425
1588014668580 1001 1426
1588014673143 1001 1427
1588014677699 1001 1428
1588014682242 1001 1429
1588014686865 1001 1430
1588014691423 1001 1431
1588014695870 1001 1432
1588014700373 1001 1433
1588014704990 1001 1434
1588014709593 1001 1435
1588014714164 1001 1436
1588014718732 1001 1437
1588014723323 1001 1438
1588014727791 1001 1439
1588014732236 1001 1440
1588014737163 1001 1441
1588014741634 1001 1442
1588014746055 1001 1443
1588014750486 1001 1444
1588014754919 1001 1445
1588014759350 1001 1446
1588014763785 1001 1447
1588014768216 1001 1448
1588014772642 1001 1449
1588014777082 1001 1450
1588014781603 1001 1451
1588014786220 1001 1452
1588014790803 1001 1453
1588014795362 1001 1454
1588014799949 1001 1455
1588014804527 1001 1456
1588014809042 1001 1457
1588014813593 1001 1458
1588014818145 1001 1459
1588014822732 1001 1460
1588014827282 1001 1461
1588014831828 1001 1462
1588014836322 1001 1463
1588014840762 1001 1464
1588014845245 1001 1465
1588014849703 1001 1466
1588014854130 1001 1467
1588014858563 1001 1468
1588014863002 1001 1469
1588014867458 1001 1470
1588014871951 1001 1471
1588014876488 1001 1472
1588014880916 1001 1473
1588014885345 1001 1474
1588014889786 1001 1475
1588014894265 1001 1476
1588014898784 1001 1477
1588014903378 1001 1478
1588014907826 1001 1479
1588014912277 1001 1480
1588014917261 1001 1481
1588014921700 1001 1482
1588014926131 1001 1483
1588014930566 1001 1484
1588014935004 1001 1485
1588014939451 1001 1486
1588014943983 1001 1487
1588014948438 1001 1488
1588014952931 1001 1489
1588014957446 1001 1490
1588014961897 1001 1491
1588014966341 1001 1492
1588014970848 1001 1493
1588014975266 1001 1494
1588014979760 1001 1495
1588014984283 1001 1496
1588014988845 1001 1497
1588014993456 1001 1498
1588014998068 1001 1499
1588015002609 1001 1500
1588015007188 1001 1501
1588015011689 1001 1502
1588015016231 1001 1503
1588015020828 1001 1504
1588015025470 1001 1505
1588015030045 1001 1506
1588015034630 1001 1507
1588015039234 1001 1508
1588015043823 1001 1509
1588015048376 1001 1510
1588015052966 1001 1511
1588015057551 1001 1512
1588015062088 1001 1513
1588015066610 1001 1514
1588015071097 1001 1515
1588015075700 1001 1516
1588015080279 1001 1517
1588015084837 1001 1518
1588015089380 1001 1519
1588015093982 1001 1520
1588015099088 1001 1521
1588015103646 1001 1522
1588015108075 1001 1523
1588015112499 1001 1524
1588015116934 1001 1525
1588015121356 1001 1526
1588015125780 1001 1527
1588015130204 1001 1528
1588015134629 1001 1529
1588015139090 1001 1530
1588015143689 1001 1531
1588015148250 1001 1532
1588015152753 1001 1533
1588015157294 1001 1534
1588015161890 1001 1535
1588015166467 1001 1536
1588015170927 1001 1537
1588015175360 1001 1538
1588015179785 1001 1539
1588015184218 1001 1540
1588015188630 1001 1541
1588015193045 1001 1542
1588015197479 1001 1543
1588015202043 1001 1544
1588015206585 1001 1545
1588015211018 1001 1546
1588015215449 1001 1547
1588015219883 1001 1548
1588015224314 1001 1549
1588015228754 1001 1550
1588015233178 1001 1551
1588015237590 1001 1552
1588015242006 1001 1553
1588015246421 1001 1554
1588015250843 1001 1555
1588015255262 1001 1556
1588015259691 1001 1557
1588015264140 1001 1558
1588015268564 1001 1559
1588015273008 1001 1560
1588015277969 1001 1561
1588015282382 1001 1562
1588015286810 1001 1563
1588015291232 1001 1564
1588015295744 1001 1565
1588015300220 1001 1566
1588015304760 1001 1567
1588015309168 1001 1568
1588015313600 1001 1569
1588015318058 1001 1570
1588015322514 1001 1571
1588015326944 1001 1572
1588015331421 1001 1573
1588015335931 1001 1574
1588015340461 1001 1575
1588015345063 1001 1576
1588015349586 1001 1577
1588015354008 1001 1578
1588015358436 1001 1579
1588015362874 1001 1580
1588015367291 1001 1581
1588015371711 1001 1582
1588015376272 1001 1583
1588015380884 1001 1584
1588015385475 1001 1585
1588015390017 1001 1586
1588015394569 1001 1587
1588015399078 1001 1588
1588015403664 1001 1589
1588015408220 1001 1590
1588015412656 1001 1591
1588015417081 1001 1592
1588015421505 1001 1593
1588015425945 1001 1594
1588015430392 1001 1595
1588015434837 1001 1596
1588015439254 1001 1597
1588015443700 1001 1598
1588015448127 1001 1599
1588015452556 1001 1600
1588015457531 1001 1601
1588015461950 1001 1602
1588015466382 1001 1603
1588015470817 1001 1604
1588015475262 1001 1605
1588015479710 1001 1606
1588015484164 1001 1607
1588015488592 1001 1608
1588015493020 1001 1609
1588015497461 1001 1610
1588015502040 1001 1611
1588015506572 1001 1612
1588015511149 1001 1613
1588015515688 1001 1614
1588015520157 1001 1615
1588015524698 1001 1616
1588015529259 1001 1617
1588015533825 1001 1618
1588015538378 1001 1619
1588015542973 1001 1620
1588015547536 1001 1621
1588015551954 1001 1622
1588015556427 1001 1623
1588015560908 1001 1624
1588015565525 1001 1625
1588015570140 1001 1626
1588015574665 1001 1627
1588015579222 1001 1628
1588015583652 1001 1629
1588015588094 1001 1630
1588015592513 1001 1631
1588015596925 1001 1632
1588015601390 1001 1633
1588015605966 1001 1634
1588015610457 1001 1635
1588015614996 1001 1636
1588015619425 1001 1637
1588015624013 1001 1638
1588015628581 1001 1639
1588015633099 1001 1640
1588015638129 1001 1641
1588015642705 1001 1642
1588015647273 1001 1643
1588015651836 1001 1644
1588015656351 1001 1645
1588015660889 1001 1646
1588015665475 1001 1647
1588015670003 1001 1648
1588015674550 1001 1649
1588015678982 1001 1650
1588015683512 1001 1651
1588015688007 1001 1652
1588015692485 1001 1653
1588015697051 1001 1654
1588015701660 1001 1655
1588015706159 1001 1656
1588015710738 1001 1657
1588015715276 1001 1658
1588015719831 1001 1659
1588015724423 1001 1660
1588015728915 1001 1661
1588015733329 1001 1662
1588015737855 1001 1663
1588015742397 1001 1664
1588015746973 1001 1665
1588015751555 1001 1666
1588015756044 1001 1667
1588015760583 1001 1668
1588015765055 1001 1669
1588015769609 1001 1670
1588015774168 1001 1671
1588015778700 1001 1672
1588015783129 1001 1673
1588015787584 1001 1674
1588015792036 1001 1675
1588015796474 1001 1676
1588015800930 1001 1677
1588015805557 1001 1678
1588015810150 1001 1679
1588015814787 1001 1680
1588015819685 1001 1681
1588015824130 1001 1682
1588015828677 1001 1683
1588015833149 1001 1684
1588015837686 1001 1685
1588015842124 1001 1686
1588015846546 1001 1687
1588015851097 1001 1688
1588015855552 1001 1689
1588015860052 1001 1690
1588015864680 1001 1691
1588015869265 1001 1692
1588015873691 1001 1693
1588015878118 1001 1694
1588015882558 1001 1695
1588015886980 1001 1696
1588015891455 1001 1697
1588015896028 1001 1698
1588015900651 1001 1699
1588015905259 1001 1700
1588015909751 1001 1701
1588015914223 1001 1702
1588015918845 1001 1703
1588015923343 1001 1704
1588015927798 1001 1705
1588015932308 1001 1706
1588015936761 1001 1707
1588015941219 1001 1708
1588015945672 1001 1709
1588015950156 1001 1710
1588015954595 1001 1711
1588015959024 1001 1712
1588015963439 1001 1713
1588015967855 1001 1714
1588015972293 1001 1715
1588015976711 1001 1716
1588015981138 1001 1717
1588015985597 1001 1718
1588015990021 1001 1719
1588015994653 1001 1720
1588015999672 1001 1721
1588016004250 1001 1722
1588016008808 1001 1723
1588016013254 1001 1724
1588016017766 1001 1725
1588016022325 1001 1726
1588016026891 1001 1727
1588016031468 1001 1728
1588016035990 1001 1729
1588016040429 1001 1730
1588016044965 1001 1731
1588016049395 1001 1732
1588016053821 1001 1733
1588016058353 1001 1734
1588016062802 1001 1735
1588016067225 1001 1736
1588016071719 1001 1737
1588016076222 1001 1738
1588016080651 1001 1739
1588016085084 1001 1740
1588016089505 1001 1741
1588016093976 1001 1742
1588016098433 1001 1743
1588016102921 1001 1744
1588016107480 1001 1745
1588016112032 1001 1746
1588016116575 1001 1747
1588016121161 1001 1748
1588016125644 1001 1749
1588016130086 1001 1750
1588016134595 1001 1751
1588016139084 1001 1752
1588016143627 1001 1753
1588016148174 1001 1754
1588016152764 1001 1755
1588016157353 1001 1756
1588016161958 1001 1757
1588016166536 1001 1758
1588016171110 1001 1759
1588016175855 1001 1760
1588016180584 1001 1761
1588016185096 1001 1762
1588016189646 1001 1763
1588016194070 1001 1764
1588016198642 1001 1765
1588016203118 1001 1766
1588016207577 1001 1767
1588016212079 1001 1768
1588016216571 1001 1769
1588016221092 1001 1770
1588016225656 1001 1771
1588016230148 1001 1772
1588016234687 1001 1773
1588016239233 1001 1774
1588016243735 1001 1775
1588016248195 1001 1776
1588016252688 1001 1777
1588016257153 1001 1778
1588016261576 1001 1779
1588016266007 1001 1780
1588016270444 1001 1781
1588016275002 1001 1782
1588016279556 1001 1783
1588016284162 1001 1784
1588016288782 1001 1785
1588016293317 1001 1786
1588016297870 1001 1787
1588016302416 1001 1788
1588016306968 1001 1789
1588016311516 1001 1790
1588016315936 1001 1791
1588016320433 1001 1792
1588016324905 1001 1793
1588016329320 1001 1794
1588016333747 1001 1795
1588016338176 1001 1796
1588016342634 1001 1797
1588016347063 1001 1798
1588016351612 1001 1799
1588016356584 1001 1800
1588016361380 1001 1801
1588016365916 1001 1802
1588016370362 1001 1803
1588016374847 1001 1804
1588016379418 1001 1805
1588016383980 1001 1806
1588016388393 1001 1807
1588016392819 1001 1808
1588016397404 1001 1809
1588016402044 1001 1810
1588016406582 1001 1811
1588016411044 1001 1812
1588016415529 1001 1813
1588016419955 1001 1814
1588016424389 1001 1815
1588016428861 1001 1816
1588016433276 1001 1817
1588016437702 1001 1818
1588016442126 1001 1819
1588016446546 1001 1820
1588016450972 1001 1821
1588016455384 1001 1822
1588016459897 1001 1823
1588016464386 1001 1824
1588016468905 1001 1825
1588016473374 1001 1826
1588016477941 1001 1827
1588016482494 1001 1828
1588016486960 1001 1829
1588016491519 1001 1830
1588016496114 1001 1831
1588016500658 1001 1832
1588016505173 1001 1833
1588016509688 1001 1834
1588016514158 1001 1835
1588016518630 1001 1836
1588016523113 1001 1837
1588016527621 1001 1838
1588016532186 1001 1839
1588016537226 1001 1840
1588016541800 1001 1841
1588016546377 1001 1842
1588016550938 1001 1843
1588016555508 1001 1844
1588016560096 1001 1845
1588016564588 1001 1846
1588016569013 1001 1847
1588016573436 1001 1848
1588016577861 1001 1849
1588016582352 1001 1850
1588016586926 1001 1851
1588016591478 1001 1852
1588016595895 1001 1853
1588016600407 1001 1854
1588016604971 1001 1855
1588016609505 1001 1856
1588016613935 1001 1857
1588016618401 1001 1858
1588016622887 1001 1859
1588016627456 1001 1860
1588016631912 1001 1861
1588016636474 1001 1862
1588016641013 1001 1863
1588016645484 1001 1864
1588016649925 1001 1865
1588016654359 1001 1866
1588016658781 1001 1867
1588016663205 1001 1868
1588016667631 1001 1869
1588016672062 1001 1870
1588016676552 1001 1871
1588016680983 1001 1872
1588016685410 1001 1873
1588016689837 1001 1874
1588016694274 1001 1875
1588016698695 1001 1876
1588016703274 1001 1877
1588016707816 1001 1878
1588016712262 1001 1879
1588016717332 1001 1880
1588016721933 1001 1881
1588016726549 1001 1882
1588016731049 1001 1883
1588016735613 1001 1884
1588016740190 1001 1885
1588016744675 1001 1886
1588016749235 1001 1887
1588016753728 1001 1888
1588016758173 1001 1889
1588016762659 1001 1890
1588016767197 1001 1891
1588016771736 1001 1892
1588016776283 1001 1893
1588016780868 1001 1894
1588016785431 1001 1895
1588016789894 1001 1896
1588016794437 1001 1897
1588016798912 1001 1898
1588016803424 1001 1899
1588016808009 1001 1900
1588016812647 1001 1901
1588016817194 1001 1902
1588016821781 1001 1903
1588016826381 1001 1904
1588016830905 1001 1905
1588016835446 1001 1906
1588016840022 1001 1907
1588016844623 1001 1908
1588016849094 1001 1909
1588016853543 1001 1910
1588016858000 1001 1911
1588016862554 1001 1912
1588016867107 1001 1913
1588016871668 1001 1914
1588016876232 1001 1915
1588016880779 1001 1916
1588016885344 1001 1917
1588016889854 1001 1918
1588016894321 1001 1919
1588016899254 1001 1920
1588016903683 1001 1921
1588016908103 1001 1922
1588016912600 1001 1923
1588016917140 1001 1924
1588016921585 1001 1925
1588016926023 1001 1926
1588016930452 1001 1927
1588016934958 1001 1928
1588016939538 1001 1929
1588016944077 1001 1930
1588016948509 1001 1931
1588016952960 1001 1932
1588016957405 1001 1933
1588016961832 1001 1934
1588016966278 1001 1935
1588016970732 1001 1936
1588016975272 1001 1937
1588016979795 1001 1938
1588016984355 1001 1939
1588016988792 1001 1940
1588016993233 1001 1941
1588016997745 1001 1942
1588017002372 1001 1943
1588017006939 1001 1944
1588017011393 1001 1945
1588017015861 1001 1946
1588017020405 1001 1947
1588017024875 1001 1948
1588017029441 1001 1949
1588017034038 1001 1950
1588017038668 1001 1951
1588017043247 1001 1952
1588017047829 1001 1953
1588017052391 1001 1954
1588017056998 1001 1955
1588017061593 1001 1956
1588017066178 1001 1957
1588017070750 1001 1958
1588017075546 1001 1959
1588017080437 1001 1960
1588017084934 1001 1961
1588017089364 1001 1962
1588017093826 1001 1963
1588017098258 1001 1964
1588017102677 1001 1965
1588017107134 1001 1966
1588017111698 1001 1967
1588017116161 1001 1968
1588017120608 1001 1969
1588017125073 1001 1970
1588017129510 1001 1971
1588017133953 1001 1972
1588017138379 1001 1973
1588017142810 1001 1974
1588017147251 1001 1975
1588017151677 1001 1976
1588017156110 1001 1977
1588017160544 1001 1978
1588017164992 1001 1979
1588017169436 1001 1980
1588017173871 1001 1981
1588017178309 1001 1982
1588017182775 1001 1983
1588017187203 1001 1984
1588017191649 1001 1985
1588017196094 1001 1986
1588017200568 1001 1987
1588017205161 1001 1988
1588017209721 1001 1989
1588017214275 1001 1990
1588017218766 1001 1991
1588017223294 1001 1992
1588017227766 1001 1993
1588017232246 1001 1994
1588017236694 1001 1995
1588017241150 1001 1996
1588017245689 1001 1997
1588017250151 1001 1998
1588017254730 1001 1999
1588017259624 1001 2000
1588017264201 1001 2001
1588017268624 1001 2002
1588017273121 1001 2003
1588017277613 1001 2004
1588017282197 1001 2005
1588017286666 1001 2006
1588017291051 1001 2007
1588017295450 1001 2008
1588017299817 1001 2009
1588017304261 1001 2010
1588017308624 1001 2011
1588017312984 1001 2012
1588017317358 1001 2013
1588017321780 1001 2014
1588017326254 1001 2015
1588017330631 1001 2016
1588017335032 1001 2017
1588017339405 1001 2018
1588017343842 1001 2019
1588017348292 1001 2020
1588017352672 1001 2021
1588017357110 1001 2022
1588017361542 1001 2023
1588017366089 1001 2024
1588017370536 1001 2025
1588017375030 1001 2026
1588017379543 1001 2027
1588017384036 1001 2028
1588017388577 1001 2029
1588017393143 1001 2030
1588017397625 1001 2031
1588017402004 1001 2032
1588017406417 1001 2033
1588017410812 1001 2034
1588017415276 1001 2035
1588017419687 1001 2036
1588017424256 1001 2037
1588017428686 1001 2038
1588017433205 1001 2039
1588017438235 1001 2040
1588017442749 1001 2041
1588017447143 1001 2042
1588017451536 1001 2043
1588017456055 1001 2044
1588017460535 1001 2045
1588017464922 1001 2046
1588017469392 1001 2047
1588017473941 1001 2048
1588017478480 1001 2049
1588017482994 1001 2050
1588017487463 1001 2051
1588017491989 1001 2052
1588017496564 1001 2053
1588017501137 1001 2054
1588017505634 1001 2055
1588017510104 1001 2056
1588017514447 1001 2057
1588017518812 1001 2058
1588017523193 1001 2059
1588017527596 1001 2060
1588017531982 1001 2061
1588017536352 1001 2062
1588017540807 1001 2063
1588017545335 1001 2064
1588017549882 1001 2065
1588017554427 1001 2066
1588017558892 1001 2067
1588017563284 1001 2068
1588017567664 1001 2069
1588017572046 1001 2070
1588017576450 1001 2071
1588017580886 1001 2072
1588017585388 1001 2073
1588017589812 1001 2074
1588017594279 1001 2075
1588017598867 1001 2076
1588017603403 1001 2077
1588017607893 1001 2078
1588017612439 1001 2079
1588017617548 1001 2080
1588017621965 1001 2081
1588017626522 1001 2082
1588017631141 1001 2083
1588017635609 1001 2084
1588017640002 1001 2085
1588017644421 1001 2086
1588017648876 1001 2087
1588017653278 1001 2088
1588017657680 1001 2089
1588017662120 1001 2090
1588017666512 1001 2091
1588017670904 1001 2092
1588017675302 1001 2093
1588017679709 1001 2094
1588017684138 1001 2095
1588017688550 1001 2096
1588017692931 1001 2097
1588017697325 1001 2098
1588017701764 1001 2099
1588017706184 1001 2100
1588017710629 1001 2101
1588017715079 1001 2102
1588017719573 1001 2103
1588017724223 1001 2104
1588017728836 1001 2105
1588017733253 1001 2106
1588017737624 1001 2107
1588017742066 1001 2108
1588017746586 1001 2109
1588017751107 1001 2110
1588017755674 1001 2111
1588017760114 1001 2112
1588017764567 1001 2113
1588017769078 1001 2114
1588017773481 1001 2115
1588017777898 1001 2116
1588017782349 1001 2117
1588017786782 1001 2118
1588017791260 1001 2119
1588017795943 1001 2120
1588017800543 1001 2121
1588017804949 1001 2122
1588017809371 1001 2123
1588017813750 1001 2124
1588017818193 1001 2125
1588017822651 1001 2126
1588017827042 1001 2127
1588017831521 1001 2128
1588017836037 1001 2129
1588017840446 1001 2130
1588017844897 1001 2131
1588017849466 1001 2132
1588017854035 1001 2133
1588017858585 1001 2134
1588017863000 1001 2135
1588017867386 1001 2136
1588017871790 1001 2137
1588017876268 1001 2138
1588017880666 1001 2139
1588017885094 1001 2140
1588017889509 1001 2141
1588017893887 1001 2142
1588017898351 1001 2143
1588017902899 1001 2144
1588017907437 1001 2145
1588017911914 1001 2146
1588017916406 1001 2147
1588017920828 1001 2148
1588017925198 1001 2149
1588017929570 1001 2150
1588017934023 1001 2151
1588017938470 1001 2152
1588017942975 1001 2153
1588017947392 1001 2154
1588017951897 1001 2155
1588017956414 1001 2156
1588017960914 1001 2157
1588017965385 1001 2158
1588017969895 1001 2159
1588017974496 1001 2160
1588017979501 1001 2161
1588017984057 1001 2162
1588017988579 1001 2163
1588017993097 1001 2164
1588017997667 1001 2165
1588018002199 1001 2166
1588018006691 1001 2167
1588018011119 1001 2168
1588018015614 1001 2169
1588018020151 1001 2170
1588018024607 1001 2171
1588018029006 1001 2172
1588018033390 1001 2173
1588018037767 1001 2174
1588018042165 1001 2175
1588018046543 1001 2176
1588018050913 1001 2177
1588018055282 1001 2178
1588018059665 1001 2179
1588018064048 1001 2180
1588018068422 1001 2181
1588018072784 1001 2182
1588018077145 1001 2183
1588018081528 1001 2184
1588018085932 1001 2185
1588018090298 1001 2186
1588018094660 1001 2187
1588018099025 1001 2188
1588018103403 1001 2189
1588018107791 1001 2190
1588018112266 1001 2191
1588018116775 1001 2192
1588018121282 1001 2193
