1588008389433 0.0 1
1588008393693 0.1599999964237213 2
1588008397936 0.0 3
1588008402082 0.2799999937415123 4
1588008406251 0.5999999865889549 5
1588008410402 0.7299999836832285 6
1588008414562 1.2099999729543924 7
1588008418747 0.0 8
1588008423059 0.20999999530613422 9
1588008427360 0.0 10
1588008431594 0.12999999709427357 11
1588008436060 0.0 12
1588008440558 0.20999999530613422 13
1588008444737 0.2299999948590994 14
1588008448968 0.14999999664723873 15
1588008453135 0.19999999552965164 16
1588008457347 0.3199999928474426 17
1588008461622 0.1599999964237213 18
1588008465824 0.14999999664723873 19
1588008470071 0.5799999870359898 20
1588008474321 0.25999999418854713 21
1588008478522 0.4399999901652336 22
1588008482836 0.2799999937415123 23
1588008487067 0.4499999899417162 24
1588008491255 0.5599999874830246 25
1588008495435 0.12999999709427357 26
1588008499618 0.05999999865889549 27
1588008503801 0.0 28
1588008507978 0.4899999890476465 29
1588008512147 1.5199999660253525 30
1588008516408 0.0 31
1588008520694 0.2799999937415123 32
1588008524902 0.42999999038875103 33
1588008529115 0.9599999785423279 34
1588008533332 0.25999999418854713 35
1588008537540 1.219999972730875 36
1588008541777 0.8099999818950891 37
1588008546004 1.029999976977706 38
1588008550242 0.7499999832361937 39
1588008554492 0.6199999861419201 40
1588008558727 0.669999985024333 41
1588008563035 0.0 42
1588008567427 0.40999999083578587 43
1588008571804 0.6399999856948853 44
1588008576132 0.0 45
1588008580440 0.0 46
1588008584708 0.2799999937415123 47
1588008589005 0.7699999827891588 48
1588008593247 1.2499999720603228 49
1588008597618 0.909999979659915 50
1588008601998 1.4699999671429396 51
1588008606355 1.0899999756366014 52
1588008610724 0.8899999801069498 53
1588008615152 0.2799999937415123 54
1588008619782 0.9899999778717756 55
1588008624018 0.6199999861419201 56
1588008628252 0.24999999441206455 57
1588008632477 1.2499999720603228 58
1588008636720 0.7299999836832285 59
1588008641019 1.2999999709427357 60
1588008645260 1.4299999680370092 61
1588008649508 0.11999999731779099 62
1588008653856 0.7599999830126762 63
1588008658192 1.0599999763071537 64
1588008662573 0.5599999874830246 65
1588008666850 1.0599999763071537 66
1588008671223 0.549999987706542 67
1588008675597 0.5299999881535769 68
1588008679969 0.25999999418854713 69
1588008684314 0.13999999687075615 70
1588008688662 1.0699999760836363 71
1588008693029 0.979999978095293 72
1588008697398 1.3699999693781137 73
1588008701739 0.42999999038875103 74
1588008706105 1.4999999664723873 75
1588008710394 1.3999999687075615 76
1588008714681 1.8799999579787254 77
1588008718998 2.8799999356269836 78
1588008723374 0.6299999859184027 79
1588008727724 0.8199999816715717 80
1588008732058 1.50999996624887 81
1588008736350 1.1099999751895666 82
1588008740635 1.1899999734014273 83
1588008744933 0.42999999038875103 84
1588008749319 1.6899999622255564 85
1588008753611 2.3599999472498894 86
1588008757875 0.8799999803304672 87
1588008762138 2.299999948590994 88
1588008766455 1.1899999734014273 89
1588008770855 2.369999947026372 90
1588008775192 1.6299999635666609 91
1588008779578 1.9799999557435513 92
1588008783908 1.889999957755208 93
1588008788269 3.1399999298155308 94
1588008792710 1.7999999597668648 95
1588008797676 1.2799999713897705 96
1588008801994 0.8999999798834324 97
1588008806269 1.6699999626725912 98
1588008810569 0.6599999852478504 99
1588008814891 1.6299999635666609 100
1588008819212 0.4399999901652336 101
1588008823539 0.909999979659915 102
1588008827860 1.8499999586492777 103
1588008832170 1.149999974295497 104
1588008836490 1.149999974295497 105
1588008840805 1.339999970048666 106
1588008845156 1.3799999691545963 107
1588008849489 2.9299999345093966 108
1588008853880 1.769999960437417 109
1588008858251 2.1599999517202377 110
1588008862611 2.7699999380856752 111
1588008866970 1.8999999575316906 112
1588008871448 1.9299999568611383 113
1588008875834 2.5899999421089888 114
1588008880195 0.9899999778717756 115
1588008884532 3.399999924004078 116
1588008888865 1.219999972730875 117
1588008893336 2.2599999494850636 118
1588008897852 2.2199999503791332 119
1588008902484 1.529999965801835 120
1588008906959 0.6599999852478504 121
1588008911346 1.8999999575316906 122
1588008915751 1.459999967366457 123
1588008920278 1.1199999749660492 124
1588008924669 1.889999957755208 125
1588008929000 1.5999999642372131 126
1588008933361 2.6199999414384365 127
1588008937699 1.1999999731779099 128
1588008942106 1.2399999722838402 129
1588008946560 1.9199999570846558 130
1588008951114 2.299999948590994 131
1588008955498 2.079999953508377 132
1588008959871 2.2399999499320984 133
1588008964262 1.3799999691545963 134
1588008968597 1.7799999602138996 135
1588008972922 1.7999999597668648 136
1588008977718 1.649999963119626 137
1588008982029 2.699999939650297 138
1588008986335 1.2299999725073576 139
1588008990677 1.50999996624887 140
1588008995034 2.1899999510496855 141
1588008999396 2.5299999434500933 142
1588009003754 2.1199999526143074 143
1588009008176 1.579999964684248 144
1588009012593 3.1899999286979437 145
1588009016964 6.439999856054783 146
1588009021309 2.8299999367445707 147
1588009025690 3.0699999313801527 148
1588009030063 0.4999999888241291 149
1588009034475 4.9399998895823956 150
1588009038912 3.4399999231100082 151
1588009043371 2.9099999349564314 152
1588009047818 0.8799999803304672 153
1588009052244 3.1199999302625656 154
1588009056679 1.6599999628961086 155
1588009061104 1.9899999555200338 156
1588009065479 2.3299999479204416 157
1588009069847 4.139999907463789 158
1588009074295 2.1599999517202377 159
1588009078667 6.2099998611956835 160
1588009083185 3.759999915957451 161
1588009087655 2.2899999488145113 162
1588009092077 4.619999896734953 163
1588009096408 3.3199999257922173 164
1588009100828 3.2399999275803566 165
1588009105169 4.559999898076057 166
1588009109530 4.139999907463789 167
1588009113993 0.47999998927116394 168
1588009118363 3.009999932721257 169
1588009122740 3.129999930039048 170
1588009127133 3.589999919757247 171
1588009131504 2.679999940097332 172
1588009135886 4.409999901428819 173
1588009140282 2.9299999345093966 174
1588009144648 4.489999899640679 175
1588009148965 3.689999917522073 176
1588009153272 4.329999903216958 177
1588009158139 5.079999886453152 178
1588009162453 1.8799999579787254 179
1588009166793 3.4799999222159386 180
1588009171201 3.1699999291449785 181
1588009175578 4.7499998938292265 182
1588009179969 5.9699998665601015 183
1588009184420 3.3099999260157347 184
1588009188733 4.339999902993441 185
1588009193077 4.969999888911843 186
1588009197479 3.8199999146163464 187
1588009201860 4.479999899864197 188
1588009206272 8.049999820068479 189
1588009210741 3.209999928250909 190
1588009215340 2.5699999425560236 191
1588009219850 4.339999902993441 192
1588009224350 4.409999901428819 193
1588009228845 7.179999839514494 194
1588009233358 5.929999867454171 195
1588009237853 1.8799999579787254 196
1588009242350 3.8699999134987593 197
1588009246808 1.1099999751895666 198
1588009251242 3.2899999264627695 199
1588009255592 2.8599999360740185 200
1588009259963 2.1199999526143074 201
1588009264503 8.039999820291996 202
1588009269074 4.329999903216958 203
1588009273575 3.36999992467463 204
1588009278054 4.519999898970127 205
1588009282436 10.68999976105988 206
1588009286833 4.499999899417162 207
1588009291323 2.489999944344163 208
1588009295784 5.699999872595072 209
1588009300223 4.539999898523092 210
1588009304653 5.80999987013638 211
1588009309137 2.12999995239079 212
1588009313704 3.1499999295920134 213
1588009318253 4.279999904334545 214
1588009322787 3.7699999157339334 215
1588009327272 7.509999832138419 216
1588009331781 3.5599999204277992 217
1588009336635 3.3399999253451824 218
1588009341154 13.97999968752265 219
1588009345503 1.9499999564141035 220
1588009349810 3.7699999157339334 221
1588009354134 9.569999786093831 222
1588009358454 3.849999913945794 223
1588009362753 3.5099999215453863 224
1588009367063 3.8199999146163464 225
1588009371371 5.119999885559082 226
1588009375719 4.679999895393848 227
1588009380089 3.1699999291449785 228
1588009384531 19.32999956794083 229
1588009388901 5.749999871477485 230
1588009393408 13.3199997022748 231
1588009397793 5.219999883323908 232
1588009402139 5.789999870583415 233
1588009406457 7.169999839738011 234
1588009410783 1.9299999568611383 235
1588009415133 6.919999845325947 236
1588009419614 4.059999909251928 237
1588009424129 8.029999820515513 238
1588009428664 5.159999884665012 239
1588009433111 7.889999823644757 240
1588009437471 6.889999845996499 241
1588009441933 5.479999877512455 242
1588009446407 4.619999896734953 243
1588009450856 6.339999858289957 244
1588009455357 6.73999984934926 245
1588009459809 7.169999839738011 246
1588009464179 5.569999875500798 247
1588009468560 12.259999725967646 248
1588009473025 6.779999848455191 249
1588009477411 7.469999833032489 250
1588009481804 4.21999990567565 251
1588009486259 6.3299998585134745 252
1588009490727 8.099999818950891 253
1588009495081 5.709999872371554 254
1588009499397 1.2599999718368053 255
1588009503781 6.319999858736992 256
1588009508107 4.189999906346202 257
1588009512423 7.229999838396907 258
1588009517258 4.999999888241291 259
1588009521608 4.599999897181988 260
1588009525930 9.599999785423279 261
1588009530240 2.74999993853271 262
1588009534554 8.499999810010195 263
1588009538876 6.299999859184027 264
1588009543202 4.56999989785254 265
1588009547594 9.209999794140458 266
1588009551906 7.919999822974205 267
1588009556216 7.179999839514494 268
1588009560564 9.129999795928597 269
1588009564975 6.179999861866236 270
1588009569436 8.269999815151095 271
1588009573821 6.4499998558312654 272
1588009578209 6.179999861866236 273
1588009582569 6.719999849796295 274
1588009586971 6.409999856725335 275
1588009591412 7.149999840185046 276
1588009595901 8.4399998113513 277
1588009600261 14.739999670535326 278
1588009604598 5.929999867454171 279
1588009608957 7.389999834820628 280
1588009613302 5.9699998665601015 281
1588009617637 8.109999818727374 282
1588009622014 8.78999980352819 283
1588009626390 7.919999822974205 284
1588009630892 6.159999862313271 285
1588009635404 7.579999830573797 286
1588009639941 8.029999820515513 287
1588009644426 1.0499999765306711 288
1588009648859 6.979999843984842 289
1588009653332 6.6399998515844345 290
1588009657773 7.219999838620424 291
1588009662218 7.999999821186066 292
1588009666677 8.01999982073903 293
1588009671173 8.449999811127782 294
1588009675705 7.169999839738011 295
1588009680157 6.539999853819609 296
1588009684686 4.109999908134341 297
1588009689130 8.839999802410603 298
1588009693667 8.309999814257026 299
1588009698729 6.459999855607748 300
1588009703278 9.349999791011214 301
1588009707777 5.699999872595072 302
1588009712292 8.899999801069498 303
1588009716765 6.009999865666032 304
1588009721270 7.769999826326966 305
1588009725775 8.679999805986881 306
1588009730167 7.749999826774001 307
1588009734494 7.769999826326966 308
1588009738857 6.109999863430858 309
1588009743283 10.389999767765403 310
1588009747599 8.449999811127782 311
1588009751915 7.519999831914902 312
1588009756311 6.189999861642718 313
1588009760751 8.159999817609787 314
1588009765168 6.799999848008156 315
1588009769472 4.8699998911470175 316
1588009773789 2.319999948143959 317
1588009778097 6.439999856054783 318
1588009782413 5.319999881088734 319
1588009786746 7.819999825209379 320
1588009791056 8.139999818056822 321
1588009795446 5.289999881759286 322
1588009799891 8.459999810904264 323
1588009804342 7.129999840632081 324
1588009808806 6.9499998446553946 325
1588009813237 8.12999981828034 326
1588009817577 7.569999830797315 327
1588009821894 31.619999293237925 328
1588009826177 9.269999792799354 329
1588009830476 9.329999791458249 330
1588009834784 10.349999768659472 331
1588009839153 4.399999901652336 332
1588009843467 14.999999664723873 333
1588009847829 6.5199998542666435 334
1588009852191 4.309999903663993 335
1588009856605 6.809999847784638 336
1588009861037 5.569999875500798 337
1588009865477 7.04999984242022 338
1588009869812 8.579999808222055 339
1588009874135 4.579999897629023 340
1588009879071 6.9499998446553946 341
1588009883374 5.899999868124723 342
1588009887702 12.169999727979302 343
1588009892024 7.00999984331429 344
1588009896410 4.979999888688326 345
1588009900707 17.34999961219728 346
1588009905122 6.069999864324927 347
1588009909532 5.449999878183007 348
1588009913975 4.809999892488122 349
1588009918430 8.179999817162752 350
1588009922920 8.639999806880951 351
1588009927350 7.079999841749668 352
1588009931769 11.479999743402004 353
1588009936193 7.989999821409583 354
1588009940516 8.219999816268682 355
1588009944875 6.319999858736992 356
1588009949246 8.569999808445573 357
1588009953566 15.409999655559659 358
1588009957883 8.78999980352819 359
1588009962220 6.03999986499548 360
1588009966518 4.5099998991936445 361
1588009970906 11.999999731779099 362
1588009975356 5.669999873265624 363
1588009979749 2.8799999356269836 364
1588009984094 12.359999723732471 365
1588009988435 7.219999838620424 366
1588009992921 9.579999785870314 367
1588009997394 9.13999979570508 368
1588010001851 9.579999785870314 369
1588010006188 9.269999792799354 370
1588010010478 7.829999824985862 371
1588010014759 7.409999834373593 372
1588010019048 9.439999788999557 373
1588010023339 6.959999844431877 374
1588010027655 7.6699998285621405 375
1588010031981 11.139999751001596 376
1588010036298 11.339999746531248 377
1588010040666 4.25999990478158 378
1588010045093 8.509999809786677 379
1588010049428 11.289999747648835 380
1588010053834 0.3499999921768904 381
1588010058725 6.7599998489022255 382
1588010063025 9.129999795928597 383
1588010067324 8.499999810010195 384
1588010071651 3.7899999152868986 385
1588010075981 8.739999804645777 386
1588010080295 6.4499998558312654 387
1588010084587 7.909999823197722 388
1588010088875 6.049999864771962 389
1588010093214 6.4499998558312654 390
1588010097568 10.129999773576856 391
1588010101998 5.739999871701002 392
1588010106428 7.509999832138419 393
1588010110831 4.0799999088048935 394
1588010115169 9.289999792352319 395
1588010119582 8.009999820962548 396
1588010123900 7.019999843090773 397
1588010128204 15.129999661818147 398
1588010132585 7.58999983035028 399
1588010137033 9.389999790117145 400
1588010141498 9.109999796375632 401
1588010145802 6.689999850466847 402
1588010150098 9.79999978095293 403
1588010154407 8.739999804645777 404
1588010158718 7.149999840185046 405
1588010163105 10.819999758154154 406
1588010167617 10.189999772235751 407
1588010172017 7.829999824985862 408
1588010176414 8.669999806210399 409
1588010180933 6.34999985806644 410
1588010185437 9.629999784752727 411
1588010189849 5.639999873936176 412
1588010194317 8.279999814927578 413
1588010198803 9.5299997869879 414
1588010203119 8.039999820291996 415
1588010207423 7.4299998339265585 416
1588010211815 7.519999831914902 417
1588010216186 10.489999765530229 418
1588010220512 10.709999760612845 419
1588010224881 12.029999731108546 420
1588010229210 6.34999985806644 421
1588010233538 7.439999833703041 422
1588010238390 11.409999744966626 423
1588010242696 9.05999979749322 424
1588010247026 7.4299998339265585 425
1588010251439 11.049999753013253 426
1588010255791 7.819999825209379 427
1588010260143 7.969999821856618 428
1588010264510 8.199999816715717 429
1588010268885 8.619999807327986 430
1588010273271 8.629999807104468 431
1588010277644 7.989999821409583 432
1588010282002 7.399999834597111 433
1588010286341 8.649999806657434 434
1588010290688 10.099999774247408 435
1588010295018 8.409999812021852 436
1588010299359 7.759999826550484 437
1588010303723 11.34999974630773 438
1588010308069 11.909999733790755 439
1588010312531 7.00999984331429 440
1588010316928 9.689999783411622 441
1588010321497 5.999999865889549 442
1588010326135 9.289999792352319 443
1588010330649 6.73999984934926 444
1588010335036 11.259999748319387 445
1588010339347 7.989999821409583 446
1588010343714 7.149999840185046 447
1588010348046 7.719999827444553 448
1588010352558 8.51999980956316 449
1588010357057 10.119999773800373 450
1588010361481 10.539999764412642 451
1588010365806 23.719999469816685 452
1588010370126 7.659999828785658 453
1588010374436 9.48999978788197 454
1588010378796 10.629999762400985 455
1588010383130 6.6399998515844345 456
1588010387475 9.17999979481101 457
1588010391813 12.679999716579914 458
1588010396199 8.689999805763364 459
1588010400551 8.809999803081155 460
1588010404963 4.1999999061226845 461
1588010409427 9.63999978452921 462
1588010413813 5.80999987013638 463
1588010418777 8.959999799728394 464
1588010423249 8.32999981380999 465
1588010427617 6.609999852254987 466
1588010432060 8.739999804645777 467
1588010436627 7.099999841302633 468
1588010441112 13.849999690428376 469
1588010445539 6.869999846443534 470
1588010449909 11.57999974116683 471
1588010454295 8.47999981045723 472
1588010458839 5.9699998665601015 473
1588010463385 7.339999835938215 474
1588010467762 5.839999869465828 475
1588010472178 7.059999842196703 476
1588010476685 6.38999985717237 477
1588010481125 7.0699998419731855 478
1588010485606 10.079999774694443 479
1588010490107 8.859999801963568 480
1588010494510 11.019999753683805 481
1588010498963 12.099999729543924 482
1588010503413 11.479999743402004 483
1588010507770 6.989999843761325 484
1588010512214 6.859999846667051 485
1588010516548 10.269999770447612 486
1588010520950 6.289999859407544 487
1588010525458 7.749999826774001 488
1588010529974 5.18999988399446 489
1588010534459 6.469999855384231 490
1588010538794 8.039999820291996 491
1588010543228 8.649999806657434 492
1588010547662 8.609999807551503 493
1588010552071 11.399999745190144 494
1588010556471 7.969999821856618 495
1588010560811 10.669999761506915 496
1588010565134 9.44999978877604 497
1588010569569 7.109999841079116 498
1588010574039 7.6699998285621405 499
1588010578503 9.959999777376652 500
1588010583051 9.889999778941274 501
1588010587538 6.919999845325947 502
1588010592007 8.659999806433916 503
1588010596791 9.079999797046185 504
1588010601403 9.469999788329005 505
1588010605845 11.089999752119184 506
1588010610184 7.759999826550484 507
1588010614495 9.019999798387289 508
1588010618808 6.5199998542666435 509
1588010623173 10.289999770000577 510
1588010627509 8.369999812915921 511
1588010631944 7.059999842196703 512
1588010636362 10.06999977491796 513
1588010640769 10.41999976709485 514
1588010645221 0.9299999792128801 515
1588010649539 11.059999752789736 516
1588010653851 10.229999771341681 517
1588010658237 10.669999761506915 518
1588010662550 8.999999798834324 519
1588010666857 7.93999982252717 520
1588010671165 10.869999757036567 521
1588010675480 8.079999819397926 522
1588010679783 7.499999832361937 523
1588010684087 8.639999806880951 524
1588010688399 11.369999745860696 525
1588010692697 7.93999982252717 526
1588010697041 8.90999980084598 527
1588010701446 7.909999823197722 528
1588010705865 3.5099999215453863 529
1588010710249 11.3099997472018 530
1588010714588 26.68999940343201 531
1588010719017 7.609999829903245 532
1588010723486 11.019999753683805 533
1588010727963 10.839999757707119 534
1588010732369 10.849999757483602 535
1588010736816 8.229999816045165 536
1588010741254 12.989999709650874 537
1588010745642 8.099999818950891 538
1588010749978 7.1199998408555984 539
1588010754303 11.289999747648835 540
1588010758626 12.949999710544944 541
1588010762961 7.62999982945621 542
1588010767258 10.309999769553542 543
1588010771560 9.5299997869879 544
1588010776203 7.829999824985862 545
1588010780727 6.139999862760305 546
1588010785016 5.7299998719245195 547
1588010789351 8.839999802410603 548
1588010793786 12.019999731332064 549
1588010798278 12.029999731108546 550
1588010802708 7.999999821186066 551
1588010807183 8.719999805092812 552
1588010811532 11.439999744296074 553
1588010815933 7.00999984331429 554
1588010820360 10.91999975591898 555
1588010824884 11.03999975323677 556
1588010829377 8.399999812245369 557
1588010833854 9.5299997869879 558
1588010838267 16.8799996227026 559
1588010842583 9.21999979391694 560
1588010847002 12.349999723955989 561
1588010851374 8.28999981470406 562
1588010855680 6.609999852254987 563
1588010859976 9.749999782070518 564
1588010864307 12.249999726191163 565
1588010868606 10.209999771788716 566
1588010872899 7.029999842867255 567
1588010877191 8.299999814480543 568
1588010881493 10.529999764636159 569
1588010885835 9.359999790787697 570
1588010890138 6.649999851360917 571
1588010894540 15.329999657347798 572
1588010898826 10.059999775141478 573
1588010903123 5.259999882429838 574
1588010907435 10.549999764189124 575
1588010911722 13.329999702051282 576
1588010916018 9.83999978005886 577
1588010920315 12.939999710768461 578
1588010924608 11.089999752119184 579
1588010928899 13.3199997022748 580
1588010933191 5.829999869689345 581
1588010937550 9.79999978095293 582
1588010941860 10.429999766871333 583
1588010946180 9.809999780729413 584
1588010950485 7.479999832808971 585
1588010954918 9.9899997767061 586
1588010959630 19.469999564811587 587
1588010963920 8.999999798834324 588
1588010968286 12.729999715462327 589
1588010972750 11.649999739602208 590
1588010977171 7.27999983727932 591
1588010981538 9.379999790340662 592
1588010985946 8.419999811798334 593
1588010990287 9.829999780282378 594
1588010994598 12.07999972999096 595
1588010998897 9.5299997869879 596
1588011003240 7.539999831467867 597
1588011007547 13.78999969176948 598
1588011011857 7.349999835714698 599
1588011016213 9.959999777376652 600
1588011020690 13.909999689087272 601
1588011025134 14.029999686405063 602
1588011029601 12.019999731332064 603
1588011034082 9.899999778717756 604
1588011038539 9.48999978788197 605
1588011043016 7.379999835044146 606
1588011047374 13.349999701604247 607
1588011051722 13.889999689534307 608
1588011056058 10.589999763295054 609
1588011060508 11.319999746978283 610
1588011065059 9.40999978967011 611
1588011069521 12.929999710991979 612
1588011073936 6.049999864771962 613
1588011078259 4.91999989002943 614
1588011082675 11.289999747648835 615
1588011087098 10.859999757260084 616
1588011091425 10.539999764412642 617
1588011095842 8.279999814927578 618
1588011100140 21.889999510720372 619
1588011104468 13.12999970652163 620
1588011108827 12.049999730661511 621
1588011113222 10.359999768435955 622
1588011117683 8.929999800398946 623
1588011122183 13.47999969869852 624
1588011126577 7.439999833703041 625
1588011130874 10.68999976105988 626
1588011135360 5.479999877512455 627
1588011140024 13.099999707192183 628
1588011144417 5.339999880641699 629
1588011148860 10.969999754801393 630
1588011153300 25.43999943137169 631
1588011157662 11.709999738261104 632
1588011161973 9.389999790117145 633
1588011166269 11.079999752342701 634
1588011170571 8.189999816939235 635
1588011174854 2.6899999398738146 636
1588011179163 4.9399998895823956 637
1588011183524 5.9699998665601015 638
1588011187856 9.879999779164791 639
1588011192189 11.429999744519591 640
1588011196490 8.399999812245369 641
1588011200789 9.889999778941274 642
1588011205082 7.229999838396907 643
1588011209379 10.099999774247408 644
1588011213747 11.249999748542905 645
1588011218165 9.209999794140458 646
1588011222618 8.489999810233712 647
1588011227063 10.95999975502491 648
1588011231412 10.749999759718776 649
1588011235848 5.999999865889549 650
1588011240221 10.359999768435955 651
1588011244545 7.3099998366087675 652
1588011248839 8.239999815821648 653
1588011253255 13.729999693110585 654
1588011257616 17.22999961487949 655
1588011261902 14.429999677464366 656
1588011266194 12.339999724179506 657
1588011270614 8.989999799057841 658
1588011274940 12.799999713897705 659
1588011279227 7.029999842867255 660
1588011283516 9.629999784752727 661
1588011287813 11.639999739825726 662
1588011292096 12.619999717921019 663
1588011296396 7.779999826103449 664
1588011300843 8.74999980442226 665
1588011305176 9.379999790340662 666
1588011309468 11.819999735802412 667
1588011313766 9.549999786540866 668
1588011318690 16.26999963633716 669
1588011322998 9.149999795481563 670
1588011327392 8.219999816268682 671
1588011331687 9.629999784752727 672
1588011336054 9.229999793693423 673
1588011340490 17.23999961465597 674
1588011344902 11.49999974295497 675
1588011349338 5.519999876618385 676
1588011353708 13.549999697133899 677
1588011357993 8.969999799504876 678
1588011362313 12.289999725297093 679
1588011366617 11.569999741390347 680
1588011370930 9.249999793246388 681
1588011375291 12.69999971613288 682
1588011379580 8.949999799951911 683
1588011383866 9.909999778494239 684
1588011388158 8.889999801293015 685
1588011392438 7.879999823868275 686
1588011396744 14.24999968148768 687
1588011401109 7.909999823197722 688
1588011405569 11.939999733120203 689
1588011410053 5.739999871701002 690
1588011414484 7.6699998285621405 691
1588011418789 8.659999806433916 692
1588011423160 14.619999673217535 693
1588011427542 7.369999835267663 694
1588011431845 6.819999847561121 695
1588011436132 9.479999788105488 696
1588011440422 11.259999748319387 697
1588011444710 8.629999807104468 698
1588011448998 10.929999755695462 699
1588011453345 6.6599998511374 700
1588011457779 10.619999762624502 701
1588011462186 7.949999822303653 702
1588011466597 6.769999848678708 703
1588011471012 8.629999807104468 704
1588011475453 12.379999723285437 705
1588011479829 8.679999805986881 706
1588011484146 10.209999771788716 707
1588011488438 5.979999866336584 708
1588011492734 7.159999839961529 709
1588011497543 9.079999797046185 710
1588011501843 11.729999737814069 711
1588011506139 9.169999795034528 712
1588011510434 7.4299998339265585 713
1588011514718 11.699999738484621 714
1588011519001 10.059999775141478 715
1588011523298 7.6699998285621405 716
1588011527624 9.079999797046185 717
1588011532037 9.479999788105488 718
1588011536337 5.739999871701002 719
1588011540633 10.899999756366014 720
1588011545093 11.76999973692 721
1588011549522 9.739999782294035 722
1588011553887 18.729999581351876 723
1588011558265 5.239999882876873 724
1588011562566 8.689999805763364 725
1588011566884 7.039999842643738 726
1588011571217 19.90999955497682 727
1588011575577 7.759999826550484 728
1588011579976 7.4299998339265585 729
1588011584379 6.909999845549464 730
1588011588781 5.489999877288938 731
1588011593239 9.119999796152115 732
1588011597667 8.32999981380999 733
1588011602139 10.279999770224094 734
1588011606571 6.559999853372574 735
1588011610909 5.589999875053763 736
1588011615306 7.00999984331429 737
1588011619666 7.93999982252717 738
1588011623984 13.569999696686864 739
1588011628406 7.799999825656414 740
1588011632821 7.1899998392909765 741
1588011637204 28.26999936811626 742
1588011641649 4.979999888688326 743
1588011646111 12.11999972909689 744
1588011650538 10.37999976798892 745
1588011654898 6.3999998569488525 746
1588011659179 6.579999852925539 747
1588011663630 3.899999912828207 748
1588011668266 11.559999741613865 749
1588011673231 9.779999781399965 750
1588011678728 11.3099997472018 751
1588011683798 4.83999989181757 752
1588011688852 7.839999824762344 753
1588011693814 11.009999753907323 754
1588011698817 15.749999647960067 755
1588011703291 8.849999802187085 756
1588011707813 7.379999835044146 757
1588011712471 11.839999735355377 758
1588011717060 7.489999832585454 759
1588011721530 11.88999973423779 760
1588011726119 7.5499998312443495 761
1588011730800 10.02999977581203 762
1588011735507 10.249999770894647 763
1588011740102 7.379999835044146 764
1588011744592 8.699999805539846 765
1588011749165 4.339999902993441 766
1588011753807 8.669999806210399 767
1588011758406 6.789999848231673 768
1588011762894 5.619999874383211 769
1588011767417 10.929999755695462 770
1588011771956 6.3299998585134745 771
1588011776420 6.539999853819609 772
1588011780909 6.96999984420836 773
1588011785432 7.8599998243153095 774
1588011789908 10.06999977491796 775
1588011794387 11.979999732226133 776
1588011798889 6.509999854490161 777
1588011803383 4.979999888688326 778
1588011807847 9.689999783411622 779
1588011812351 9.589999785646796 780
1588011816924 10.989999754354358 781
1588011821451 5.389999879524112 782
1588011825942 10.41999976709485 783
1588011830404 5.529999876394868 784
1588011834885 10.519999764859676 785
1588011839307 9.619999784976244 786
1588011843639 1.4399999678134918 787
1588011848027 1.4999999664723873 788
1588011852465 6.709999850019813 789
1588011857464 10.479999765753746 790
1588011861848 12.709999715909362 791
1588011866162 10.329999769106507 792
1588011870539 1.2599999718368053 793
1588011874829 2.629999941214919 794
1588011879128 6.509999854490161 795
1588011883488 11.439999744296074 796
1588011887919 13.699999693781137 797
1588011892359 8.149999817833304 798
1588011896764 3.4599999226629734 799
1588011901097 5.339999880641699 800
1588011905601 7.699999827891588 801
1588011910025 9.13999979570508 802
1588011914413 7.039999842643738 803
1588011918816 7.4299998339265585 804
1588011923143 11.049999753013253 805
1588011927489 9.36999979056418 806
1588011931867 2.229999950155616 807
1588011936256 4.3899999018758535 808
1588011940641 7.62999982945621 809
1588011944939 5.4199998788535595 810
1588011949249 7.529999831691384 811
1588011953625 6.9499998446553946 812
1588011958022 5.589999875053763 813
1588011962519 11.879999734461308 814
1588011966986 7.489999832585454 815
1588011971319 5.379999879747629 816
1588011975602 8.369999812915921 817
1588011979891 9.159999795258045 818
1588011984208 6.289999859407544 819
1588011988598 7.839999824762344 820
1588011992898 9.05999979749322 821
1588011997223 7.369999835267663 822
1588012001533 9.559999786317348 823
1588012005810 7.759999826550484 824
1588012010102 5.45999987795949 825
1588012014462 6.829999847337604 826
1588012018887 11.18999974988401 827
1588012023361 11.069999752566218 828
1588012027764 3.4799999222159386 829
1588012032080 12.19999972730875 830
1588012036785 2.919999934732914 831
1588012041201 9.029999798163772 832
1588012045588 10.29999976977706 833
1588012049996 7.299999836832285 834
1588012054469 9.71999978274107 835
1588012058884 11.739999737590551 836
1588012063210 8.899999801069498 837
1588012067495 9.829999780282378 838
1588012071896 2.059999953955412 839
1588012076317 7.419999834150076 840
1588012080796 8.009999820962548 841
1588012085270 7.93999982252717 842
1588012089700 10.819999758154154 843
1588012094111 10.869999757036567 844
1588012098528 9.159999795258045 845
1588012102964 9.979999776929617 846
1588012107407 11.759999737143517 847
1588012111784 10.079999774694443 848
1588012116088 8.159999817609787 849
1588012120485 9.269999792799354 850
1588012124834 10.789999758824706 851
1588012129199 17.509999608621 852
1588012133625 11.379999745637178 853
1588012137908 9.279999792575836 854
1588012142226 7.969999821856618 855
1588012146527 10.409999767318368 856
1588012150953 14.429999677464366 857
1588012155367 13.259999703615904 858
1588012159790 23.869999466463923 859
1588012164184 9.599999785423279 860
1588012168468 7.129999840632081 861
1588012172749 13.349999701604247 862
1588012177031 10.56999976374209 863
1588012181305 5.909999867901206 864
1588012185594 6.129999862983823 865
1588012189880 7.609999829903245 866
1588012194214 12.419999722391367 867
1588012198569 6.539999853819609 868
1588012202908 5.199999883770943 869
1588012207222 4.759999893605709 870
1588012211525 10.269999770447612 871
1588012216173 3.7199999168515205 872
1588012220735 11.979999732226133 873
1588012225169 6.979999843984842 874
1588012229624 14.229999681934714 875
1588012233974 5.869999868795276 876
1588012238253 9.929999778047204 877
1588012242572 2.989999933168292 878
1588012247003 9.63999978452921 879
1588012251438 8.059999819844961 880
1588012255809 10.969999754801393 881
1588012260208 9.289999792352319 882
1588012264596 7.9799998216331005 883
1588012268988 12.54999971948564 884
1588012273417 6.96999984420836 885
1588012277791 6.619999852031469 886
1588012282181 5.889999868348241 887
1588012286491 8.01999982073903 888
1588012290881 12.039999730885029 889
1588012295297 8.51999980956316 890
1588012299678 8.239999815821648 891
1588012304025 9.429999789223075 892
1588012308457 7.58999983035028 893
1588012312858 5.019999887794256 894
1588012317202 8.969999799504876 895
1588012321605 10.56999976374209 896
1588012325954 3.779999915510416 897
1588012330245 3.5599999204277992 898
1588012334536 8.679999805986881 899
1588012338811 12.499999720603228 900
1588012343146 5.039999887347221 901
1588012347454 14.339999679476023 902
1588012351801 6.959999844431877 903
1588012356215 3.899999912828207 904
1588012360533 7.159999839961529 905
1588012364830 7.659999828785658 906
1588012369277 9.539999786764383 907
1588012373607 6.919999845325947 908
1588012377904 12.329999724403024 909
1588012382241 4.179999906569719 910
1588012386569 12.019999731332064 911
1588012390979 13.70999969355762 912
1588012395651 7.849999824538827 913
1588012400327 6.6399998515844345 914
1588012404788 3.849999913945794 915
1588012409220 7.959999822080135 916
1588012413554 6.309999858960509 917
1588012417968 6.339999858289957 918
1588012422381 8.78999980352819 919
1588012426788 10.899999756366014 920
1588012431216 4.0799999088048935 921
1588012435618 8.78999980352819 922
1588012439920 6.07999986410141 923
1588012444320 11.209999749436975 924
1588012448706 11.279999747872353 925
1588012453008 9.5299997869879 926
1588012457310 11.019999753683805 927
1588012461680 7.029999842867255 928
1588012465992 4.949999889358878 929
1588012470333 8.819999802857637 930
1588012474734 11.689999738708138 931
1588012479141 5.529999876394868 932
1588012483417 6.749999849125743 933
1588012487709 5.909999867901206 934
1588012492059 12.989999709650874 935
1588012496504 10.139999773353338 936
1588012500955 10.539999764412642 937
1588012505451 10.769999759271741 938
1588012509883 6.509999854490161 939
1588012514273 7.409999834373593 940
1588012518708 7.7399998269975185 941
1588012523053 3.5599999204277992 942
1588012527352 6.589999852702022 943
1588012531639 7.259999837726355 944
1588012536044 7.039999842643738 945
1588012540530 5.799999870359898 946
1588012544976 5.959999866783619 947
1588012549291 9.349999791011214 948
1588012553636 9.119999796152115 949
1588012558032 6.2799998596310616 950
1588012562491 7.389999834820628 951
1588012566878 10.849999757483602 952
1588012571346 6.109999863430858 953
1588012576141 3.5599999204277992 954
1588012580841 20.699999537318945 955
1588012585222 15.629999650642276 956
1588012589649 9.299999792128801 957
1588012594051 5.569999875500798 958
1588012598430 2.6399999409914017 959
1588012602784 13.349999701604247 960
1588012607174 12.54999971948564 961
1588012611533 3.0299999322742224 962
1588012615938 7.1199998408555984 963
1588012620327 7.989999821409583 964
1588012624782 5.14999988488853 965
1588012629216 6.919999845325947 966
1588012633681 7.839999824762344 967
1588012638123 3.399999924004078 968
1588012642578 7.0699998419731855 969
1588012647053 5.1099998857825994 970
1588012651510 7.159999839961529 971
1588012655968 11.079999752342701 972
1588012660431 4.279999904334545 973
1588012664867 8.59999980777502 974
1588012669201 5.49999987706542 975
1588012673535 9.249999793246388 976
1588012677863 8.089999819174409 977
1588012682235 7.919999822974205 978
1588012686610 8.049999820068479 979
1588012691049 8.069999819621444 980
1588012695456 8.109999818727374 981
1588012699811 3.489999921992421 982
1588012704152 6.3999998569488525 983
1588012708510 8.59999980777502 984
1588012712849 7.6699998285621405 985
1588012717177 9.40999978967011 986
1588012721506 9.739999782294035 987
1588012725876 9.869999779388309 988
1588012730196 11.739999737590551 989
1588012734568 8.109999818727374 990
1588012738886 7.519999831914902 991
1588012743241 2.7399999387562275 992
1588012747568 9.069999797269702 993
1588012752009 1.409999968484044 994
1588012756730 7.159999839961529 995
1588012761176 7.479999832808971 996
1588012765521 6.379999857395887 997
1588012769859 4.559999898076057 998
1588012774327 7.159999839961529 999
1588012778780 2.7099999394267797 1000
1588012783273 4.739999894052744 1001
1588012787749 6.829999847337604 1002
1588012792246 7.609999829903245 1003
1588012796807 8.029999820515513 1004
1588012801355 9.609999785199761 1005
1588012805988 3.569999920204282 1006
1588012810538 8.149999817833304 1007
1588012815013 6.619999852031469 1008
1588012819384 15.439999654889107 1009
1588012823731 7.399999834597111 1010
1588012828076 5.039999887347221 1011
1588012832417 7.209999838843942 1012
1588012836746 3.3199999257922173 1013
1588012841072 7.769999826326966 1014
1588012845419 11.049999753013253 1015
1588012849742 5.129999885335565 1016
1588012854072 7.719999827444553 1017
1588012858495 1.7199999615550041 1018
1588012862917 9.109999796375632 1019
1588012867503 9.079999797046185 1020
1588012872035 6.679999850690365 1021
1588012876526 7.5499998312443495 1022
1588012881012 9.469999788329005 1023
1588012885505 9.159999795258045 1024
1588012890044 9.189999794587493 1025
1588012894594 7.169999839738011 1026
1588012899090 1.0399999767541885 1027
1588012903623 5.069999886676669 1028
1588012908195 4.379999902099371 1029
1588012912795 3.589999919757247 1030
1588012917389 29.46999934129417 1031
1588012921888 9.349999791011214 1032
1588012926367 6.2099998611956835 1033
1588012930862 4.279999904334545 1034
1588012935603 7.639999829232693 1035
1588012940394 7.539999831467867 1036
1588012944860 6.679999850690365 1037
1588012949376 15.29999965801835 1038
1588012953815 3.4799999222159386 1039
1588012958170 6.549999853596091 1040
1588012962585 8.01999982073903 1041
1588012967012 12.38999972306192 1042
1588012971398 8.939999800175428 1043
1588012975808 9.969999777153134 1044
1588012980182 12.229999726638198 1045
1588012984556 0.5099999886006117 1046
1588012988946 3.8199999146163464 1047
1588012993454 9.609999785199761 1048
1588012997942 10.769999759271741 1049
1588013002302 6.2799998596310616 1050
1588013006695 9.189999794587493 1051
1588013011173 5.049999887123704 1052
1588013015659 5.759999871253967 1053
1588013020098 4.909999890252948 1054
1588013024492 11.939999733120203 1055
1588013028963 7.349999835714698 1056
1588013033504 8.799999803304672 1057
1588013038015 8.659999806433916 1058
1588013042547 9.299999792128801 1059
1588013047118 9.159999795258045 1060
1588013051680 6.11999986320734 1061
1588013056174 8.669999806210399 1062
1588013060628 5.269999882206321 1063
1588013065083 12.23999972641468 1064
1588013069476 2.1599999517202377 1065
1588013073873 2.0199999548494816 1066
1588013078189 10.469999765977263 1067
1588013082612 4.069999909028411 1068
1588013087050 9.109999796375632 1069
1588013091510 7.7899998258799314 1070
1588013095913 7.339999835938215 1071
1588013100334 10.29999976977706 1072
1588013104801 7.6199998296797276 1073
1588013109194 8.119999818503857 1074
1588013113598 3.999999910593033 1075
1588013118625 6.149999862536788 1076
1588013123064 4.969999888911843 1077
1588013127402 11.799999736249447 1078
1588013131691 7.909999823197722 1079
1588013135993 5.509999876841903 1080
1588013140281 10.989999754354358 1081
1588013144586 7.0699998419731855 1082
1588013148872 4.83999989181757 1083
1588013153300 4.0799999088048935 1084
1588013157673 8.55999980866909 1085
1588013161998 9.019999798387289 1086
1588013166303 4.649999896064401 1087
1588013170625 6.809999847784638 1088
1588013174991 5.209999883547425 1089
1588013179462 6.799999848008156 1090
1588013183910 7.949999822303653 1091
1588013188224 10.699999760836363 1092
1588013192515 6.03999986499548 1093
1588013196881 8.389999812468886 1094
1588013201174 5.629999874159694 1095
1588013205454 6.859999846667051 1096
1588013209819 6.799999848008156 1097
1588013214113 4.3899999018758535 1098
1588013218480 2.5199999436736107 1099
1588013222925 9.439999788999557 1100
1588013227358 7.1899998392909765 1101
1588013231642 1.1399999745190144 1102
1588013236038 6.679999850690365 1103
1588013240470 3.8599999137222767 1104
1588013244885 6.629999851807952 1105
1588013249219 8.679999805986881 1106
1588013253615 4.3199999034404755 1107
1588013257906 2.369999947026372 1108
1588013262279 4.809999892488122 1109
1588013266631 4.979999888688326 1110
1588013270938 6.809999847784638 1111
1588013275253 4.429999900981784 1112
1588013279634 8.679999805986881 1113
1588013284114 8.28999981470406 1114
1588013288586 7.1899998392909765 1115
1588013293058 6.629999851807952 1116
1588013298089 9.749999782070518 1117
1588013302597 5.439999878406525 1118
1588013307010 7.339999835938215 1119
1588013311390 8.679999805986881 1120
1588013315785 7.109999841079116 1121
1588013320239 5.529999876394868 1122
1588013324725 7.399999834597111 1123
1588013329212 7.999999821186066 1124
1588013333709 7.139999840408564 1125
1588013338147 1.769999960437417 1126
1588013342583 2.3799999468028545 1127
1588013346962 4.289999904111028 1128
1588013351419 4.679999895393848 1129
1588013355802 6.909999845549464 1130
1588013360103 4.089999908581376 1131
1588013364409 2.9499999340623617 1132
1588013368731 3.999999910593033 1133
1588013373150 4.369999902322888 1134
1588013377505 5.599999874830246 1135
1588013381799 7.819999825209379 1136
1588013386150 8.799999803304672 1137
1588013390497 6.729999849572778 1138
1588013394823 7.489999832585454 1139
1588013399239 5.159999884665012 1140
1588013403612 6.38999985717237 1141
1588013407950 8.47999981045723 1142
1588013412344 4.809999892488122 1143
1588013416663 8.489999810233712 1144
1588013420981 14.479999676346779 1145
1588013425303 4.019999910145998 1146
1588013429618 6.459999855607748 1147
1588013433922 3.279999926686287 1148
1588013438251 2.509999943897128 1149
1588013442708 9.299999792128801 1150
1588013447162 7.749999826774001 1151
1588013451632 8.969999799504876 1152
1588013456056 8.459999810904264 1153
1588013460372 0.8799999803304672 1154
1588013464823 4.5099998991936445 1155
1588013469157 4.909999890252948 1156
1588013473455 4.139999907463789 1157
1588013478409 5.439999878406525 1158
1588013482803 6.859999846667051 1159
1588013487228 9.039999797940254 1160
1588013491576 2.779999937862158 1161
1588013495868 5.209999883547425 1162
1588013500257 2.009999955072999 1163
1588013504635 7.169999839738011 1164
1588013509049 6.199999861419201 1165
1588013513507 3.569999920204282 1166
1588013517944 7.019999843090773 1167
1588013522424 8.449999811127782 1168
1588013526795 4.039999909698963 1169
1588013531332 2.4499999452382326 1170
1588013535863 5.7299998719245195 1171
1588013540330 6.629999851807952 1172
1588013544689 8.959999799728394 1173
1588013549006 10.169999772682786 1174
1588013553341 7.9799998216331005 1175
1588013557653 7.079999841749668 1176
1588013561980 5.529999876394868 1177
1588013566283 3.6699999179691076 1178
1588013570604 3.9899999108165503 1179
1588013575108 6.239999860525131 1180
1588013579625 6.379999857395887 1181
1588013584130 1.8799999579787254 1182
1588013588478 4.849999891594052 1183
1588013592900 9.499999787658453 1184
1588013597244 2.4699999447911978 1185
1588013601571 2.8299999367445707 1186
1588013605959 4.309999903663993 1187
1588013610394 4.379999902099371 1188
1588013614753 10.33999976888299 1189
1588013619137 6.929999845102429 1190
1588013623440 6.669999850913882 1191
1588013627807 5.669999873265624 1192
1588013632170 24.839999444782734 1193
1588013636478 9.509999787434936 1194
1588013640906 2.7899999376386404 1195
1588013645359 17.359999611973763 1196
1588013649771 11.49999974295497 1197
1588013654166 9.129999795928597 1198
1588013659118 7.689999828115106 1199
1588013663577 10.059999775141478 1200
1588013667982 6.479999855160713 1201
1588013672402 7.209999838843942 1202
1588013676887 14.009999686852098 1203
1588013681282 6.569999853149056 1204
1588013685577 3.67999991774559 1205
1588013689884 7.9799998216331005 1206
1588013694300 10.169999772682786 1207
1588013698721 7.559999831020832 1208
1588013703058 6.4299998562783 1209
1588013707437 10.60999976284802 1210
1588013711823 1.7399999611079693 1211
1588013716125 5.1799998842179775 1212
1588013720439 4.499999899417162 1213
1588013724827 6.849999846890569 1214
1588013729266 10.369999768212438 1215
1588013733615 10.41999976709485 1216
1588013738070 2.059999953955412 1217
1588013742502 2.369999947026372 1218
1588013746890 9.09999979659915 1219
1588013751248 6.959999844431877 1220
1588013755679 6.749999849125743 1221
1588013760003 3.969999911263585 1222
1588013764425 20.109999550506473 1223
1588013768751 3.109999930486083 1224
1588013773044 2.819999936968088 1225
1588013777359 6.749999849125743 1226
1588013781784 7.509999832138419 1227
1588013786200 6.809999847784638 1228
1588013790562 8.359999813139439 1229
1588013794995 2.559999942779541 1230
1588013799362 9.71999978274107 1231
1588013803646 8.139999818056822 1232
1588013807936 3.9399999119341373 1233
1588013812250 5.859999869018793 1234
1588013816601 5.949999867007136 1235
1588013820889 4.479999899864197 1236
1588013825297 9.499999787658453 1237
1588013829688 8.2099998164922 1238
1588013833986 4.589999897405505 1239
1588013838851 4.639999896287918 1240
1588013843129 3.8099999148398638 1241
1588013847428 8.779999803751707 1242
1588013851722 8.729999804869294 1243
1588013856013 3.01999993249774 1244
1588013860313 7.519999831914902 1245
1588013864610 10.179999772459269 1246
1588013868979 6.259999860078096 1247
1588013873327 4.91999989002943 1248
1588013877619 5.009999888017774 1249
1588013881947 4.639999896287918 1250
1588013886255 9.209999794140458 1251
1588013890549 9.959999777376652 1252
1588013894835 7.639999829232693 1253
1588013899133 7.409999834373593 1254
1588013903444 4.599999897181988 1255
1588013907743 5.429999878630042 1256
1588013912031 10.329999769106507 1257
1588013916410 6.989999843761325 1258
1588013920773 1.649999963119626 1259
1588013925088 8.409999812021852 1260
1588013929391 9.13999979570508 1261
1588013933682 2.7099999394267797 1262
1588013938064 7.889999823644757 1263
1588013942440 5.529999876394868 1264
1588013946748 10.009999776259065 1265
1588013951037 5.239999882876873 1266
1588013955326 4.589999897405505 1267
1588013959627 18.08999959565699 1268
1588013963908 5.139999885112047 1269
1588013968240 5.7799998708069324 1270
1588013972593 5.979999866336584 1271
1588013976883 5.879999868571758 1272
1588013981170 4.109999908134341 1273
1588013985504 4.789999892935157 1274
1588013989939 5.369999879971147 1275
1588013994356 4.099999908357859 1276
1588013998739 5.819999869912863 1277
1588014003075 13.569999696686864 1278
1588014007368 7.799999825656414 1279
1588014011690 7.649999829009175 1280
1588014016409 9.859999779611826 1281
1588014020949 7.529999831691384 1282
1588014025294 5.139999885112047 1283
1588014029632 8.55999980866909 1284
1588014033998 4.929999889805913 1285
1588014038381 4.60999989695847 1286
1588014042872 9.109999796375632 1287
1588014047197 6.929999845102429 1288
1588014051615 5.409999879077077 1289
1588014056052 6.109999863430858 1290
1588014060409 6.539999853819609 1291
1588014064892 6.6399998515844345 1292
1588014069339 3.109999930486083 1293
1588014073991 5.959999866783619 1294
1588014078583 14.789999669417739 1295
1588014083041 8.079999819397926 1296
1588014087502 2.919999934732914 1297
1588014091999 3.7699999157339334 1298
1588014096477 9.199999794363976 1299
1588014101137 15.829999646171927 1300
1588014105827 12.169999727979302 1301
1588014110382 3.4099999237805605 1302
1588014114887 3.0999999307096004 1303
1588014119455 8.609999807551503 1304
1588014124021 2.6899999398738146 1305
1588014128578 3.689999917522073 1306
1588014133141 6.049999864771962 1307
1588014137672 9.109999796375632 1308
1588014142220 6.839999847114086 1309
1588014146717 6.73999984934926 1310
1588014151228 6.689999850466847 1311
1588014155681 3.569999920204282 1312
1588014160227 5.569999875500798 1313
1588014164709 9.05999979749322 1314
1588014169288 9.499999787658453 1315
1588014173885 9.429999789223075 1316
1588014178465 9.339999791234732 1317
1588014182974 3.589999919757247 1318
1588014187539 7.159999839961529 1319
1588014192137 8.319999814033508 1320
1588014197118 8.839999802410603 1321
1588014201584 11.119999751448631 1322
1588014206069 2.869999935850501 1323
1588014210629 4.469999900087714 1324
1588014215207 9.069999797269702 1325
1588014219708 10.179999772459269 1326
1588014224127 4.189999906346202 1327
1588014228545 7.6199998296797276 1328
1588014232961 4.519999898970127 1329
1588014237397 8.359999813139439 1330
1588014241854 10.519999764859676 1331
1588014246291 6.159999862313271 1332
1588014250717 10.009999776259065 1333
1588014255144 3.0299999322742224 1334
1588014259571 2.4099999461323023 1335
1588014264076 9.049999797716737 1336
1588014268539 5.549999875947833 1337
1588014272953 2.5999999418854713 1338
1588014277394 5.509999876841903 1339
1588014281846 3.4599999226629734 1340
1588014286279 10.389999767765403 1341
1588014290791 10.659999761730433 1342
1588014295354 2.059999953955412 1343
1588014299903 1.3099999707192183 1344
1588014304402 3.489999921992421 1345
1588014308869 7.169999839738011 1346
1588014313404 9.199999794363976 1347
1588014317955 2.9099999349564314 1348
1588014322446 13.499999698251486 1349
1588014326977 10.779999759048223 1350
1588014331451 7.369999835267663 1351
1588014335868 6.38999985717237 1352
1588014340290 11.859999734908342 1353
1588014344800 10.239999771118164 1354
1588014349327 9.569999786093831 1355
1588014353863 2.9799999333918095 1356
1588014358462 7.269999837502837 1357
1588014363086 6.379999857395887 1358
1588014367647 2.1899999510496855 1359
1588014372101 1.5599999651312828 1360
1588014377099 1.2099999729543924 1361
1588014381673 6.96999984420836 1362
1588014386090 1.6099999640136957 1363
1588014390510 9.329999791458249 1364
1588014394940 2.0899999532848597 1365
1588014399353 7.769999826326966 1366
1588014403778 3.94999991171062 1367
1588014408196 12.299999725073576 1368
1588014412606 1.5399999655783176 1369
1588014417016 3.2199999280273914 1370
1588014421449 4.469999900087714 1371
1588014426018 7.179999839514494 1372
1588014430500 5.339999880641699 1373
1588014435004 13.04999970830977 1374
1588014439587 2.7699999380856752 1375
1588014444157 5.899999868124723 1376
1588014448695 4.489999899640679 1377
1588014453130 6.6399998515844345 1378
1588014457639 0.23999999463558197 1379
1588014462075 1.5199999660253525 1380
1588014466599 8.379999812692404 1381
1588014471148 1.9099999573081732 1382
1588014475698 7.509999832138419 1383
1588014480252 7.5499998312443495 1384
1588014484786 8.339999813586473 1385
1588014489202 4.209999905899167 1386
1588014493614 8.199999816715717 1387
1588014498043 4.729999894276261 1388
1588014502458 0.47999998927116394 1389
1588014506884 7.919999822974205 1390
1588014511395 3.009999932721257 1391
1588014515981 8.739999804645777 1392
1588014520458 9.619999784976244 1393
1588014524867 4.599999897181988 1394
1588014529310 3.9099999126046896 1395
1588014533738 11.80999973602593 1396
1588014538152 2.339999947696924 1397
1588014542602 2.5199999436736107 1398
1588014547105 0.8199999816715717 1399
1588014551517 3.209999928250909 1400
1588014556338 3.8199999146163464 1401
1588014560943 5.4199998788535595 1402
1588014565353 2.2099999506026506 1403
1588014569772 5.409999879077077 1404
1588014574197 5.18999988399446 1405
1588014578616 1.1199999749660492 1406
1588014583040 10.95999975502491 1407
1588014587476 2.579999942332506 1408
1588014591913 2.579999942332506 1409
1588014596385 9.36999979056418 1410
1588014600824 9.539999786764383 1411
1588014605298 6.059999864548445 1412
1588014609841 5.959999866783619 1413
1588014614384 7.1899998392909765 1414
1588014618990 7.749999826774001 1415
1588014623493 3.5499999206513166 1416
1588014627932 6.03999986499548 1417
1588014632370 8.55999980866909 1418
1588014636801 1.5599999651312828 1419
1588014641255 5.6599998734891415 1420
1588014645693 5.9699998665601015 1421
1588014650248 5.089999886229634 1422
1588014654783 5.629999874159694 1423
1588014659377 3.399999924004078 1424
1588014663994 6.3299998585134745 1425
1588014668580 6.619999852031469 1426
1588014673143 8.32999981380999 1427
1588014677699 1.959999956190586 1428
1588014682242 8.179999817162752 1429
1588014686865 8.86999980174005 1430
1588014691423 1.6899999622255564 1431
1588014695870 9.189999794587493 1432
1588014700373 9.379999790340662 1433
1588014704990 1.9899999555200338 1434
1588014709593 3.8699999134987593 1435
1588014714164 1.8599999584257603 1436
1588014718732 7.929999822750688 1437
1588014723323 11.789999736472964 1438
1588014727791 8.629999807104468 1439
1588014732236 3.5299999210983515 1440
1588014737163 5.379999879747629 1441
1588014741634 1.6399999633431435 1442
1588014746055 3.779999915510416 1443
1588014750486 8.539999809116125 1444
1588014754919 2.539999943226576 1445
1588014759350 8.099999818950891 1446
1588014763785 5.989999866113067 1447
1588014768216 2.9799999333918095 1448
1588014772642 0.6799999848008156 1449
1588014777082 3.2199999280273914 1450
1588014781603 1.459999967366457 1451
1588014786220 3.4299999233335257 1452
1588014790803 2.5899999421089888 1453
1588014795362 2.9999999329447746 1454
1588014799949 8.149999817833304 1455
1588014804527 7.6199998296797276 1456
1588014809042 5.679999873042107 1457
1588014813593 7.889999823644757 1458
1588014818145 3.4299999233335257 1459
1588014822732 4.499999899417162 1460
1588014827282 3.129999930039048 1461
1588014831828 7.039999842643738 1462
1588014836322 6.5199998542666435 1463
1588014840762 6.889999845996499 1464
1588014845245 7.099999841302633 1465
1588014849703 4.109999908134341 1466
1588014854130 3.8899999130517244 1467
1588014858563 6.499999854713678 1468
1588014863002 7.929999822750688 1469
1588014867458 8.51999980956316 1470
1588014871951 4.719999894499779 1471
1588014876488 0.7599999830126762 1472
1588014880916 7.679999828338623 1473
1588014885345 6.409999856725335 1474
1588014889786 5.7299998719245195 1475
1588014894265 6.219999860972166 1476
1588014898784 7.379999835044146 1477
1588014903378 5.7299998719245195 1478
1588014907826 0.669999985024333 1479
1588014912277 6.73999984934926 1480
1588014917261 7.329999836161733 1481
1588014921700 9.9899997767061 1482
1588014926131 4.329999903216958 1483
1588014930566 1.1399999745190144 1484
1588014935004 1.529999965801835 1485
1588014939451 6.749999849125743 1486
1588014943983 5.7299998719245195 1487
1588014948438 5.9699998665601015 1488
1588014952931 5.18999988399446 1489
1588014957446 0.9999999776482582 1490
1588014961897 0.6799999848008156 1491
1588014966341 4.699999894946814 1492
1588014970848 5.679999873042107 1493
1588014975266 4.539999898523092 1494
1588014979760 4.999999888241291 1495
1588014984283 1.9999999552965164 1496
1588014988845 8.669999806210399 1497
1588014993456 1.769999960437417 1498
1588014998068 5.279999881982803 1499
1588015002609 11.699999738484621 1500
1588015007188 10.099999774247408 1501
1588015011689 4.909999890252948 1502
1588015016231 3.9899999108165503 1503
1588015020828 1.2499999720603228 1504
1588015025470 6.9999998435378075 1505
1588015030045 8.659999806433916 1506
1588015034630 6.269999859854579 1507
1588015039234 4.639999896287918 1508
1588015043823 8.55999980866909 1509
1588015048376 8.099999818950891 1510
1588015052966 2.4099999461323023 1511
1588015057551 5.599999874830246 1512
1588015062088 5.22999988310039 1513
1588015066610 11.099999751895666 1514
1588015071097 7.729999827221036 1515
1588015075700 8.149999817833304 1516
1588015080279 6.489999854937196 1517
1588015084837 3.399999924004078 1518
1588015089380 9.67999978363514 1519
1588015093982 3.009999932721257 1520
1588015099088 0.9399999789893627 1521
1588015103646 3.1399999298155308 1522
1588015108075 2.9799999333918095 1523
1588015112499 7.089999841526151 1524
1588015116934 10.25999977067113 1525
1588015121356 3.399999924004078 1526
1588015125780 0.549999987706542 1527
1588015130204 8.549999808892608 1528
1588015134629 6.779999848455191 1529
1588015139090 6.539999853819609 1530
1588015143689 6.7599998489022255 1531
1588015148250 2.699999939650297 1532
1588015152753 1.9999999552965164 1533
1588015157294 4.619999896734953 1534
1588015161890 7.04999984242022 1535
1588015166467 10.87999975681305 1536
1588015170927 12.38999972306192 1537
1588015175360 6.4299998562783 1538
1588015179785 0.7099999841302633 1539
1588015184218 7.169999839738011 1540
1588015188630 5.429999878630042 1541
1588015193045 3.129999930039048 1542
1588015197479 5.489999877288938 1543
1588015202043 7.209999838843942 1544
1588015206585 6.959999844431877 1545
1588015211018 5.039999887347221 1546
1588015215449 7.709999827668071 1547
1588015219883 16.06999964080751 1548
1588015224314 9.469999788329005 1549
1588015228754 7.869999824091792 1550
1588015233178 8.199999816715717 1551
1588015237590 5.519999876618385 1552
1588015242006 6.569999853149056 1553
1588015246421 7.269999837502837 1554
1588015250843 1.0399999767541885 1555
1588015255262 1.81999995931983 1556
1588015259691 10.56999976374209 1557
1588015264140 5.8499998692423105 1558
1588015268564 0.30999999307096004 1559
1588015273008 5.169999884441495 1560
1588015277969 6.73999984934926 1561
1588015282382 5.49999987706542 1562
1588015286810 1.3699999693781137 1563
1588015291232 0.3999999910593033 1564
1588015295744 3.2599999271333218 1565
1588015300220 9.049999797716737 1566
1588015304760 8.619999807327986 1567
1588015309168 2.819999936968088 1568
1588015313600 5.4199998788535595 1569
1588015318058 13.109999706968665 1570
1588015322514 7.35999983549118 1571
1588015326944 7.759999826550484 1572
1588015331421 0.7699999827891588 1573
1588015335931 7.6199998296797276 1574
1588015340461 1.8499999586492777 1575
1588015345063 5.749999871477485 1576
1588015349586 0.4499999899417162 1577
1588015354008 6.129999862983823 1578
1588015358436 8.099999818950891 1579
1588015362874 5.479999877512455 1580
1588015367291 0.9399999789893627 1581
1588015371711 3.659999918192625 1582
1588015376272 5.439999878406525 1583
1588015380884 0.1599999964237213 1584
1588015385475 0.3199999928474426 1585
1588015390017 0.12999999709427357 1586
1588015394569 6.729999849572778 1587
1588015399078 10.499999765306711 1588
1588015403664 3.779999915510416 1589
1588015408220 3.2199999280273914 1590
1588015412656 4.3199999034404755 1591
1588015417081 6.799999848008156 1592
1588015421505 4.739999894052744 1593
1588015425945 4.309999903663993 1594
1588015430392 9.109999796375632 1595
1588015434837 3.449999922886491 1596
1588015439254 0.9499999787658453 1597
1588015443700 4.229999905452132 1598
1588015448127 1.0599999763071537 1599
1588015452556 6.249999860301614 1600
1588015457531 3.1499999295920134 1601
1588015461950 0.6499999854713678 1602
1588015466382 9.13999979570508 1603
1588015470817 0.0 1604
1588015475262 11.149999750778079 1605
1588015479710 4.089999908581376 1606
1588015484164 6.199999861419201 1607
1588015488592 6.469999855384231 1608
1588015493020 3.159999929368496 1609
1588015497461 6.0899998638778925 1610
1588015502040 2.4099999461323023 1611
1588015506572 7.829999824985862 1612
1588015511149 4.169999906793237 1613
1588015515688 0.6499999854713678 1614
1588015520157 5.869999868795276 1615
1588015524698 3.8699999134987593 1616
1588015529259 7.039999842643738 1617
1588015533825 4.639999896287918 1618
1588015538378 5.359999880194664 1619
1588015542973 6.289999859407544 1620
1588015547536 2.249999949708581 1621
1588015551954 4.56999989785254 1622
1588015556427 5.739999871701002 1623
1588015560908 5.739999871701002 1624
1588015565525 0.7599999830126762 1625
1588015570140 5.009999888017774 1626
1588015574665 5.489999877288938 1627
1588015579222 7.329999836161733 1628
1588015583652 6.489999854937196 1629
1588015588094 0.6899999845772982 1630
1588015592513 3.6199999190866947 1631
1588015596925 0.1699999962002039 1632
1588015601390 5.7299998719245195 1633
1588015605966 6.7599998489022255 1634
1588015610457 6.0899998638778925 1635
1588015614996 0.7499999832361937 1636
1588015619425 4.339999902993441 1637
1588015624013 3.4399999231100082 1638
1588015628581 0.8899999801069498 1639
1588015633099 3.3799999244511127 1640
1588015638129 0.4999999888241291 1641
1588015642705 5.359999880194664 1642
1588015647273 5.6599998734891415 1643
1588015651836 0.18999999575316906 1644
1588015656351 5.199999883770943 1645
1588015660889 3.6299999188631773 1646
1588015665475 7.779999826103449 1647
1588015670003 3.1999999284744263 1648
1588015674550 7.339999835938215 1649
1588015678982 1.4199999682605267 1650
1588015683512 0.18999999575316906 1651
1588015688007 0.6299999859184027 1652
1588015692485 5.029999887570739 1653
1588015697051 3.299999926239252 1654
1588015701660 2.869999935850501 1655
1588015706159 5.489999877288938 1656
1588015710738 2.8099999371916056 1657
1588015715276 2.819999936968088 1658
1588015719831 6.11999986320734 1659
1588015724423 8.009999820962548 1660
1588015728915 0.1699999962002039 1661
1588015733329 3.899999912828207 1662
1588015737855 5.80999987013638 1663
1588015742397 7.989999821409583 1664
1588015746973 5.869999868795276 1665
1588015751555 5.389999879524112 1666
1588015756044 7.93999982252717 1667
1588015760583 0.0 1668
1588015765055 4.969999888911843 1669
1588015769609 1.50999996624887 1670
1588015774168 0.09999999776482582 1671
1588015778700 7.04999984242022 1672
1588015783129 3.729999916628003 1673
1588015787584 0.09999999776482582 1674
1588015792036 6.149999862536788 1675
1588015796474 3.8099999148398638 1676
1588015800930 6.6599998511374 1677
1588015805557 3.899999912828207 1678
1588015810150 6.749999849125743 1679
1588015814787 1.769999960437417 1680
1588015819685 2.9599999338388443 1681
1588015824130 6.149999862536788 1682
1588015828677 5.529999876394868 1683
1588015833149 0.24999999441206455 1684
1588015837686 0.2299999948590994 1685
1588015842124 4.599999897181988 1686
1588015846546 2.4099999461323023 1687
1588015851097 6.419999856501818 1688
1588015855552 4.139999907463789 1689
1588015860052 3.8899999130517244 1690
1588015864680 0.05999999865889549 1691
1588015869265 0.0 1692
1588015873691 4.119999907910824 1693
1588015878118 0.0 1694
1588015882558 5.389999879524112 1695
1588015886980 4.059999909251928 1696
1588015891455 6.579999852925539 1697
1588015896028 4.6299998965114355 1698
1588015900651 0.0 1699
1588015905259 0.4399999901652336 1700
1588015909751 4.3899999018758535 1701
1588015914223 0.7299999836832285 1702
1588015918845 2.6899999398738146 1703
1588015923343 0.11999999731779099 1704
1588015927798 5.319999881088734 1705
1588015932308 0.0 1706
1588015936761 4.0799999088048935 1707
1588015941219 0.0 1708
1588015945672 4.889999890699983 1709
1588015950156 4.239999905228615 1710
1588015954595 3.159999929368496 1711
1588015959024 6.929999845102429 1712
1588015963439 7.969999821856618 1713
1588015967855 1.3199999704957008 1714
1588015972293 6.509999854490161 1715
1588015976711 1.0599999763071537 1716
1588015981138 0.1699999962002039 1717
1588015985597 1.029999976977706 1718
1588015990021 0.42999999038875103 1719
1588015994653 0.25999999418854713 1720
1588015999672 3.729999916628003 1721
1588016004250 2.0199999548494816 1722
1588016008808 0.0 1723
1588016013254 2.899999935179949 1724
1588016017766 0.0 1725
1588016022325 5.089999886229634 1726
1588016026891 5.6599998734891415 1727
1588016031468 2.079999953508377 1728
1588016035990 4.21999990567565 1729
1588016040429 5.119999885559082 1730
1588016044965 0.0 1731
1588016049395 5.429999878630042 1732
1588016053821 0.0 1733
1588016058353 3.589999919757247 1734
1588016062802 4.489999899640679 1735
1588016067225 6.2799998596310616 1736
1588016071719 2.899999935179949 1737
1588016076222 4.56999989785254 1738
1588016080651 6.339999858289957 1739
1588016085084 5.249999882653356 1740
1588016089505 2.009999955072999 1741
1588016093976 3.3599999248981476 1742
1588016098433 5.749999871477485 1743
1588016102921 1.7099999617785215 1744
1588016107480 6.819999847561121 1745
1588016112032 8.119999818503857 1746
1588016116575 0.13999999687075615 1747
1588016121161 1.5199999660253525 1748
1588016125644 1.0399999767541885 1749
1588016130086 5.029999887570739 1750
1588016134595 1.269999971613288 1751
1588016139084 3.1399999298155308 1752
1588016143627 5.069999886676669 1753
1588016148174 0.5799999870359898 1754
1588016152764 4.449999900534749 1755
1588016157353 4.29999990388751 1756
1588016161958 2.9599999338388443 1757
1588016166536 0.5599999874830246 1758
1588016171110 0.019999999552965164 1759
1588016175855 2.679999940097332 1760
1588016180584 4.029999909922481 1761
1588016185096 6.619999852031469 1762
1588016189646 0.6199999861419201 1763
1588016194070 4.379999902099371 1764
1588016198642 5.049999887123704 1765
1588016203118 3.969999911263585 1766
1588016207577 4.369999902322888 1767
1588016212079 2.799999937415123 1768
1588016216571 3.4599999226629734 1769
1588016221092 5.989999866113067 1770
1588016225656 0.4499999899417162 1771
1588016230148 5.019999887794256 1772
1588016234687 0.0 1773
1588016239233 6.109999863430858 1774
1588016243735 2.299999948590994 1775
1588016248195 3.5499999206513166 1776
1588016252688 7.489999832585454 1777
1588016257153 4.769999893382192 1778
1588016261576 6.0899998638778925 1779
1588016266007 4.929999889805913 1780
1588016270444 6.029999865218997 1781
1588016275002 2.5199999436736107 1782
1588016279556 3.689999917522073 1783
1588016284162 2.9499999340623617 1784
1588016288782 8.899999801069498 1785
1588016293317 5.239999882876873 1786
1588016297870 4.239999905228615 1787
1588016302416 7.059999842196703 1788
1588016306968 7.369999835267663 1789
1588016311516 8.179999817162752 1790
1588016315936 4.7499998938292265 1791
1588016320433 0.0 1792
1588016324905 3.8399999141693115 1793
1588016329320 3.1199999302625656 1794
1588016333747 8.929999800398946 1795
1588016338176 5.1799998842179775 1796
1588016342634 0.0 1797
1588016347063 0.0 1798
1588016351612 5.259999882429838 1799
1588016356584 1.099999975413084 1800
1588016361380 6.609999852254987 1801
1588016365916 3.6199999190866947 1802
1588016370362 8.929999800398946 1803
1588016374847 5.22999988310039 1804
1588016379418 6.419999856501818 1805
1588016383980 5.429999878630042 1806
1588016388393 4.969999888911843 1807
1588016392819 0.0 1808
1588016397404 3.9099999126046896 1809
1588016402044 4.4399999007582664 1810
1588016406582 0.0 1811
1588016411044 3.349999925121665 1812
1588016415529 3.5299999210983515 1813
1588016419955 5.929999867454171 1814
1588016424389 5.359999880194664 1815
1588016428861 2.6199999414384365 1816
1588016433276 5.6599998734891415 1817
1588016437702 4.9399998895823956 1818
1588016442126 1.459999967366457 1819
1588016446546 5.199999883770943 1820
1588016450972 7.559999831020832 1821
1588016455384 0.06999999843537807 1822
1588016459897 6.9499998446553946 1823
1588016464386 5.309999881312251 1824
1588016468905 4.969999888911843 1825
1588016473374 2.699999939650297 1826
1588016477941 2.9299999345093966 1827
1588016482494 1.8999999575316906 1828
1588016486960 0.1699999962002039 1829
1588016491519 5.339999880641699 1830
1588016496114 0.20999999530613422 1831
1588016500658 0.14999999664723873 1832
1588016505173 0.14999999664723873 1833
1588016509688 1.1399999745190144 1834
1588016514158 0.2299999948590994 1835
1588016518630 4.8699998911470175 1836
1588016523113 4.149999907240272 1837
1588016527621 4.169999906793237 1838
1588016532186 1.8699999582022429 1839
1588016537226 5.169999884441495 1840
1588016541800 4.809999892488122 1841
1588016546377 5.829999869689345 1842
1588016550938 0.03999999910593033 1843
1588016555508 8.689999805763364 1844
1588016560096 6.979999843984842 1845
1588016564588 4.759999893605709 1846
1588016569013 6.159999862313271 1847
1588016573436 5.259999882429838 1848
1588016577861 4.449999900534749 1849
1588016582352 4.049999909475446 1850
1588016586926 6.129999862983823 1851
1588016591478 1.8799999579787254 1852
1588016595895 0.2199999950826168 1853
1588016600407 2.459999945014715 1854
1588016604971 0.8199999816715717 1855
1588016609505 6.249999860301614 1856
1588016613935 2.989999933168292 1857
1588016618401 10.14999977312982 1858
1588016622887 8.78999980352819 1859
1588016627456 4.639999896287918 1860
1588016631912 6.829999847337604 1861
1588016636474 7.00999984331429 1862
1588016641013 5.479999877512455 1863
1588016645484 2.969999933615327 1864
1588016649925 5.049999887123704 1865
1588016654359 5.14999988488853 1866
1588016658781 4.429999900981784 1867
1588016663205 4.549999898299575 1868
1588016667631 4.0799999088048935 1869
1588016672062 7.159999839961529 1870
1588016676552 6.099999863654375 1871
1588016680983 1.0899999756366014 1872
1588016685410 4.769999893382192 1873
1588016689837 6.959999844431877 1874
1588016694274 2.079999953508377 1875
1588016698695 0.4599999897181988 1876
1588016703274 7.329999836161733 1877
1588016707816 7.00999984331429 1878
1588016712262 12.409999722614884 1879
1588016717332 5.519999876618385 1880
1588016721933 6.229999860748649 1881
1588016726549 6.629999851807952 1882
1588016731049 5.929999867454171 1883
1588016735613 9.48999978788197 1884
1588016740190 4.159999907016754 1885
1588016744675 5.859999869018793 1886
1588016749235 1.5999999642372131 1887
1588016753728 1.769999960437417 1888
1588016758173 3.539999920874834 1889
1588016762659 5.869999868795276 1890
1588016767197 3.299999926239252 1891
1588016771736 1.8799999579787254 1892
1588016776283 8.109999818727374 1893
1588016780868 6.159999862313271 1894
1588016785431 7.029999842867255 1895
1588016789894 7.909999823197722 1896
1588016794437 0.3199999928474426 1897
1588016798912 3.9299999121576548 1898
1588016803424 7.649999829009175 1899
1588016808009 9.689999783411622 1900
1588016812647 9.609999785199761 1901
1588016817194 7.519999831914902 1902
1588016821781 0.9399999789893627 1903
1588016826381 11.249999748542905 1904
1588016830905 3.6699999179691076 1905
1588016835446 6.979999843984842 1906
1588016840022 4.049999909475446 1907
1588016844623 2.9999999329447746 1908
1588016849094 1.3699999693781137 1909
1588016853543 13.229999704286456 1910
1588016858000 2.6899999398738146 1911
1588016862554 3.7199999168515205 1912
1588016867107 2.369999947026372 1913
1588016871668 4.489999899640679 1914
1588016876232 3.799999915063381 1915
1588016880779 4.409999901428819 1916
1588016885344 6.289999859407544 1917
1588016889854 5.869999868795276 1918
1588016894321 4.559999898076057 1919
1588016899254 4.229999905452132 1920
1588016903683 2.74999993853271 1921
1588016908103 5.269999882206321 1922
1588016912600 1.0599999763071537 1923
1588016917140 6.849999846890569 1924
1588016921585 13.339999701827765 1925
1588016926023 5.759999871253967 1926
1588016930452 9.169999795034528 1927
1588016934958 3.5799999199807644 1928
1588016939538 11.919999733567238 1929
1588016944077 1.699999962002039 1930
1588016948509 0.909999979659915 1931
1588016952960 2.969999933615327 1932
1588016957405 10.849999757483602 1933
1588016961832 3.249999927356839 1934
1588016966278 1.9799999557435513 1935
1588016970732 2.8399999365210533 1936
1588016975272 7.1199998408555984 1937
1588016979795 5.999999865889549 1938
1588016984355 8.179999817162752 1939
1588016988792 2.699999939650297 1940
1588016993233 0.7599999830126762 1941
1588016997745 4.189999906346202 1942
1588017002372 2.609999941661954 1943
1588017006939 1.7799999602138996 1944
1588017011393 1.3599999696016312 1945
1588017015861 3.9299999121576548 1946
1588017020405 0.0 1947
1588017024875 5.119999885559082 1948
1588017029441 7.969999821856618 1949
1588017034038 3.7399999164044857 1950
1588017038668 3.759999915957451 1951
1588017043247 2.8099999371916056 1952
1588017047829 2.6199999414384365 1953
1588017052391 2.799999937415123 1954
1588017056998 2.9599999338388443 1955
1588017061593 2.369999947026372 1956
1588017066178 2.149999951943755 1957
1588017070750 4.8799998909235 1958
1588017075546 1.099999975413084 1959
1588017080437 5.359999880194664 1960
1588017084934 8.099999818950891 1961
1588017089364 2.389999946579337 1962
1588017093826 5.989999866113067 1963
1588017098258 2.659999940544367 1964
1588017102677 2.199999950826168 1965
1588017107134 1.1199999749660492 1966
1588017111698 3.179999928921461 1967
1588017116161 6.469999855384231 1968
1588017120608 5.259999882429838 1969
1588017125073 5.669999873265624 1970
1588017129510 6.379999857395887 1971
1588017133953 4.459999900311232 1972
1588017138379 4.579999897629023 1973
1588017142810 3.539999920874834 1974
1588017147251 0.909999979659915 1975
1588017151677 3.0299999322742224 1976
1588017156110 4.469999900087714 1977
1588017160544 4.859999891370535 1978
1588017164992 6.6399998515844345 1979
1588017169436 5.0599998869001865 1980
1588017173871 4.4399999007582664 1981
1588017178309 8.59999980777502 1982
1588017182775 4.789999892935157 1983
1588017187203 2.4299999456852674 1984
1588017191649 0.5999999865889549 1985
1588017196094 6.959999844431877 1986
1588017200568 5.959999866783619 1987
1588017205161 3.999999910593033 1988
1588017209721 9.709999782964587 1989
1588017214275 10.289999770000577 1990
1588017218766 2.7699999380856752 1991
1588017223294 6.729999849572778 1992
1588017227766 4.329999903216958 1993
1588017232246 4.049999909475446 1994
1588017236694 5.339999880641699 1995
1588017241150 4.8799998909235 1996
1588017245689 2.419999945908785 1997
1588017250151 1.409999968484044 1998
1588017254730 5.329999880865216 1999
1588017259624 7.969999821856618 2000
1588017264201 5.1799998842179775 2001
1588017268624 0.9699999783188105 2002
1588017273121 5.239999882876873 2003
1588017277613 2.0399999544024467 2004
1588017282197 7.969999821856618 2005
1588017286666 2.7199999392032623 2006
1588017291051 1.1399999745190144 2007
1588017295450 2.269999949261546 2008
1588017299817 4.929999889805913 2009
1588017304261 4.589999897405505 2010
1588017308624 6.139999862760305 2011
1588017312984 9.419999789446592 2012
1588017317358 3.179999928921461 2013
1588017321780 6.6399998515844345 2014
1588017326254 0.6799999848008156 2015
1588017330631 3.349999925121665 2016
1588017335032 6.839999847114086 2017
1588017339405 1.1399999745190144 2018
1588017343842 0.47999998927116394 2019
1588017348292 4.689999895170331 2020
1588017352672 3.8699999134987593 2021
1588017357110 2.989999933168292 2022
1588017361542 3.2599999271333218 2023
1588017366089 5.889999868348241 2024
1588017370536 2.969999933615327 2025
1588017375030 2.4699999447911978 2026
1588017379543 1.1299999747425318 2027
1588017384036 0.9199999794363976 2028
1588017388577 4.56999989785254 2029
1588017393143 6.6399998515844345 2030
1588017397625 11.569999741390347 2031
1588017402004 4.819999892264605 2032
1588017406417 0.9299999792128801 2033
1588017410812 4.139999907463789 2034
1588017415276 4.769999893382192 2035
1588017419687 12.939999710768461 2036
1588017424256 4.56999989785254 2037
1588017428686 4.4399999007582664 2038
1588017433205 0.7999999821186066 2039
1588017438235 7.169999839738011 2040
1588017442749 2.7899999376386404 2041
1588017447143 9.779999781399965 2042
1588017451536 0.6199999861419201 2043
1588017456055 5.489999877288938 2044
1588017460535 5.979999866336584 2045
1588017464922 2.0899999532848597 2046
1588017469392 9.189999794587493 2047
1588017473941 7.469999833032489 2048
1588017478480 5.929999867454171 2049
1588017482994 6.779999848455191 2050
1588017487463 3.659999918192625 2051
1588017491989 6.2799998596310616 2052
1588017496564 5.579999875277281 2053
1588017501137 7.219999838620424 2054
1588017505634 5.689999872818589 2055
1588017510104 3.9599999114871025 2056
1588017514447 5.80999987013638 2057
1588017518812 2.5299999434500933 2058
1588017523193 14.51999967545271 2059
1588017527596 7.199999839067459 2060
1588017531982 3.879999913275242 2061
1588017536352 4.279999904334545 2062
1588017540807 3.589999919757247 2063
1588017545335 3.469999922439456 2064
1588017549882 1.50999996624887 2065
1588017554427 7.109999841079116 2066
1588017558892 5.209999883547425 2067
1588017563284 2.8599999360740185 2068
1588017567664 5.589999875053763 2069
1588017572046 1.6399999633431435 2070
1588017576450 3.129999930039048 2071
1588017580886 6.819999847561121 2072
1588017585388 3.919999912381172 2073
1588017589812 5.619999874383211 2074
1588017594279 4.469999900087714 2075
1588017598867 4.089999908581376 2076
1588017603403 3.969999911263585 2077
1588017607893 4.829999892041087 2078
1588017612439 1.2299999725073576 2079
1588017617548 7.459999833256006 2080
1588017621965 3.0499999318271875 2081
1588017626522 2.339999947696924 2082
1588017631141 5.76999987103045 2083
1588017635609 3.659999918192625 2084
1588017640002 2.6199999414384365 2085
1588017644421 2.849999936297536 2086
1588017648876 3.0499999318271875 2087
1588017653278 1.3699999693781137 2088
1588017657680 3.7899999152868986 2089
1588017662120 1.289999971166253 2090
1588017666512 4.60999989695847 2091
1588017670904 5.469999877735972 2092
1588017675302 8.269999815151095 2093
1588017679709 4.149999907240272 2094
1588017684138 3.899999912828207 2095
1588017688550 0.669999985024333 2096
1588017692931 4.889999890699983 2097
1588017697325 1.2299999725073576 2098
1588017701764 0.7399999834597111 2099
1588017706184 3.5099999215453863 2100
1588017710629 3.469999922439456 2101
1588017715079 6.649999851360917 2102
1588017719573 5.219999883323908 2103
1588017724223 2.2599999494850636 2104
1588017728836 4.549999898299575 2105
1588017733253 6.269999859854579 2106
1588017737624 6.2099998611956835 2107
1588017742066 7.059999842196703 2108
1588017746586 4.379999902099371 2109
1588017751107 4.229999905452132 2110
1588017755674 8.279999814927578 2111
1588017760114 8.059999819844961 2112
1588017764567 9.359999790787697 2113
1588017769078 5.139999885112047 2114
1588017773481 4.9399998895823956 2115
1588017777898 3.449999922886491 2116
1588017782349 2.9099999349564314 2117
1588017786782 8.949999799951911 2118
1588017791260 3.67999991774559 2119
1588017795943 4.56999989785254 2120
1588017800543 3.0799999311566353 2121
1588017804949 6.989999843761325 2122
1588017809371 3.9099999126046896 2123
1588017813750 3.1199999302625656 2124
1588017818193 5.939999867230654 2125
1588017822651 4.699999894946814 2126
1588017827042 6.919999845325947 2127
1588017831521 9.779999781399965 2128
1588017836037 2.319999948143959 2129
1588017840446 3.229999927803874 2130
1588017844897 0.6999999843537807 2131
1588017849466 3.8199999146163464 2132
1588017854035 5.629999874159694 2133
1588017858585 2.4999999441206455 2134
1588017863000 2.0899999532848597 2135
1588017867386 4.719999894499779 2136
1588017871790 5.259999882429838 2137
1588017876268 3.249999927356839 2138
1588017880666 8.51999980956316 2139
1588017885094 5.599999874830246 2140
1588017889509 6.289999859407544 2141
1588017893887 6.189999861642718 2142
1588017898351 3.899999912828207 2143
1588017902899 16.629999628290534 2144
1588017907437 3.7699999157339334 2145
1588017911914 1.2799999713897705 2146
1588017916406 9.079999797046185 2147
1588017920828 3.5499999206513166 2148
1588017925198 8.059999819844961 2149
1588017929570 0.6399999856948853 2150
1588017934023 2.009999955072999 2151
1588017938470 9.769999781623483 2152
1588017942975 1.099999975413084 2153
1588017947392 0.0 2154
1588017951897 0.0 2155
1588017956414 2.2899999488145113 2156
1588017960914 0.3299999926239252 2157
1588017965385 6.2799998596310616 2158
1588017969895 6.34999985806644 2159
1588017974496 6.729999849572778 2160
1588017979501 0.2199999950826168 2161
1588017984057 12.769999714568257 2162
1588017988579 1.8599999584257603 2163
1588017993097 4.91999989002943 2164
1588017997667 0.1599999964237213 2165
1588018002199 4.249999905005097 2166
1588018006691 5.199999883770943 2167
1588018011119 4.9399998895823956 2168
1588018015614 1.219999972730875 2169
1588018020151 6.419999856501818 2170
1588018024607 2.4699999447911978 2171
1588018029006 7.289999837055802 2172
1588018033390 2.2199999503791332 2173
1588018037767 5.259999882429838 2174
1588018042165 6.609999852254987 2175
1588018046543 2.7699999380856752 2176
1588018050913 5.029999887570739 2177
1588018055282 1.4299999680370092 2178
1588018059665 8.049999820068479 2179
1588018064048 2.699999939650297 2180
1588018068422 4.809999892488122 2181
1588018072784 0.9299999792128801 2182
1588018077145 3.4399999231100082 2183
1588018081528 5.899999868124723 2184
1588018085932 1.6699999626725912 2185
1588018090298 0.0 2186
1588018094660 5.709999872371554 2187
1588018099025 5.479999877512455 2188
1588018103403 1.409999968484044 2189
1588018107791 8.16999981738627 2190
1588018112266 7.7399998269975185 2191
1588018116775 1.9999999552965164 2192
1588018121282 7.729999827221036 2193
