1588096939206 1001 1
1588096943510 1001 2
1588096947782 1001 3
1588096952090 1001 4
1588096956490 1001 5
1588096960862 1001 6
1588096965194 1001 7
1588096969567 1001 8
1588096973954 1001 9
1588096978394 1001 10
1588096982872 1001 11
1588096987260 1001 12
1588096991749 1001 13
1588096996520 1001 14
1588097001179 1001 15
1588097005671 1001 16
1588097010035 1001 17
1588097014431 1001 18
1588097018771 1001 19
1588097023139 1001 20
1588097027482 1001 21
1588097031816 1001 22
1588097036160 1001 23
1588097040514 1001 24
1588097044938 1001 25
1588097049290 1001 26
1588097053641 1001 27
1588097057998 1001 28
1588097062433 1001 29
1588097066899 1001 30
1588097071474 1001 31
1588097075937 1001 32
1588097080399 1001 33
1588097084810 1001 34
1588097089173 1001 35
1588097093561 1001 36
1588097097913 1001 37
1588097102319 1001 38
1588097106814 1001 39
1588097111265 1001 40
1588097115650 1001 41
1588097120025 1001 42
1588097124426 1001 43
1588097128886 1001 44
1588097133308 1001 45
1588097137712 1001 46
1588097142092 1001 47
1588097146465 1001 48
1588097150839 1001 49
1588097155223 1001 50
1588097159691 1001 51
1588097164179 1001 52
1588097168557 1001 53
1588097172986 1001 54
1588097178013 1001 55
1588097182417 1001 56
1588097186799 1001 57
1588097191278 1001 58
1588097195747 1001 59
1588097200262 1001 60
1588097204738 1001 61
1588097209138 1001 62
1588097213628 1001 63
1588097218153 1001 64
1588097222689 1001 65
1588097227087 1001 66
1588097231633 1001 67
1588097236176 1001 68
1588097240701 1001 69
1588097245117 1001 70
1588097249514 1001 71
1588097253907 1001 72
1588097258300 1001 73
1588097262706 1001 74
1588097267121 1001 75
1588097271527 1001 76
1588097276091 1001 77
1588097280669 1001 78
1588097285266 1001 79
1588097289841 1001 80
1588097294362 1001 81
1588097298890 1001 82
1588097303368 1001 83
1588097307864 1001 84
1588097312382 1001 85
1588097316781 1001 86
1588097321193 1001 87
1588097325590 1001 88
1588097329997 1001 89
1588097334462 1001 90
1588097338999 1001 91
1588097343451 1001 92
1588097347898 1001 93
1588097352283 1001 94
1588097357146 1001 95
1588097361574 1001 96
1588097365991 1001 97
1588097370506 1001 98
1588097375007 1001 99
1588097379537 1001 100
1588097384100 1001 101
1588097388652 1001 102
1588097393180 1001 103
1588097397662 1001 104
1588097402200 1001 105
1588097406749 1001 106
1588097411308 1001 107
1588097415849 1001 108
1588097420416 1001 109
1588097424999 1001 110
1588097429611 1001 111
1588097434175 1001 112
1588097438726 1001 113
1588097443239 1001 114
1588097447778 1001 115
1588097452329 1001 116
1588097456871 1001 117
1588097461452 1001 118
1588097465986 1001 119
1588097470544 1001 120
1588097475154 1001 121
1588097479727 1001 122
1588097484258 1001 123
1588097488675 1001 124
1588097493208 1001 125
1588097497715 1001 126
1588097502240 1001 127
1588097506798 1001 128
1588097511307 1001 129
1588097515839 1001 130
1588097520314 1001 131
1588097524784 1001 132
1588097529215 1001 133
1588097533631 1001 134
1588097538519 1001 135
1588097543068 1001 136
1588097547631 1001 137
1588097552184 1001 138
1588097556711 1001 139
1588097561277 1001 140
1588097565848 1001 141
1588097570373 1001 142
1588097574802 1001 143
1588097579275 1001 144
1588097583861 1001 145
1588097588380 1001 146
1588097592835 1001 147
1588097597328 1001 148
1588097601903 1001 149
1588097606511 1001 150
1588097611064 1001 151
1588097615567 1001 152
1588097620051 1001 153
1588097624509 1001 154
1588097628965 1001 155
1588097633440 1001 156
1588097637946 1001 157
1588097642467 1001 158
1588097646970 1001 159
1588097651566 1001 160
1588097656178 1001 161
1588097660717 1001 162
1588097665244 1001 163
1588097669851 1001 164
1588097674446 1001 165
1588097678985 1001 166
1588097683629 1001 167
1588097688182 1001 168
1588097692744 1001 169
1588097697359 1001 170
1588097701949 1001 171
1588097706455 1001 172
1588097710930 1001 173
1588097715692 1001 174
1588097720465 1001 175
1588097724955 1001 176
1588097729466 1001 177
1588097734007 1001 178
1588097738518 1001 179
1588097743104 1001 180
1588097747682 1001 181
1588097752159 1001 182
1588097756642 1001 183
1588097761139 1001 184
1588097765723 1001 185
1588097770218 1001 186
1588097774710 1001 187
1588097779281 1001 188
1588097783812 1001 189
1588097788415 1001 190
1588097792919 1001 191
1588097797516 1001 192
1588097802142 1001 193
1588097806772 1001 194
1588097811416 1001 195
1588097816107 1001 196
1588097820782 1001 197
1588097825434 1001 198
1588097830187 1001 199
1588097834823 1001 200
1588097839360 1001 201
1588097843868 1001 202
1588097848360 1001 203
1588097852872 1001 204
1588097857391 1001 205
1588097861920 1001 206
1588097866438 1001 207
1588097870970 1001 208
1588097875554 1001 209
1588097880068 1001 210
1588097884618 1001 211
1588097889233 1001 212
1588097893811 1001 213
1588097898938 1001 214
1588097903583 1001 215
1588097908223 1001 216
1588097912735 1001 217
1588097917255 1001 218
1588097921780 1001 219
1588097926311 1001 220
1588097930831 1001 221
1588097935502 1001 222
1588097940102 1001 223
1588097944679 1001 224
1588097949210 1001 225
1588097953750 1001 226
1588097958301 1001 227
1588097962835 1001 228
1588097967379 1001 229
1588097971929 1001 230
1588097976467 1001 231
1588097981086 1001 232
1588097985719 1001 233
1588097990295 1001 234
1588097994848 1001 235
1588097999506 1001 236
1588098004177 1001 237
1588098008835 1001 238
1588098013557 1001 239
1588098018300 1001 240
1588098022930 1001 241
1588098027586 1001 242
1588098032147 1001 243
1588098036705 1001 244
1588098041348 1001 245
1588098046064 1001 246
1588098050767 1001 247
1588098055345 1001 248
1588098059982 1001 249
1588098064596 1001 250
1588098069165 1001 251
1588098073741 1001 252
1588098078837 1001 253
1588098083409 1001 254
1588098088013 1001 255
1588098092581 1001 256
1588098097153 1001 257
1588098101734 1001 258
1588098106323 1001 259
1588098110985 1001 260
1588098115714 1001 261
1588098120325 1001 262
1588098124938 1001 263
1588098129535 1001 264
1588098134153 1001 265
1588098138744 1001 266
1588098143352 1001 267
1588098147956 1001 268
1588098152555 1001 269
1588098157162 1001 270
1588098161760 1001 271
1588098166365 1001 272
1588098171058 1001 273
1588098175801 1001 274
1588098180565 1001 275
1588098185234 1001 276
1588098189849 1001 277
1588098194489 1001 278
1588098199234 1001 279
1588098203858 1001 280
1588098208474 1001 281
1588098213117 1001 282
1588098217733 1001 283
1588098222361 1001 284
1588098226996 1001 285
1588098231674 1001 286
1588098236437 1001 287
1588098241222 1001 288
1588098245966 1001 289
1588098250735 1001 290
1588098255677 1001 291
1588098260588 1001 292
1588098265237 1001 293
1588098269885 1001 294
1588098274587 1001 295
1588098279319 1001 296
1588098284093 1001 297
1588098288916 1001 298
1588098293754 1001 299
1588098298470 1001 300
1588098303202 1001 301
1588098307876 1001 302
1588098312577 1001 303
1588098317270 1001 304
1588098321998 1001 305
1588098326684 1001 306
1588098331358 1001 307
1588098336032 1001 308
1588098340715 1001 309
1588098345408 1001 310
1588098350127 1001 311
1588098354803 1001 312
1588098359567 1001 313
1588098364404 1001 314
1588098369261 1001 315
1588098374069 1001 316
1588098378763 1001 317
1588098383463 1001 318
1588098388184 1001 319
1588098393032 1001 320
1588098397818 1001 321
1588098402529 1001 322
1588098407318 1001 323
1588098412036 1001 324
1588098416760 1001 325
1588098421489 1001 326
1588098426211 1001 327
1588098430961 1001 328
1588098436007 1001 329
1588098441026 1001 330
1588098445861 1001 331
1588098450604 1001 332
1588098455409 1001 333
1588098460177 1001 334
1588098464999 1001 335
1588098469792 1001 336
1588098474699 1001 337
1588098479587 1001 338
1588098484471 1001 339
1588098489361 1001 340
1588098494195 1001 341
1588098498999 1001 342
1588098503920 1001 343
1588098508825 1001 344
1588098513754 1001 345
1588098518675 1001 346
1588098523600 1001 347
1588098528537 1001 348
1588098533452 1001 349
1588098538323 1001 350
1588098543213 1001 351
1588098547987 1001 352
1588098552807 1001 353
1588098557594 1001 354
1588098562519 1001 355
1588098567456 1001 356
1588098572279 1001 357
1588098577049 1001 358
1588098581822 1001 359
1588098586617 1001 360
1588098591410 1001 361
1588098596302 1001 362
1588098601242 1001 363
1588098606149 1001 364
1588098611144 1001 365
1588098616417 1001 366
1588098621563 1001 367
1588098626441 1001 368
1588098631427 1001 369
1588098636358 1001 370
1588098641176 1001 371
1588098645989 1001 372
1588098650922 1001 373
1588098655883 1001 374
1588098660865 1001 375
1588098665784 1001 376
1588098670655 1001 377
1588098675595 1001 378
1588098680592 1001 379
1588098685500 1001 380
1588098690431 1001 381
1588098695387 1001 382
1588098700316 1001 383
1588098705273 1001 384
1588098710250 1001 385
1588098715220 1001 386
1588098720183 1001 387
1588098725203 1001 388
1588098730146 1001 389
1588098735123 1001 390
1588098740034 1001 391
1588098744886 1001 392
1588098749738 1001 393
1588098754583 1001 394
1588098759446 1001 395
1588098764330 1001 396
1588098769356 1001 397
1588098774254 1001 398
1588098779239 1001 399
1588098784298 1001 400
1588098789362 1001 401
1588098794599 1001 402
1588098799951 1001 403
1588098805004 1001 404
1588098810066 1001 405
1588098815027 1001 406
1588098820062 1001 407
1588098824965 1001 408
1588098829871 1001 409
1588098834776 1001 410
1588098839763 1001 411
1588098844731 1001 412
1588098849681 1001 413
1588098854616 1001 414
1588098859588 1001 415
1588098864626 1001 416
1588098869678 1001 417
1588098874587 1001 418
1588098879504 1001 419
1588098884579 1001 420
1588098889667 1001 421
1588098894765 1001 422
1588098899767 1001 423
1588098904813 1001 424
1588098909864 1001 425
1588098914842 1001 426
1588098919905 1001 427
1588098924866 1001 428
1588098929887 1001 429
1588098934886 1001 430
1588098939983 1001 431
1588098945008 1001 432
1588098949964 1001 433
1588098954925 1001 434
1588098959935 1001 435
1588098965045 1001 436
1588098970125 1001 437
1588098975385 1001 438
1588098980730 1001 439
1588098985815 1001 440
1588098990858 1001 441
1588098995954 1001 442
1588099001090 1001 443
1588099006104 1001 444
1588099011157 1001 445
1588099016270 1001 446
1588099021442 1001 447
1588099026596 1001 448
1588099031691 1001 449
1588099036701 1001 450
1588099041689 1001 451
1588099046772 1001 452
1588099051933 1001 453
1588099057110 1001 454
1588099062245 1001 455
1588099067403 1001 456
1588099072548 1001 457
1588099077675 1001 458
1588099082738 1001 459
1588099087778 1001 460
1588099092845 1001 461
1588099097992 1001 462
1588099103137 1001 463
1588099108198 1001 464
1588099113383 1001 465
1588099118586 1001 466
1588099123777 1001 467
1588099128913 1001 468
1588099133958 1001 469
1588099139007 1001 470
1588099144105 1001 471
1588099149188 1001 472
1588099154359 1001 473
1588099159909 1001 474
1588099165137 1001 475
1588099170189 1001 476
1588099175253 1001 477
1588099180330 1001 478
1588099185387 1001 479
1588099190461 1001 480
1588099195543 1001 481
1588099200615 1001 482
1588099205708 1001 483
1588099210790 1001 484
1588099215885 1001 485
1588099220977 1001 486
1588099226079 1001 487
1588099231181 1001 488
1588099236279 1001 489
1588099241391 1001 490
1588099246484 1001 491
1588099251564 1001 492
1588099256661 1001 493
1588099261795 1001 494
1588099266925 1001 495
1588099272017 1001 496
1588099277119 1001 497
1588099282234 1001 498
1588099287415 1001 499
1588099292580 1001 500
1588099297800 1001 501
1588099303089 1001 502
1588099308301 1001 503
1588099313528 1001 504
1588099318788 1001 505
1588099324012 1001 506
1588099329289 1001 507
1588099334654 1001 508
1588099340340 1001 509
1588099345613 1001 510
1588099350893 1001 511
1588099356175 1001 512
1588099361325 1001 513
1588099366503 1001 514
1588099371684 1001 515
1588099376827 1001 516
1588099382054 1001 517
1588099387335 1001 518
1588099392493 1001 519
1588099397668 1001 520
1588099402842 1001 521
1588099408020 1001 522
1588099413203 1001 523
1588099418502 1001 524
1588099423829 1001 525
1588099429021 1001 526
1588099434200 1001 527
1588099439382 1001 528
1588099444582 1001 529
1588099449789 1001 530
1588099455091 1001 531
1588099460274 1001 532
1588099465467 1001 533
1588099470739 1001 534
1588099476077 1001 535
1588099481327 1001 536
1588099486526 1001 537
1588099491875 1001 538
1588099497176 1001 539
1588099502577 1001 540
1588099507867 1001 541
1588099513203 1001 542
1588099519012 1001 543
1588099524246 1001 544
1588099529478 1001 545
1588099534781 1001 546
1588099540205 1001 547
1588099545489 1001 548
1588099550712 1001 549
1588099556048 1001 550
1588099561465 1001 551
1588099566909 1001 552
1588099572214 1001 553
1588099577479 1001 554
1588099582739 1001 555
1588099588041 1001 556
1588099593454 1001 557
1588099598796 1001 558
1588099604126 1001 559
1588099609528 1001 560
1588099614886 1001 561
1588099620296 1001 562
1588099625685 1001 563
1588099630958 1001 564
1588099636388 1001 565
1588099641755 1001 566
1588099647186 1001 567
1588099652634 1001 568
1588099658077 1001 569
1588099663467 1001 570
1588099668833 1001 571
1588099674278 1001 572
1588099679607 1001 573
1588099685021 1001 574
1588099690429 1001 575
1588099696180 1001 576
1588099701868 1001 577
1588099707283 1001 578
1588099712607 1001 579
1588099718100 1001 580
1588099723644 1001 581
1588099729201 1001 582
1588099734719 1001 583
1588099740222 1001 584
1588099745770 1001 585
1588099751271 1001 586
1588099756929 1001 587
1588099762437 1001 588
1588099767899 1001 589
1588099773399 1001 590
1588099778954 1001 591
1588099784550 1001 592
1588099790086 1001 593
1588099795658 1001 594
1588099801161 1001 595
1588099806649 1001 596
1588099812177 1001 597
1588099817738 1001 598
1588099823269 1001 599
1588099828856 1001 600
1588099834474 1001 601
1588099840006 1001 602
1588099845481 1001 603
1588099850961 1001 604
1588099856456 1001 605
1588099862052 1001 606
1588099867682 1001 607
1588099873291 1001 608
1588099879223 1001 609
1588099884754 1001 610
1588099890316 1001 611
1588099895937 1001 612
1588099901525 1001 613
1588099907187 1001 614
1588099912791 1001 615
1588099918393 1001 616
1588099923943 1001 617
1588099929575 1001 618
1588099935219 1001 619
1588099940772 1001 620
1588099946420 1001 621
1588099952042 1001 622
1588099957642 1001 623
1588099963320 1001 624
1588099969015 1001 625
1588099974656 1001 626
1588099980360 1001 627
1588099986066 1001 628
1588099991734 1001 629
1588099997417 1001 630
1588100003097 1001 631
1588100008770 1001 632
1588100014442 1001 633
1588100020083 1001 634
1588100025691 1001 635
1588100031264 1001 636
1588100036843 1001 637
1588100042445 1001 638
1588100048023 1001 639
1588100053622 1001 640
1588100059699 1001 641
1588100065414 1001 642
1588100071102 1001 643
1588100076774 1001 644
1588100082478 1001 645
1588100088073 1001 646
1588100093683 1001 647
1588100099297 1001 648
1588100105002 1001 649
1588100110658 1001 650
1588100116262 1001 651
1588100121901 1001 652
1588100127641 1001 653
1588100133396 1001 654
1588100139161 1001 655
1588100144833 1001 656
1588100150465 1001 657
1588100156121 1001 658
1588100161783 1001 659
1588100167431 1001 660
1588100173068 1001 661
1588100178704 1001 662
1588100184359 1001 663
1588100190087 1001 664
1588100195813 1001 665
1588100201543 1001 666
1588100207204 1001 667
1588100212942 1001 668
1588100218641 1001 669
1588100224341 1001 670
1588100230106 1001 671
1588100236094 1001 672
1588100241952 1001 673
1588100247641 1001 674
1588100253343 1001 675
1588100259024 1001 676
1588100264738 1001 677
1588100270420 1001 678
1588100276130 1001 679
1588100281866 1001 680
1588100287639 1001 681
1588100293374 1001 682
1588100299051 1001 683
1588100304732 1001 684
1588100310445 1001 685
1588100316144 1001 686
1588100321853 1001 687
1588100327545 1001 688
1588100333237 1001 689
1588100338972 1001 690
1588100344830 1001 691
1588100350548 1001 692
1588100356259 1001 693
1588100362027 1001 694
1588100367808 1001 695
1588100373620 1001 696
1588100379405 1001 697
1588100385233 1001 698
1588100391024 1001 699
1588100396869 1001 700
1588100402769 1001 701
1588100408576 1001 702
1588100414337 1001 703
1588100420559 1001 704
1588100426404 1001 705
1588100432267 1001 706
1588100438063 1001 707
1588100443854 1001 708
1588100449680 1001 709
1588100455738 1001 710
1588100461586 1001 711
1588100467359 1001 712
1588100473135 1001 713
1588100478993 1001 714
1588100484810 1001 715
1588100490569 1001 716
1588100496345 1001 717
1588100502118 1001 718
1588100507912 1001 719
1588100513781 1001 720
1588100519605 1001 721
1588100525442 1001 722
1588100531241 1001 723
1588100537024 1001 724
1588100542849 1001 725
1588100548664 1001 726
1588100554598 1001 727
1588100560526 1001 728
1588100566406 1001 729
1588100572322 1001 730
1588100578161 1001 731
1588100584043 1001 732
1588100589890 1001 733
1588100595989 1001 734
1588100602191 1001 735
1588100608140 1001 736
1588100613996 1001 737
1588100619892 1001 738
1588100625850 1001 739
1588100631743 1001 740
1588100637699 1001 741
1588100643679 1001 742
1588100649486 1001 743
1588100655308 1001 744
1588100661198 1001 745
1588100667050 1001 746
1588100672925 1001 747
1588100678789 1001 748
1588100684662 1001 749
1588100690537 1001 750
1588100696503 1001 751
1588100702470 1001 752
1588100708479 1001 753
1588100714417 1001 754
1588100720409 1001 755
1588100726280 1001 756
1588100732160 1001 757
1588100738111 1001 758
1588100743999 1001 759
1588100749912 1001 760
1588100755809 1001 761
1588100761695 1001 762
1588100767648 1001 763
1588100773545 1001 764
1588100779928 1001 765
1588100785920 1001 766
1588100791866 1001 767
1588100797920 1001 768
1588100803936 1001 769
1588100809907 1001 770
1588100815886 1001 771
1588100821863 1001 772
1588100827903 1001 773
1588100833811 1001 774
1588100839758 1001 775
1588100845734 1001 776
1588100851781 1001 777
1588100857730 1001 778
1588100863659 1001 779
1588100869662 1001 780
1588100875628 1001 781
1588100881633 1001 782
1588100887709 1001 783
1588100893696 1001 784
1588100899685 1001 785
1588100905702 1001 786
1588100911647 1001 787
1588100917678 1001 788
1588100923722 1001 789
1588100929758 1001 790
1588100935734 1001 791
1588100941750 1001 792
1588100947769 1001 793
1588100953816 1001 794
1588100960347 1001 795
1588100966455 1001 796
1588100972475 1001 797
1588100978460 1001 798
1588100984534 1001 799
1588100990678 1001 800
1588100996793 1001 801
1588101002858 1001 802
1588101008987 1001 803
1588101015130 1001 804
1588101021229 1001 805
1588101027254 1001 806
1588101033356 1001 807
1588101039457 1001 808
1588101045573 1001 809
1588101051700 1001 810
1588101057713 1001 811
1588101063759 1001 812
1588101069773 1001 813
1588101075807 1001 814
1588101081853 1001 815
1588101087871 1001 816
1588101093915 1001 817
1588101099978 1001 818
1588101106130 1001 819
1588101112327 1001 820
1588101118444 1001 821
1588101124640 1001 822
1588101130740 1001 823
1588101137321 1001 824
1588101143403 1001 825
1588101149449 1001 826
1588101155572 1001 827
1588101161679 1001 828
1588101167871 1001 829
1588101174041 1001 830
1588101180115 1001 831
1588101186308 1001 832
1588101192425 1001 833
1588101198575 1001 834
1588101204786 1001 835
1588101210973 1001 836
1588101217098 1001 837
1588101223296 1001 838
1588101229471 1001 839
1588101235625 1001 840
1588101241834 1001 841
1588101247935 1001 842
1588101254041 1001 843
1588101260152 1001 844
1588101266283 1001 845
1588101272521 1001 846
1588101278678 1001 847
1588101284795 1001 848
1588101290912 1001 849
1588101297056 1001 850
1588101303283 1001 851
1588101309453 1001 852
1588101315763 1001 853
1588101322133 1001 854
1588101328274 1001 855
1588101334441 1001 856
1588101340654 1001 857
1588101346792 1001 858
1588101352938 1001 859
1588101359103 1001 860
1588101365261 1001 861
1588101371433 1001 862
1588101377656 1001 863
1588101383884 1001 864
1588101390044 1001 865
1588101396283 1001 866
1588101402554 1001 867
1588101408778 1001 868
1588101415076 1001 869
1588101421298 1001 870
1588101427548 1001 871
1588101433818 1001 872
1588101440021 1001 873
1588101446206 1001 874
1588101452410 1001 875
1588101458607 1001 876
1588101464948 1001 877
1588101471198 1001 878
1588101477394 1001 879
1588101483633 1001 880
1588101489926 1001 881
1588101496478 1001 882
1588101502925 1001 883
1588101509231 1001 884
1588101515569 1001 885
1588101521815 1001 886
1588101528020 1001 887
1588101534222 1001 888
1588101540446 1001 889
1588101546704 1001 890
1588101552922 1001 891
1588101559259 1001 892
1588101565622 1001 893
1588101571927 1001 894
1588101578237 1001 895
1588101584587 1001 896
1588101590959 1001 897
1588101597230 1001 898
1588101603580 1001 899
1588101609939 1001 900
1588101616235 1001 901
1588101622603 1001 902
1588101628993 1001 903
1588101635384 1001 904
1588101641764 1001 905
1588101648145 1001 906
1588101654496 1001 907
1588101660763 1001 908
1588101667055 1001 909
1588101673436 1001 910
1588101680190 1001 911
1588101686587 1001 912
1588101692985 1001 913
1588101699274 1001 914
1588101705554 1001 915
1588101711833 1001 916
1588101718144 1001 917
1588101724457 1001 918
1588101730761 1001 919
1588101737072 1001 920
1588101743412 1001 921
1588101749830 1001 922
1588101756518 1001 923
1588101762874 1001 924
1588101769212 1001 925
1588101775525 1001 926
1588101781928 1001 927
1588101788365 1001 928
1588101794679 1001 929
1588101801009 1001 930
1588101807359 1001 931
1588101813756 1001 932
1588101820123 1001 933
1588101826478 1001 934
1588101832917 1001 935
1588101839371 1001 936
1588101845830 1001 937
1588101852269 1001 938
1588101859188 1001 939
1588101865639 1001 940
1588101872076 1001 941
1588101878530 1001 942
1588101884903 1001 943
1588101891282 1001 944
1588101897738 1001 945
1588101904129 1001 946
1588101910560 1001 947
1588101917041 1001 948
1588101923465 1001 949
1588101929876 1001 950
1588101936255 1001 951
1588101942652 1001 952
1588101949119 1001 953
1588101955566 1001 954
1588101962044 1001 955
1588101968483 1001 956
1588101974897 1001 957
1588101981304 1001 958
1588101987711 1001 959
1588101994183 1001 960
1588102000681 1001 961
1588102007105 1001 962
1588102013527 1001 963
1588102019963 1001 964
1588102026448 1001 965
1588102032912 1001 966
1588102039767 1001 967
1588102046248 1001 968
1588102052672 1001 969
1588102059139 1001 970
1588102065580 1001 971
1588102072115 1001 972
1588102078646 1001 973
1588102085205 1001 974
1588102091771 1001 975
1588102098339 1001 976
1588102104878 1001 977
1588102111411 1001 978
1588102117964 1001 979
1588102124535 1001 980
1588102131013 1001 981
1588102137610 1001 982
1588102144214 1001 983
1588102150744 1001 984
1588102157350 1001 985
1588102163929 1001 986
1588102170435 1001 987
1588102176935 1001 988
1588102183506 1001 989
1588102190088 1001 990
1588102196694 1001 991
1588102203300 1001 992
1588102209870 1001 993
1588102216722 1001 994
1588102223432 1001 995
1588102230047 1001 996
1588102236663 1001 997
1588102243250 1001 998
1588102249788 1001 999
1588102256381 1001 1000
1588102263006 1001 1001
1588102269598 1001 1002
1588102276209 1001 1003
1588102282747 1001 1004
1588102289370 1001 1005
1588102296013 1001 1006
1588102302642 1001 1007
1588102309302 1001 1008
1588102315931 1001 1009
1588102322496 1001 1010
1588102329078 1001 1011
1588102335626 1001 1012
1588102342272 1001 1013
1588102348888 1001 1014
1588102355458 1001 1015
1588102361998 1001 1016
1588102368549 1001 1017
1588102375152 1001 1018
1588102381826 1001 1019
1588102388530 1001 1020
1588102395254 1001 1021
1588102402171 1001 1022
1588102408765 1001 1023
1588102415335 1001 1024
1588102421937 1001 1025
1588102428519 1001 1026
1588102435174 1001 1027
1588102441859 1001 1028
1588102448513 1001 1029
1588102455180 1001 1030
1588102461760 1001 1031
1588102468361 1001 1032
1588102474938 1001 1033
1588102481481 1001 1034
1588102488161 1001 1035
1588102494825 1001 1036
1588102501414 1001 1037
1588102508014 1001 1038
1588102514556 1001 1039
1588102521118 1001 1040
1588102527725 1001 1041
1588102534367 1001 1042
1588102541028 1001 1043
1588102547671 1001 1044
1588102554338 1001 1045
1588102560973 1001 1046
1588102567576 1001 1047
1588102574118 1001 1048
1588102581113 1001 1049
1588102587777 1001 1050
1588102594440 1001 1051
1588102601053 1001 1052
1588102607632 1001 1053
1588102614251 1001 1054
1588102620918 1001 1055
1588102627560 1001 1056
1588102634130 1001 1057
1588102640706 1001 1058
1588102647296 1001 1059
1588102653944 1001 1060
1588102660503 1001 1061
1588102667089 1001 1062
1588102673763 1001 1063
1588102680439 1001 1064
1588102687176 1001 1065
1588102693776 1001 1066
1588102700415 1001 1067
1588102707024 1001 1068
1588102713653 1001 1069
1588102720315 1001 1070
1588102726991 1001 1071
1588102733564 1001 1072
1588102740086 1001 1073
1588102746659 1001 1074
1588102753212 1001 1075
1588102760119 1001 1076
1588102766678 1001 1077
1588102773318 1001 1078
1588102779909 1001 1079
1588102786535 1001 1080
1588102793094 1001 1081
1588102799650 1001 1082
1588102806261 1001 1083
1588102812891 1001 1084
1588102819527 1001 1085
1588102826191 1001 1086
1588102832753 1001 1087
1588102839285 1001 1088
1588102845807 1001 1089
1588102852348 1001 1090
1588102858886 1001 1091
1588102865473 1001 1092
1588102872018 1001 1093
1588102878544 1001 1094
1588102885175 1001 1095
1588102891756 1001 1096
1588102898325 1001 1097
1588102904926 1001 1098
1588102911450 1001 1099
1588102918006 1001 1100
1588102924624 1001 1101
1588102931147 1001 1102
1588102938088 1001 1103
1588102944641 1001 1104
1588102951288 1001 1105
1588102957779 1001 1106
1588102964396 1001 1107
1588102971013 1001 1108
1588102977618 1001 1109
1588102984146 1001 1110
1588102990753 1001 1111
1588102997278 1001 1112
1588103003859 1001 1113
1588103010383 1001 1114
1588103016842 1001 1115
1588103023275 1001 1116
1588103029702 1001 1117
1588103036121 1001 1118
1588103042562 1001 1119
1588103048997 1001 1120
1588103055524 1001 1121
1588103062083 1001 1122
1588103068493 1001 1123
1588103074911 1001 1124
1588103081368 1001 1125
1588103087921 1001 1126
1588103094442 1001 1127
1588103100960 1001 1128
1588103107569 1001 1129
1588103114147 1001 1130
1588103121043 1001 1131
1588103127628 1001 1132
1588103134253 1001 1133
1588103140874 1001 1134
1588103147487 1001 1135
1588103154074 1001 1136
1588103160646 1001 1137
1588103167254 1001 1138
1588103173831 1001 1139
1588103180401 1001 1140
1588103186982 1001 1141
1588103193381 1001 1142
1588103199798 1001 1143
1588103206361 1001 1144
1588103212946 1001 1145
1588103219364 1001 1146
1588103225821 1001 1147
1588103232252 1001 1148
1588103238858 1001 1149
1588103245504 1001 1150
1588103251983 1001 1151
1588103258549 1001 1152
1588103265119 1001 1153
1588103271719 1001 1154
1588103278258 1001 1155
1588103284867 1001 1156
1588103291463 1001 1157
1588103298384 1001 1158
1588103304946 1001 1159
1588103311362 1001 1160
1588103317891 1001 1161
1588103324521 1001 1162
1588103331040 1001 1163
1588103337599 1001 1164
1588103344096 1001 1165
1588103350515 1001 1166
1588103356933 1001 1167
1588103363361 1001 1168
1588103369784 1001 1169
1588103376282 1001 1170
1588103382707 1001 1171
1588103389153 1001 1172
1588103395566 1001 1173
1588103402012 1001 1174
1588103408597 1001 1175
1588103415181 1001 1176
1588103421734 1001 1177
1588103428243 1001 1178
1588103434665 1001 1179
1588103441111 1001 1180
1588103447695 1001 1181
1588103454298 1001 1182
1588103460872 1001 1183
1588103467412 1001 1184
1588103473873 1001 1185
1588103480899 1001 1186
1588103487343 1001 1187
1588103493799 1001 1188
1588103500281 1001 1189
1588103506744 1001 1190
1588103513179 1001 1191
1588103519662 1001 1192
1588103526224 1001 1193
1588103532863 1001 1194
1588103539292 1001 1195
1588103545747 1001 1196
1588103552170 1001 1197
1588103558575 1001 1198
1588103565136 1001 1199
1588103571770 1001 1200
1588103578484 1001 1201
1588103584934 1001 1202
1588103591321 1001 1203
1588103597835 1001 1204
1588103604392 1001 1205
1588103610931 1001 1206
1588103617411 1001 1207
1588103623832 1001 1208
1588103630341 1001 1209
1588103636872 1001 1210
1588103643407 1001 1211
1588103649949 1001 1212
1588103656733 1001 1213
1588103663292 1001 1214
1588103669723 1001 1215
1588103676325 1001 1216
1588103682778 1001 1217
1588103689211 1001 1218
1588103695718 1001 1219
1588103702359 1001 1220
1588103708928 1001 1221
