1588096939206 0.47999998927116394 1
1588096943510 0.5999999865889549 2
1588096947782 0.17999999597668648 3
1588096952090 1.4199999682605267 4
1588096956490 1.9099999573081732 5
1588096960862 0.9299999792128801 6
1588096965194 0.12999999709427357 7
1588096969567 1.2499999720603228 8
1588096973954 0.7599999830126762 9
1588096978394 0.4599999897181988 10
1588096982872 0.9399999789893627 11
1588096987260 1.3299999702721834 12
1588096991749 0.46999998949468136 13
1588096996520 0.0 14
1588097001179 0.13999999687075615 15
1588097005671 1.9499999564141035 16
1588097010035 0.8199999816715717 17
1588097014431 0.8699999805539846 18
1588097018771 0.669999985024333 19
1588097023139 1.6099999640136957 20
1588097027482 0.6099999863654375 21
1588097031816 1.1099999751895666 22
1588097036160 1.579999964684248 23
1588097040514 0.789999982342124 24
1588097044938 0.7599999830126762 25
1588097049290 1.0199999772012234 26
1588097053641 0.24999999441206455 27
1588097057998 0.5199999883770943 28
1588097062433 0.789999982342124 29
1588097066899 0.08999999798834324 30
1588097071474 1.9799999557435513 31
1588097075937 0.0 32
1588097080399 1.6099999640136957 33
1588097084810 1.169999973848462 34
1588097089173 0.9399999789893627 35
1588097093561 1.169999973848462 36
1588097097913 2.3599999472498894 37
1588097102319 0.9199999794363976 38
1588097106814 1.6399999633431435 39
1588097111265 0.5299999881535769 40
1588097115650 0.7099999841302633 41
1588097120025 0.9199999794363976 42
1588097124426 1.2399999722838402 43
1588097128886 1.1599999740719795 44
1588097133308 3.419999923557043 45
1588097137712 0.12999999709427357 46
1588097142092 0.8299999814480543 47
1588097146465 1.2999999709427357 48
1588097150839 1.579999964684248 49
1588097155223 0.5799999870359898 50
1588097159691 0.46999998949468136 51
1588097164179 0.5699999872595072 52
1588097168557 0.25999999418854713 53
1588097172986 0.6999999843537807 54
1588097178013 0.5099999886006117 55
1588097182417 0.5799999870359898 56
1588097186799 1.579999964684248 57
1588097191278 1.099999975413084 58
1588097195747 0.6899999845772982 59
1588097200262 0.8999999798834324 60
1588097204738 0.7499999832361937 61
1588097209138 0.0 62
1588097213628 0.4599999897181988 63
1588097218153 2.12999995239079 64
1588097222689 0.3899999912828207 65
1588097227087 1.4499999675899744 66
1588097231633 0.2699999939650297 67
1588097236176 0.25999999418854713 68
1588097240701 1.0899999756366014 69
1588097245117 0.9699999783188105 70
1588097249514 1.6599999628961086 71
1588097253907 0.6399999856948853 72
1588097258300 2.229999950155616 73
1588097262706 2.4799999445676804 74
1588097267121 1.6099999640136957 75
1588097271527 1.2799999713897705 76
1588097276091 1.1399999745190144 77
1588097280669 0.4999999888241291 78
1588097285266 3.4999999217689037 79
1588097289841 1.7199999615550041 80
1588097294362 4.029999909922481 81
1588097298890 2.43999994546175 82
1588097303368 2.2599999494850636 83
1588097307864 2.7399999387562275 84
1588097312382 0.7099999841302633 85
1588097316781 1.5999999642372131 86
1588097321193 2.4999999441206455 87
1588097325590 3.1499999295920134 88
1588097329997 2.7199999392032623 89
1588097334462 2.779999937862158 90
1588097338999 1.339999970048666 91
1588097343451 1.4699999671429396 92
1588097347898 2.5699999425560236 93
1588097352283 2.609999941661954 94
1588097357146 3.2899999264627695 95
1588097361574 1.4899999666959047 96
1588097365991 1.0399999767541885 97
1588097370506 3.279999926686287 98
1588097375007 0.9899999778717756 99
1588097379537 1.9799999557435513 100
1588097384100 2.0899999532848597 101
1588097388652 2.489999944344163 102
1588097393180 1.2099999729543924 103
1588097397662 1.3599999696016312 104
1588097402200 1.8999999575316906 105
1588097406749 1.2399999722838402 106
1588097411308 2.699999939650297 107
1588097415849 2.9099999349564314 108
1588097420416 0.8599999807775021 109
1588097424999 0.9399999789893627 110
1588097429611 1.5899999644607306 111
1588097434175 3.8699999134987593 112
1588097438726 2.249999949708581 113
1588097443239 1.4499999675899744 114
1588097447778 2.459999945014715 115
1588097452329 3.1399999298155308 116
1588097456871 2.6399999409914017 117
1588097461452 1.0399999767541885 118
1588097465986 1.6399999633431435 119
1588097470544 2.3799999468028545 120
1588097475154 3.1899999286979437 121
1588097479727 1.7899999599903822 122
1588097484258 3.3099999260157347 123
1588097488675 1.099999975413084 124
1588097493208 1.7499999608844519 125
1588097497715 3.0699999313801527 126
1588097502240 3.159999929368496 127
1588097506798 2.6499999407678843 128
1588097511307 6.009999865666032 129
1588097515839 0.979999978095293 130
1588097520314 3.799999915063381 131
1588097524784 2.2099999506026506 132
1588097529215 4.699999894946814 133
1588097533631 2.699999939650297 134
1588097538519 2.489999944344163 135
1588097543068 4.999999888241291 136
1588097547631 1.3299999702721834 137
1588097552184 6.729999849572778 138
1588097556711 4.599999897181988 139
1588097561277 5.929999867454171 140
1588097565848 2.729999938979745 141
1588097570373 6.07999986410141 142
1588097574802 0.8499999810010195 143
1588097579275 4.289999904111028 144
1588097583861 3.519999921321869 145
1588097588380 6.439999856054783 146
1588097592835 5.349999880418181 147
1588097597328 2.2899999488145113 148
1588097601903 3.349999925121665 149
1588097606511 1.7099999617785215 150
1588097611064 3.8899999130517244 151
1588097615567 4.009999910369515 152
1588097620051 3.689999917522073 153
1588097624509 3.4799999222159386 154
1588097628965 3.5499999206513166 155
1588097633440 2.8299999367445707 156
1588097637946 4.3899999018758535 157
1588097642467 4.449999900534749 158
1588097646970 3.589999919757247 159
1588097651566 3.9099999126046896 160
1588097656178 2.7699999380856752 161
1588097660717 4.56999989785254 162
1588097665244 3.2699999269098043 163
1588097669851 2.5299999434500933 164
1588097674446 2.109999952837825 165
1588097678985 5.579999875277281 166
1588097683629 2.2099999506026506 167
1588097688182 0.29999999329447746 168
1588097692744 3.6499999184161425 169
1588097697359 3.1499999295920134 170
1588097701949 2.0699999537318945 171
1588097706455 2.8399999365210533 172
1588097710930 5.7299998719245195 173
1588097715692 4.819999892264605 174
1588097720465 3.919999912381172 175
1588097724955 7.469999833032489 176
1588097729466 4.059999909251928 177
1588097734007 3.799999915063381 178
1588097738518 6.6399998515844345 179
1588097743104 7.1899998392909765 180
1588097747682 4.719999894499779 181
1588097752159 2.559999942779541 182
1588097756642 4.769999893382192 183
1588097761139 7.749999826774001 184
1588097765723 5.889999868348241 185
1588097770218 3.1899999286979437 186
1588097774710 3.6699999179691076 187
1588097779281 6.0899998638778925 188
1588097783812 5.4199998788535595 189
1588097788415 4.969999888911843 190
1588097792919 4.819999892264605 191
1588097797516 4.689999895170331 192
1588097802142 5.939999867230654 193
1588097806772 6.049999864771962 194
1588097811416 6.859999846667051 195
1588097816107 9.71999978274107 196
1588097820782 4.959999889135361 197
1588097825434 4.6299998965114355 198
1588097830187 4.3199999034404755 199
1588097834823 4.589999897405505 200
1588097839360 4.229999905452132 201
1588097843868 5.049999887123704 202
1588097848360 3.5499999206513166 203
1588097852872 5.649999873712659 204
1588097857391 5.009999888017774 205
1588097861920 6.239999860525131 206
1588097866438 2.3299999479204416 207
1588097870970 3.7699999157339334 208
1588097875554 5.899999868124723 209
1588097880068 4.089999908581376 210
1588097884618 5.709999872371554 211
1588097889233 5.6099998746067286 212
1588097893811 3.3099999260157347 213
1588097898938 3.3199999257922173 214
1588097903583 4.119999907910824 215
1588097908223 4.829999892041087 216
1588097912735 3.4099999237805605 217
1588097917255 6.259999860078096 218
1588097921780 12.379999723285437 219
1588097926311 3.1199999302625656 220
1588097930831 4.649999896064401 221
1588097935502 9.83999978005886 222
1588097940102 5.999999865889549 223
1588097944679 2.6399999409914017 224
1588097949210 4.339999902993441 225
1588097953750 4.029999909922481 226
1588097958301 3.9799999110400677 227
1588097962835 3.6699999179691076 228
1588097967379 11.76999973692 229
1588097971929 4.479999899864197 230
1588097976467 6.979999843984842 231
1588097981086 4.769999893382192 232
1588097985719 4.249999905005097 233
1588097990295 8.24999981559813 234
1588097994848 5.409999879077077 235
1588097999506 4.429999900981784 236
1588098004177 5.509999876841903 237
1588098008835 6.579999852925539 238
1588098013557 7.199999839067459 239
1588098018300 3.779999915510416 240
1588098022930 6.819999847561121 241
1588098027586 4.699999894946814 242
1588098032147 5.359999880194664 243
1588098036705 4.169999906793237 244
1588098041348 3.569999920204282 245
1588098046064 5.579999875277281 246
1588098050767 5.719999872148037 247
1588098055345 5.18999988399446 248
1588098059982 4.91999989002943 249
1588098064596 5.099999886006117 250
1588098069165 6.4499998558312654 251
1588098073741 9.049999797716737 252
1588098078837 3.94999991171062 253
1588098083409 7.369999835267663 254
1588098088013 0.7999999821186066 255
1588098092581 5.169999884441495 256
1588098097153 4.279999904334545 257
1588098101734 4.059999909251928 258
1588098106323 5.029999887570739 259
1588098110985 6.979999843984842 260
1588098115714 9.079999797046185 261
1588098120325 4.619999896734953 262
1588098124938 8.319999814033508 263
1588098129535 8.179999817162752 264
1588098134153 6.4299998562783 265
1588098138744 7.419999834150076 266
1588098143352 8.729999804869294 267
1588098147956 5.649999873712659 268
1588098152555 4.639999896287918 269
1588098157162 4.599999897181988 270
1588098161760 5.139999885112047 271
1588098166365 5.089999886229634 272
1588098171058 4.999999888241291 273
1588098175801 6.11999986320734 274
1588098180565 6.299999859184027 275
1588098185234 8.16999981738627 276
1588098189849 5.549999875947833 277
1588098194489 5.169999884441495 278
1588098199234 6.11999986320734 279
1588098203858 8.409999812021852 280
1588098208474 8.729999804869294 281
1588098213117 4.249999905005097 282
1588098217733 7.349999835714698 283
1588098222361 11.999999731779099 284
1588098226996 6.749999849125743 285
1588098231674 7.499999832361937 286
1588098236437 7.659999828785658 287
1588098241222 6.619999852031469 288
1588098245966 9.389999790117145 289
1588098250735 4.83999989181757 290
1588098255677 6.899999845772982 291
1588098260588 6.029999865218997 292
1588098265237 10.509999765083194 293
1588098269885 6.789999848231673 294
1588098274587 7.0699998419731855 295
1588098279319 4.619999896734953 296
1588098284093 6.9499998446553946 297
1588098288916 4.799999892711639 298
1588098293754 7.079999841749668 299
1588098298470 7.909999823197722 300
1588098303202 11.009999753907323 301
1588098307876 7.769999826326966 302
1588098312577 7.00999984331429 303
1588098317270 6.0899998638778925 304
1588098321998 5.6599998734891415 305
1588098326684 7.229999838396907 306
1588098331358 9.559999786317348 307
1588098336032 9.329999791458249 308
1588098340715 6.469999855384231 309
1588098345408 14.429999677464366 310
1588098350127 8.78999980352819 311
1588098354803 7.059999842196703 312
1588098359567 6.139999862760305 313
1588098364404 7.469999833032489 314
1588098369261 4.56999989785254 315
1588098374069 11.749999737367034 316
1588098378763 2.6899999398738146 317
1588098383463 4.669999895617366 318
1588098388184 8.919999800622463 319
1588098393032 9.789999781176448 320
1588098397818 10.329999769106507 321
1588098402529 2.079999953508377 322
1588098407318 8.079999819397926 323
1588098412036 11.709999738261104 324
1588098416760 8.149999817833304 325
1588098421489 6.0899998638778925 326
1588098426211 7.149999840185046 327
1588098430961 22.559999495744705 328
1588098436007 5.919999867677689 329
1588098441026 10.819999758154154 330
1588098445861 6.819999847561121 331
1588098450604 5.859999869018793 332
1588098455409 13.219999704509974 333
1588098460177 9.71999978274107 334
1588098464999 9.629999784752727 335
1588098469792 7.529999831691384 336
1588098474699 7.699999827891588 337
1588098479587 5.989999866113067 338
1588098484471 4.889999890699983 339
1588098489361 5.749999871477485 340
1588098494195 8.179999817162752 341
1588098498999 5.669999873265624 342
1588098503920 8.419999811798334 343
1588098508825 4.819999892264605 344
1588098513754 8.859999801963568 345
1588098518675 8.999999798834324 346
1588098523600 8.299999814480543 347
1588098528537 10.049999775364995 348
1588098533452 6.769999848678708 349
1588098538323 9.479999788105488 350
1588098543213 7.039999842643738 351
1588098547987 6.569999853149056 352
1588098552807 10.68999976105988 353
1588098557594 3.9299999121576548 354
1588098562519 5.649999873712659 355
1588098567456 9.049999797716737 356
1588098572279 9.429999789223075 357
1588098577049 6.799999848008156 358
1588098581822 10.409999767318368 359
1588098586617 11.61999974027276 360
1588098591410 8.889999801293015 361
1588098596302 8.469999810680747 362
1588098601242 5.469999877735972 363
1588098606149 7.7399998269975185 364
1588098611144 8.989999799057841 365
1588098616417 6.899999845772982 366
1588098621563 8.779999803751707 367
1588098626441 11.88999973423779 368
1588098631427 9.419999789446592 369
1588098636358 8.539999809116125 370
1588098641176 8.449999811127782 371
1588098645989 6.289999859407544 372
1588098650922 5.76999987103045 373
1588098655883 7.759999826550484 374
1588098660865 9.779999781399965 375
1588098665784 9.649999784305692 376
1588098670655 8.799999803304672 377
1588098675595 12.249999726191163 378
1588098680592 11.34999974630773 379
1588098685500 11.569999741390347 380
1588098690431 1.579999964684248 381
1588098695387 9.789999781176448 382
1588098700316 11.699999738484621 383
1588098705273 8.229999816045165 384
1588098710250 8.679999805986881 385
1588098715220 8.469999810680747 386
1588098720183 8.189999816939235 387
1588098725203 8.379999812692404 388
1588098730146 7.149999840185046 389
1588098735123 7.029999842867255 390
1588098740034 9.239999793469906 391
1588098744886 8.179999817162752 392
1588098749738 8.039999820291996 393
1588098754583 13.579999696463346 394
1588098759446 9.829999780282378 395
1588098764330 6.309999858960509 396
1588098769356 8.24999981559813 397
1588098774254 7.6199998296797276 398
1588098779239 5.789999870583415 399
1588098784298 9.809999780729413 400
1588098789362 9.279999792575836 401
1588098794599 7.639999829232693 402
1588098799951 14.419999677687883 403
1588098805004 11.3099997472018 404
1588098810066 10.289999770000577 405
1588098815027 8.659999806433916 406
1588098820062 11.909999733790755 407
1588098824965 10.14999977312982 408
1588098829871 10.529999764636159 409
1588098834776 5.799999870359898 410
1588098839763 8.78999980352819 411
1588098844731 7.369999835267663 412
1588098849681 9.349999791011214 413
1588098854616 10.87999975681305 414
1588098859588 12.949999710544944 415
1588098864626 7.639999829232693 416
1588098869678 9.919999778270721 417
1588098874587 10.409999767318368 418
1588098879504 8.729999804869294 419
1588098884579 11.249999748542905 420
1588098889667 5.709999872371554 421
1588098894765 8.78999980352819 422
1588098899767 4.91999989002943 423
1588098904813 11.359999746084213 424
1588098909864 4.8799998909235 425
1588098914842 11.26999974809587 426
1588098919905 11.709999738261104 427
1588098924866 7.459999833256006 428
1588098929887 6.149999862536788 429
1588098934886 8.01999982073903 430
1588098939983 8.139999818056822 431
1588098945008 14.20999968238175 432
1588098949964 6.8799998462200165 433
1588098954925 10.869999757036567 434
1588098959935 11.759999737143517 435
1588098965045 14.109999684616923 436
1588098970125 10.429999766871333 437
1588098975385 9.48999978788197 438
1588098980730 6.799999848008156 439
1588098985815 8.089999819174409 440
1588098990858 10.159999772906303 441
1588098995954 7.349999835714698 442
1588099001090 10.119999773800373 443
1588099006104 11.439999744296074 444
1588099011157 9.819999780505896 445
1588099016270 12.369999723508954 446
1588099021442 7.639999829232693 447
1588099026596 14.309999680146575 448
1588099031691 7.399999834597111 449
1588099036701 9.319999791681767 450
1588099041689 11.989999732002616 451
1588099046772 12.959999710321426 452
1588099051933 6.69999985024333 453
1588099057110 9.83999978005886 454
1588099062245 12.499999720603228 455
1588099067403 8.399999812245369 456
1588099072548 12.709999715909362 457
1588099077675 11.369999745860696 458
1588099082738 11.03999975323677 459
1588099087778 13.04999970830977 460
1588099092845 5.14999988488853 461
1588099097992 11.359999746084213 462
1588099103137 11.139999751001596 463
1588099108198 6.059999864548445 464
1588099113383 10.469999765977263 465
1588099118586 13.809999691322446 466
1588099123777 8.509999809786677 467
1588099128913 7.639999829232693 468
1588099133958 18.649999583140016 469
1588099139007 8.979999799281359 470
1588099144105 15.319999657571316 471
1588099149188 10.639999762177467 472
1588099154359 6.929999845102429 473
1588099159909 7.819999825209379 474
1588099165137 8.089999819174409 475
1588099170189 10.849999757483602 476
1588099175253 9.669999783858657 477
1588099180330 12.489999720826745 478
1588099185387 6.73999984934926 479
1588099190461 8.069999819621444 480
1588099195543 19.459999565035105 481
1588099200615 8.529999809339643 482
1588099205708 10.219999771565199 483
1588099210790 7.699999827891588 484
1588099215885 10.979999754577875 485
1588099220977 9.909999778494239 486
1588099226079 10.269999770447612 487
1588099231181 8.729999804869294 488
1588099236279 14.579999674111605 489
1588099241391 12.969999710097909 490
1588099246484 8.16999981738627 491
1588099251564 10.14999977312982 492
1588099256661 10.019999776035547 493
1588099261795 12.489999720826745 494
1588099266925 9.869999779388309 495
1588099272017 9.5299997869879 496
1588099277119 10.849999757483602 497
1588099282234 15.949999643489718 498
1588099287415 8.859999801963568 499
1588099292580 10.769999759271741 500
1588099297800 9.829999780282378 501
1588099303089 10.989999754354358 502
1588099308301 12.369999723508954 503
1588099313528 9.399999789893627 504
1588099318788 8.51999980956316 505
1588099324012 8.879999801516533 506
1588099329289 8.419999811798334 507
1588099334654 10.229999771341681 508
1588099340340 11.92999973334372 509
1588099345613 12.23999972641468 510
1588099350893 11.389999745413661 511
1588099356175 9.779999781399965 512
1588099361325 12.149999728426337 513
1588099366503 11.559999741613865 514
1588099371684 1.9899999555200338 515
1588099376827 10.72999976016581 516
1588099382054 9.09999979659915 517
1588099387335 8.529999809339643 518
1588099392493 10.239999771118164 519
1588099397668 12.959999710321426 520
1588099402842 9.9899997767061 521
1588099408020 10.349999768659472 522
1588099413203 11.57999974116683 523
1588099418502 8.669999806210399 524
1588099423829 11.119999751448631 525
1588099429021 13.16999970562756 526
1588099434200 11.029999753460288 527
1588099439382 12.919999711215496 528
1588099444582 5.749999871477485 529
1588099449789 10.979999754577875 530
1588099455091 21.129999527707696 531
1588099460274 7.239999838173389 532
1588099465467 11.869999734684825 533
1588099470739 10.449999766424298 534
1588099476077 8.699999805539846 535
1588099481327 11.779999736696482 536
1588099486526 10.939999755471945 537
1588099491875 12.50999972037971 538
1588099497176 14.379999678581953 539
1588099502577 13.649999694898725 540
1588099507867 13.229999704286456 541
1588099513203 12.259999725967646 542
1588099519012 8.659999806433916 543
1588099524246 14.979999665170908 544
1588099529478 11.799999736249447 545
1588099534781 12.729999715462327 546
1588099540205 10.859999757260084 547
1588099545489 8.319999814033508 548
1588099550712 13.00999970920384 549
1588099556048 10.389999767765403 550
1588099561465 12.569999719038606 551
1588099566909 12.179999727755785 552
1588099572214 13.879999689757824 553
1588099577479 12.679999716579914 554
1588099582739 13.059999708086252 555
1588099588041 12.109999729320407 556
1588099593454 11.119999751448631 557
1588099598796 12.849999712780118 558
1588099604126 11.279999747872353 559
1588099609528 11.089999752119184 560
1588099614886 13.829999690875411 561
1588099620296 15.83999964594841 562
1588099625685 13.099999707192183 563
1588099630958 8.689999805763364 564
1588099636388 13.259999703615904 565
1588099641755 9.40999978967011 566
1588099647186 7.579999830573797 567
1588099652634 12.689999716356397 568
1588099658077 13.959999687969685 569
1588099663467 11.089999752119184 570
1588099668833 12.179999727755785 571
1588099674278 11.84999973513186 572
1588099679607 8.849999802187085 573
1588099685021 14.119999684393406 574
1588099690429 12.42999972216785 575
1588099696180 13.559999696910381 576
1588099701868 15.049999663606286 577
1588099707283 11.529999742284417 578
1588099712607 12.669999716803432 579
1588099718100 10.309999769553542 580
1588099723644 12.479999721050262 581
1588099729201 14.069999685510993 582
1588099734719 11.61999974027276 583
1588099740222 8.489999810233712 584
1588099745770 9.979999776929617 585
1588099751271 10.95999975502491 586
1588099756929 23.999999463558197 587
1588099762437 10.849999757483602 588
1588099767899 13.47999969869852 589
1588099773399 12.269999725744128 590
1588099778954 11.84999973513186 591
1588099784550 13.929999688640237 592
1588099790086 12.569999719038606 593
1588099795658 10.56999976374209 594
1588099801161 18.43999958783388 595
1588099806649 12.38999972306192 596
1588099812177 8.899999801069498 597
1588099817738 14.739999670535326 598
1588099823269 10.14999977312982 599
1588099828856 18.97999957576394 600
1588099834474 15.559999652206898 601
1588099840006 13.16999970562756 602
1588099845481 15.239999659359455 603
1588099850961 13.259999703615904 604
1588099856456 12.69999971613288 605
1588099862052 12.15999972820282 606
1588099867682 14.939999666064978 607
1588099873291 14.01999968662858 608
1588099879223 13.559999696910381 609
1588099884754 14.819999668747187 610
1588099890316 10.549999764189124 611
1588099895937 15.699999649077654 612
1588099901525 10.529999764636159 613
1588099907187 10.219999771565199 614
1588099912791 9.299999792128801 615
1588099918393 15.599999651312828 616
1588099923943 10.429999766871333 617
1588099929575 10.039999775588512 618
1588099935219 17.999999597668648 619
1588099940772 15.439999654889107 620
1588099946420 9.029999798163772 621
1588099952042 13.109999706968665 622
1588099957642 14.159999683499336 623
1588099963320 14.819999668747187 624
1588099969015 14.089999685063958 625
1588099974656 10.979999754577875 626
1588099980360 11.739999737590551 627
1588099986066 16.669999627396464 628
1588099991734 7.999999821186066 629
1588099997417 16.02999964170158 630
1588100003097 28.489999363198876 631
1588100008770 14.609999673441052 632
1588100014442 13.449999699369073 633
1588100020083 12.369999723508954 634
1588100025691 15.29999965801835 635
1588100031264 0.06999999843537807 636
1588100036843 11.279999747872353 637
1588100042445 3.7199999168515205 638
1588100048023 11.099999751895666 639
1588100053622 12.949999710544944 640
1588100059699 15.969999643042684 641
1588100065414 17.019999619573355 642
1588100071102 9.049999797716737 643
1588100076774 16.779999624937773 644
1588100082478 13.079999707639217 645
1588100088073 14.939999666064978 646
1588100093683 16.199999637901783 647
1588100099297 16.289999635890126 648
1588100105002 16.369999634101987 649
1588100110658 8.32999981380999 650
1588100116262 14.569999674335122 651
1588100121901 15.579999651759863 652
1588100127641 10.499999765306711 653
1588100133396 13.099999707192183 654
1588100139161 15.719999648630619 655
1588100144833 8.78999980352819 656
1588100150465 10.289999770000577 657
1588100156121 14.119999684393406 658
1588100161783 12.149999728426337 659
1588100167431 14.09999968484044 660
1588100173068 13.889999689534307 661
1588100178704 12.73999971523881 662
1588100184359 14.079999685287476 663
1588100190087 14.28999968059361 664
1588100195813 17.81999960169196 665
1588100201543 10.949999755248427 666
1588100207204 13.679999694228172 667
1588100212942 13.109999706968665 668
1588100218641 21.71999951452017 669
1588100224341 15.60999965108931 670
1588100230106 10.839999757707119 671
1588100236094 14.20999968238175 672
1588100241952 13.589999696239829 673
1588100247641 22.359999500215054 674
1588100253343 15.469999654218554 675
1588100259024 12.059999730437994 676
1588100264738 11.689999738708138 677
1588100270420 14.879999667406082 678
1588100276130 10.529999764636159 679
1588100281866 15.329999657347798 680
1588100287639 15.359999656677246 681
1588100293374 14.199999682605267 682
1588100299051 13.43999969959259 683
1588100304732 11.209999749436975 684
1588100310445 11.479999743402004 685
1588100316144 13.449999699369073 686
1588100321853 14.339999679476023 687
1588100327545 10.229999771341681 688
1588100333237 12.009999731555581 689
1588100338972 9.629999784752727 690
1588100344830 10.549999764189124 691
1588100350548 14.119999684393406 692
1588100356259 16.159999638795853 693
1588100362027 8.859999801963568 694
1588100367808 10.949999755248427 695
1588100373620 11.779999736696482 696
1588100379405 9.969999777153134 697
1588100385233 14.659999672323465 698
1588100391024 13.069999707862735 699
1588100396869 10.539999764412642 700
1588100402769 10.799999758601189 701
1588100408576 12.459999721497297 702
1588100414337 10.619999762624502 703
1588100420559 7.709999827668071 704
1588100426404 15.559999652206898 705
1588100432267 15.29999965801835 706
1588100438063 16.26999963633716 707
1588100443854 13.869999689981341 708
1588100449680 12.979999709874392 709
1588100455738 12.599999718368053 710
1588100461586 15.189999660477042 711
1588100467359 9.279999792575836 712
1588100473135 9.979999776929617 713
1588100478993 16.989999620243907 714
1588100484810 16.089999640360475 715
1588100490569 17.479999609291553 716
1588100496345 14.419999677687883 717
1588100502118 14.98999966494739 718
1588100507912 9.819999780505896 719
1588100513781 11.96999973244965 720
1588100519605 12.829999713227153 721
1588100525442 13.409999700263143 722
1588100531241 21.76999951340258 723
1588100537024 12.319999724626541 724
1588100542849 14.759999670088291 725
1588100548664 9.159999795258045 726
1588100554598 17.669999605044723 727
1588100560526 12.679999716579914 728
1588100566406 11.26999974809587 729
1588100572322 11.489999743178487 730
1588100578161 14.159999683499336 731
1588100584043 16.179999638348818 732
1588100589890 13.409999700263143 733
1588100595989 14.189999682828784 734
1588100602191 8.51999980956316 735
1588100608140 15.48999965377152 736
1588100613996 12.979999709874392 737
1588100619892 12.889999711886048 738
1588100625850 14.319999679923058 739
1588100631743 10.679999761283398 740
1588100637699 10.249999770894647 741
1588100643679 27.099999394267797 742
1588100649486 12.029999731108546 743
1588100655308 14.939999666064978 744
1588100661198 13.469999698922038 745
1588100667050 14.90999966673553 746
1588100672925 9.749999782070518 747
1588100678789 9.669999783858657 748
1588100684662 14.929999666288495 749
1588100690537 11.18999974988401 750
1588100696503 12.46999972127378 751
1588100702470 13.449999699369073 752
1588100708479 10.45999976620078 753
1588100714417 12.27999972552061 754
1588100720409 16.469999631866813 755
1588100726280 12.069999730214477 756
1588100732160 12.15999972820282 757
1588100738111 8.699999805539846 758
1588100743999 12.569999719038606 759
1588100749912 13.579999696463346 760
1588100755809 13.459999699145555 761
1588100761695 15.559999652206898 762
1588100767648 13.149999706074595 763
1588100773545 4.60999989695847 764
1588100779928 14.339999679476023 765
1588100785920 6.359999857842922 766
1588100791866 10.289999770000577 767
1588100797920 14.549999674782157 768
1588100803936 11.96999973244965 769
1588100809907 15.899999644607306 770
1588100815886 10.68999976105988 771
1588100821863 13.109999706968665 772
1588100827903 14.399999678134918 773
1588100833811 9.249999793246388 774
1588100839758 12.889999711886048 775
1588100845734 15.109999662265182 776
1588100851781 10.25999977067113 777
1588100857730 8.359999813139439 778
1588100863659 11.419999744743109 779
1588100869662 18.81999957934022 780
1588100875628 14.159999683499336 781
1588100881633 12.969999710097909 782
1588100887709 16.139999639242887 783
1588100893696 9.919999778270721 784
1588100899685 15.409999655559659 785
1588100905702 14.689999671652913 786
1588100911647 2.7699999380856752 787
1588100917678 10.009999776259065 788
1588100923722 11.399999745190144 789
1588100929758 15.169999660924077 790
1588100935734 12.069999730214477 791
1588100941750 16.119999639689922 792
1588100947769 8.359999813139439 793
1588100953816 7.339999835938215 794
1588100960347 9.379999790340662 795
1588100966455 7.059999842196703 796
1588100972475 12.299999725073576 797
1588100978460 16.739999625831842 798
1588100984534 12.539999719709158 799
1588100990678 9.359999790787697 800
1588100996793 12.38999972306192 801
1588101002858 11.80999973602593 802
1588101008987 10.64999976195395 803
1588101015130 15.229999659582973 804
1588101021229 12.479999721050262 805
1588101027254 8.819999802857637 806
1588101033356 9.869999779388309 807
1588101039457 13.059999708086252 808
1588101045573 9.299999792128801 809
1588101051700 12.379999723285437 810
1588101057713 14.129999684169888 811
1588101063759 10.989999754354358 812
1588101069773 10.289999770000577 813
1588101075807 11.789999736472964 814
1588101081853 12.949999710544944 815
1588101087871 7.7399998269975185 816
1588101093915 14.459999676793814 817
1588101099978 13.499999698251486 818
1588101106130 15.369999656453729 819
1588101112327 9.779999781399965 820
1588101118444 13.029999708756804 821
1588101124640 12.169999727979302 822
1588101130740 15.479999653995037 823
1588101137321 13.099999707192183 824
1588101143403 13.189999705180526 825
1588101149449 14.429999677464366 826
1588101155572 13.839999690651894 827
1588101161679 11.899999734014273 828
1588101167871 11.649999739602208 829
1588101174041 16.22999963723123 830
1588101180115 9.829999780282378 831
1588101186308 12.769999714568257 832
1588101192425 17.07999961823225 833
1588101198575 14.259999681264162 834
1588101204786 15.479999653995037 835
1588101210973 10.549999764189124 836
1588101217098 14.819999668747187 837
1588101223296 12.799999713897705 838
1588101229471 10.859999757260084 839
1588101235625 10.159999772906303 840
1588101241834 15.619999650865793 841
1588101247935 9.129999795928597 842
1588101254041 9.749999782070518 843
1588101260152 13.499999698251486 844
1588101266283 14.879999667406082 845
1588101272521 14.67999967187643 846
1588101278678 9.259999793022871 847
1588101284795 17.449999609962106 848
1588101290912 14.219999682158232 849
1588101297056 16.489999631419778 850
1588101303283 14.55999967455864 851
1588101309453 23.959999464452267 852
1588101315763 16.859999623149633 853
1588101322133 17.14999961666763 854
1588101328274 13.779999691992998 855
1588101334441 15.409999655559659 856
1588101340654 14.55999967455864 857
1588101346792 16.359999634325504 858
1588101352938 14.899999666959047 859
1588101359103 11.729999737814069 860
1588101365261 13.12999970652163 861
1588101371433 14.799999669194221 862
1588101377656 18.04999959655106 863
1588101383884 10.559999763965607 864
1588101390044 11.439999744296074 865
1588101396283 14.179999683052301 866
1588101402554 15.059999663382769 867
1588101408778 13.829999690875411 868
1588101415076 11.029999753460288 869
1588101421298 14.469999676570296 870
1588101427548 15.199999660253525 871
1588101433818 9.269999792799354 872
1588101440021 9.959999777376652 873
1588101446206 8.099999818950891 874
1588101452410 25.319999434053898 875
1588101458607 8.949999799951911 876
1588101464948 12.479999721050262 877
1588101471198 12.369999723508954 878
1588101477394 15.599999651312828 879
1588101483633 13.47999969869852 880
1588101489926 13.449999699369073 881
1588101496478 11.369999745860696 882
1588101502925 17.34999961219728 883
1588101509231 12.749999715015292 884
1588101515569 14.319999679923058 885
1588101521815 10.99999975413084 886
1588101528020 11.559999741613865 887
1588101534222 11.829999735578895 888
1588101540446 12.659999717026949 889
1588101546704 15.17999966070056 890
1588101552922 14.889999667182565 891
1588101559259 17.029999619349837 892
1588101565622 18.569999584928155 893
1588101571927 9.699999783188105 894
1588101578237 17.45999960973859 895
1588101584587 20.749999536201358 896
1588101590959 10.469999765977263 897
1588101597230 10.579999763518572 898
1588101603580 22.249999502673745 899
1588101609939 13.429999699816108 900
1588101616235 10.10999977402389 901
1588101622603 22.80999949015677 902
1588101628993 17.11999961733818 903
1588101635384 18.059999596327543 904
1588101641764 14.629999672994018 905
1588101648145 17.379999611526728 906
1588101654496 15.13999966159463 907
1588101660763 12.349999723955989 908
1588101667055 16.129999639466405 909
1588101673436 12.679999716579914 910
1588101680190 13.659999694675207 911
1588101686587 16.549999630078673 912
1588101692985 14.979999665170908 913
1588101699274 14.98999966494739 914
1588101705554 11.299999747425318 915
1588101711833 16.209999637678266 916
1588101718144 13.019999708980322 917
1588101724457 18.579999584704638 918
1588101730761 17.22999961487949 919
1588101737072 15.689999649301171 920
1588101743412 10.809999758377671 921
1588101749830 15.439999654889107 922
1588101756518 11.669999739155173 923
1588101762874 16.429999632760882 924
1588101769212 14.529999675229192 925
1588101775525 18.31999959051609 926
1588101781928 19.31999956816435 927
1588101788365 18.27999959141016 928
1588101794679 11.369999745860696 929
1588101801009 16.76999962516129 930
1588101807359 12.729999715462327 931
1588101813756 14.389999678358436 932
1588101820123 15.56999965198338 933
1588101826478 10.859999757260084 934
1588101832917 22.37999949976802 935
1588101839371 19.0599995739758 936
1588101845830 17.38999961130321 937
1588101852269 17.669999605044723 938
1588101859188 9.859999779611826 939
1588101865639 13.619999695569277 940
1588101872076 12.839999713003635 941
1588101878530 11.899999734014273 942
1588101884903 14.699999671429396 943
1588101891282 12.609999718144536 944
1588101897738 11.999999731779099 945
1588101904129 15.989999642595649 946
1588101910560 13.509999698027968 947
1588101917041 18.08999959565699 948
1588101923465 17.689999604597688 949
1588101929876 20.349999545142055 950
1588101936255 17.719999603927135 951
1588101942652 18.309999590739608 952
1588101949119 17.77999960258603 953
1588101955566 13.809999691322446 954
1588101962044 29.66999933682382 955
1588101968483 26.399999409914017 956
1588101974897 16.869999622926116 957
1588101981304 14.089999685063958 958
1588101987711 12.899999711662531 959
1588101994183 15.829999646171927 960
1588102000681 17.949999598786235 961
1588102007105 16.279999636113644 962
1588102013527 13.189999705180526 963
1588102019963 13.139999706298113 964
1588102026448 10.599999763071537 965
1588102032912 14.809999668970704 966
1588102039767 14.079999685287476 967
1588102046248 13.12999970652163 968
1588102052672 15.83999964594841 969
1588102059139 11.669999739155173 970
1588102065580 11.479999743402004 971
1588102072115 15.659999649971724 972
1588102078646 11.089999752119184 973
1588102085205 18.31999959051609 974
1588102091771 11.669999739155173 975
1588102098339 15.059999663382769 976
1588102104878 19.01999957486987 977
1588102111411 13.569999696686864 978
1588102117964 14.32999967969954 979
1588102124535 17.799999602138996 980
1588102131013 13.39999970048666 981
1588102137610 12.019999731332064 982
1588102144214 13.929999688640237 983
1588102150744 11.249999748542905 984
1588102157350 20.319999545812607 985
1588102163929 15.079999662935734 986
1588102170435 10.56999976374209 987
1588102176935 11.429999744519591 988
1588102183506 14.24999968148768 989
1588102190088 16.1899996381253 990
1588102196694 12.979999709874392 991
1588102203300 7.299999836832285 992
1588102209870 14.389999678358436 993
1588102216722 10.979999754577875 994
1588102223432 22.059999506920576 995
1588102230047 17.409999610856175 996
1588102236663 14.929999666288495 997
1588102243250 16.129999639466405 998
1588102249788 15.269999658688903 999
1588102256381 14.20999968238175 1000
1588102263006 15.739999648183584 1001
1588102269598 16.49999963119626 1002
1588102276209 16.88999962247908 1003
1588102282747 16.639999628067017 1004
1588102289370 15.719999648630619 1005
1588102296013 11.119999751448631 1006
1588102302642 16.239999637007713 1007
1588102309302 16.859999623149633 1008
1588102315931 30.819999311119318 1009
1588102322496 16.329999634996057 1010
1588102329078 15.17999966070056 1011
1588102335626 12.869999712333083 1012
1588102342272 13.409999700263143 1013
1588102348888 12.879999712109566 1014
1588102355458 28.949999352917075 1015
1588102361998 13.459999699145555 1016
1588102368549 13.869999689981341 1017
1588102375152 17.719999603927135 1018
1588102381826 13.62999969534576 1019
1588102388530 15.509999653324485 1020
1588102395254 15.409999655559659 1021
1588102402171 18.1999995931983 1022
1588102408765 16.179999638348818 1023
1588102415335 13.689999694004655 1024
1588102421937 15.519999653100967 1025
1588102428519 7.8599998243153095 1026
1588102435174 9.94999977760017 1027
1588102441859 11.18999974988401 1028
1588102448513 10.599999763071537 1029
1588102455180 12.319999724626541 1030
1588102461760 31.509999295696616 1031
1588102468361 16.37999963387847 1032
1588102474938 13.699999693781137 1033
1588102481481 20.44999954290688 1034
1588102488161 18.069999596104026 1035
1588102494825 18.189999593421817 1036
1588102501414 17.81999960169196 1037
1588102508014 23.499999474734068 1038
1588102514556 17.49999960884452 1039
1588102521118 15.409999655559659 1040
1588102527725 15.059999663382769 1041
1588102534367 17.729999603703618 1042
1588102541028 13.189999705180526 1043
1588102547671 16.80999962426722 1044
1588102554338 12.529999719932675 1045
1588102560973 8.539999809116125 1046
1588102567576 13.409999700263143 1047
1588102574118 16.009999642148614 1048
1588102581113 28.129999371245503 1049
1588102587777 14.239999681711197 1050
1588102594440 14.01999968662858 1051
1588102601053 12.499999720603228 1052
1588102607632 14.149999683722854 1053
1588102614251 5.629999874159694 1054
1588102620918 13.249999703839421 1055
1588102627560 16.99999962002039 1056
1588102634130 14.119999684393406 1057
1588102640706 15.599999651312828 1058
1588102647296 15.25999965891242 1059
1588102653944 16.219999637454748 1060
1588102660503 16.989999620243907 1061
1588102667089 17.899999599903822 1062
1588102673763 14.349999679252505 1063
1588102680439 12.489999720826745 1064
1588102687176 11.129999751225114 1065
1588102693776 10.409999767318368 1066
1588102700415 17.599999606609344 1067
1588102707024 12.359999723732471 1068
1588102713653 12.50999972037971 1069
1588102720315 13.879999689757824 1070
1588102726991 13.62999969534576 1071
1588102733564 8.919999800622463 1072
1588102740086 12.989999709650874 1073
1588102746659 13.239999704062939 1074
1588102753212 10.559999763965607 1075
1588102760119 15.289999658241868 1076
1588102766678 17.879999600350857 1077
1588102773318 14.079999685287476 1078
1588102779909 14.82999966852367 1079
1588102786535 15.929999643936753 1080
1588102793094 16.88999962247908 1081
1588102799650 13.00999970920384 1082
1588102806261 12.169999727979302 1083
1588102812891 13.569999696686864 1084
1588102819527 12.329999724403024 1085
1588102826191 14.8699996676296 1086
1588102832753 15.169999660924077 1087
1588102839285 12.839999713003635 1088
1588102845807 12.409999722614884 1089
1588102852348 13.839999690651894 1090
1588102858886 15.479999653995037 1091
1588102865473 23.959999464452267 1092
1588102872018 12.539999719709158 1093
1588102878544 12.579999718815088 1094
1588102885175 15.849999645724893 1095
1588102891756 10.759999759495258 1096
1588102898325 15.229999659582973 1097
1588102904926 11.379999745637178 1098
1588102911450 14.609999673441052 1099
1588102918006 14.709999671205878 1100
1588102924624 19.189999571070075 1101
1588102931147 0.7299999836832285 1102
1588102938088 16.53999963030219 1103
1588102944641 17.829999601468444 1104
1588102951288 16.979999620467424 1105
1588102957779 19.379999566823244 1106
1588102964396 15.389999656006694 1107
1588102971013 11.359999746084213 1108
1588102977618 14.419999677687883 1109
1588102984146 12.359999723732471 1110
1588102990753 14.55999967455864 1111
1588102997278 13.00999970920384 1112
1588103003859 17.259999614208937 1113
1588103010383 13.909999689087272 1114
1588103016842 12.07999972999096 1115
1588103023275 12.449999721720815 1116
1588103029702 16.519999630749226 1117
1588103036121 15.939999643713236 1118
1588103042562 11.589999740943313 1119
1588103048997 11.03999975323677 1120
1588103055524 16.06999964080751 1121
1588103062083 16.369999634101987 1122
1588103068493 17.019999619573355 1123
1588103074911 14.259999681264162 1124
1588103081368 15.499999653548002 1125
1588103087921 12.479999721050262 1126
1588103094442 15.44999965466559 1127
1588103100960 16.80999962426722 1128
1588103107569 9.9899997767061 1129
1588103114147 12.129999728873372 1130
1588103121043 12.979999709874392 1131
1588103127628 15.459999654442072 1132
1588103134253 14.839999668300152 1133
1588103140874 11.909999733790755 1134
1588103147487 18.569999584928155 1135
1588103154074 16.479999631643295 1136
1588103160646 14.779999669641256 1137
1588103167254 16.749999625608325 1138
1588103173831 17.169999616220593 1139
1588103180401 13.229999704286456 1140
1588103186982 15.209999660030007 1141
1588103193381 13.499999698251486 1142
1588103199798 12.219999726861715 1143
1588103206361 13.849999690428376 1144
1588103212946 16.489999631419778 1145
1588103219364 19.999999552965164 1146
1588103225821 18.54999958537519 1147
1588103232252 13.93999968841672 1148
1588103238858 11.92999973334372 1149
1588103245504 12.489999720826745 1150
1588103251983 10.139999773353338 1151
1588103258549 30.339999321848154 1152
1588103265119 11.57999974116683 1153
1588103271719 13.289999702945352 1154
1588103278258 12.999999709427357 1155
1588103284867 13.309999702498317 1156
1588103291463 15.369999656453729 1157
1588103298384 16.219999637454748 1158
1588103304946 15.699999649077654 1159
1588103311362 12.15999972820282 1160
1588103317891 11.92999973334372 1161
1588103324521 10.37999976798892 1162
1588103331040 14.819999668747187 1163
1588103337599 13.409999700263143 1164
1588103344096 17.23999961465597 1165
1588103350515 19.31999956816435 1166
1588103356933 16.29999963566661 1167
1588103363361 13.679999694228172 1168
1588103369784 10.249999770894647 1169
1588103376282 9.419999789446592 1170
1588103382707 17.9699995983392 1171
1588103389153 13.649999694898725 1172
1588103395566 11.80999973602593 1173
1588103402012 17.559999607503414 1174
1588103408597 16.409999633207917 1175
1588103415181 14.669999672099948 1176
1588103421734 9.649999784305692 1177
1588103428243 15.419999655336142 1178
1588103434665 17.509999608621 1179
1588103441111 16.139999639242887 1180
1588103447695 14.119999684393406 1181
1588103454298 1.7599999606609344 1182
1588103460872 17.629999605938792 1183
1588103467412 15.579999651759863 1184
1588103473873 16.819999624043703 1185
1588103480899 14.789999669417739 1186
1588103487343 14.359999679028988 1187
1588103493799 11.939999733120203 1188
1588103500281 14.509999675676227 1189
1588103506744 13.649999694898725 1190
1588103513179 12.829999713227153 1191
1588103519662 14.539999675005674 1192
1588103526224 24.35999945551157 1193
1588103532863 13.149999706074595 1194
1588103539292 10.449999766424298 1195
1588103545747 21.2999995239079 1196
1588103552170 14.28999968059361 1197
1588103558575 10.119999773800373 1198
1588103565136 13.3199997022748 1199
1588103571770 16.549999630078673 1200
1588103578484 14.009999686852098 1201
1588103584934 13.559999696910381 1202
1588103591321 14.529999675229192 1203
1588103597835 12.269999725744128 1204
1588103604392 16.709999626502395 1205
1588103610931 13.779999691992998 1206
1588103617411 16.389999633654952 1207
1588103623832 17.759999603033066 1208
1588103630341 13.239999704062939 1209
1588103636872 16.319999635219574 1210
1588103643407 15.229999659582973 1211
1588103649949 11.629999740049243 1212
1588103656733 13.689999694004655 1213
1588103663292 17.81999960169196 1214
1588103669723 15.109999662265182 1215
1588103676325 17.599999606609344 1216
1588103682778 11.479999743402004 1217
1588103689211 13.35999970138073 1218
1588103695718 11.179999750107527 1219
1588103702359 14.24999968148768 1220
1588103708928 11.469999743625522 1221
