1587853809055 1001 1
1587853814891 1001 2
1587853820720 1001 3
1587853826572 1001 4
1587853832427 1001 5
1587853838313 1001 6
1587853844681 1001 7
1587853850507 1001 8
1587853856336 1001 9
1587853862209 1001 10
1587853868069 1001 11
1587853873933 1001 12
1587853879813 1001 13
1587853885724 1001 14
1587853891689 1001 15
1587853897588 1001 16
1587853903475 1001 17
1587853909414 1001 18
1587853915318 1001 19
1587853921340 1001 20
1587853927291 1001 21
1587853933198 1001 22
1587853939112 1001 23
1587853945019 1001 24
1587853950936 1001 25
1587853956851 1001 26
1587853962768 1001 27
1587853968706 1001 28
1587853974623 1001 29
1587853980572 1001 30
1587853986639 1001 31
1587853992612 1001 32
1587853998503 1001 33
1587854004522 1001 34
1587854010471 1001 35
