1587836276859 1 1
1587836320971 1 2
1587836355499 1 3
1587836391232 1 4
1587836425170 1 5
1587836457577 1 6
1587836494762 1 7
1587836542276 1 8
1587836580570 1 9
1587836618889 1 10
1587836660178 1 11
1587836694726 1 12
1587836733968 1 13
1587836770983 1 14
1587836807365 1 15
1587836858678 1 16
1587836905293 1 17
1587836945980 1 18
1587836989720 1 19
1587837034451 1 20
1587837072436 1 21
1587837119949 1 22
1587837166203 1 23
1587837203622 1 24
1587837253567 1 25
1587837298470 1 26
1587837335419 1 27
1587837375379 1 28
1587837404893 1 29
1587837434511 1 30
1587837463888 1 31
1587837492470 1 32
1587837521346 1 33
1587837550312 1 34
1587837579983 1 35
1587837608738 1 36
1587837637843 1 37
1587837666491 1 38
1587837695933 1 39
1587837725074 1 40
1587837753994 1 41
1587837784626 1 42
1587837814622 1 43
1587837843377 1 44
1587837872117 1 45
1587837900971 1 46
1587837930535 1 47
1587837959382 1 48
1587837989088 1 49
1587838018135 1 50
1587838047594 1 51
1587838075149 1 52
1587838101837 1 53
1587838128542 1 54
1587838155230 1 55
1587838182352 1 56
1587838209094 1 57
1587838235728 1 58
1587838262361 1 59
1587838289664 1 60
1587838316445 1 61
1587838343569 1 62
1587838370239 1 63
1587838397154 1 64
1587838424568 1 65
1587838451598 1 66
1587838478507 1 67
1587838505327 1 68
1587838532548 1 69
1587838559673 1 70
1587838586716 1 71
1587838614068 1 72
1587838641234 1 73
1587838668577 1 74
1587838695635 1 75
1587838724972 1 76
1587838752117 1 77
1587838779591 1 78
1587838806805 1 79
1587838834008 1 80
1587838860935 1 81
1587838898618 1 82
1587838929120 1 83
1587838957529 1 84
1587838986367 1 85
1587839015556 1 86
1587839043810 1 87
1587839071964 1 88
1587839099817 1 89
1587839128674 1 90
1587839156908 1 91
1587839185083 1 92
1587839213229 1 93
1587839242264 1 94
1587839270684 1 95
1587839298937 1 96
1587839327092 1 97
1587839355258 1 98
1587839384241 1 99
1587839412834 1 100
1587839441412 1 101
1587839469652 1 102
1587839498673 1 103
1587839527323 1 104
1587839555755 1 105
1587839585290 1 106
1587839615836 1 107
1587839645581 1 108
1587839675589 1 109
1587839707895 1 110
1587839737199 1 111
1587839766836 1 112
1587839795628 1 113
1587839824814 1 114
1587839854824 1 115
1587839887485 1 116
1587839921849 1 117
1587839950287 1 118
1587839979007 1 119
1587840007523 1 120
1587840035957 1 121
1587840064872 1 122
1587840093554 1 123
1587840122147 1 124
1587840150483 1 125
1587840178764 1 126
1587840207599 1 127
1587840235983 1 128
1587840264482 1 129
1587840293154 1 130
1587840321352 1 131
1587840349967 1 132
1587840378423 1 133
1587840406464 1 134
1587840435301 1 135
1587840464707 1 136
1587840493094 1 137
1587840521414 1 138
1587840549802 1 139
1587840578637 1 140
1587840606979 1 141
1587840635346 1 142
1587840663645 1 143
1587840692348 1 144
1587840720962 1 145
1587840749584 1 146
1587840778002 1 147
1587840806713 1 148
1587840835254 1 149
1587840864500 1 150
1587840894788 1 151
1587840925221 1 152
1587840955240 1 153
1587840985213 1 154
1587841015048 1 155
1587841046216 1 156
1587841090291 1 157
1587841124927 1 158
1587841153313 1 159
1587841182254 1 160
1587841211399 1 161
1587841239771 1 162
1587841268114 1 163
1587841296975 1 164
1587841325402 1 165
1587841353952 1 166
1587841382086 1 167
1587841412844 1 168
1587841441412 1 169
1587841470006 1 170
1587841498430 1 171
1587841526820 1 172
1587841555034 1 173
1587841583263 1 174
1587841611289 1 175
1587841639543 1 176
1587841668533 1 177
1587841696823 1 178
1587841725112 1 179
1587841753096 1 180
1587841780938 1 181
1587841808691 1 182
1587841836131 1 183
1587841863703 1 184
1587841891593 1 185
1587841919312 1 186
1587841947420 1 187
1587841975008 1 188
1587842002846 1 189
1587842030860 1 190
1587842058693 1 191
1587842086286 1 192
1587842113920 1 193
1587842141921 1 194
1587842169487 1 195
1587842197156 1 196
1587842224860 1 197
1587842253308 1 198
1587842281052 1 199
1587842309133 1 200
1587842337139 1 201
1587842365381 1 202
1587842392980 1 203
1587842420578 1 204
1587842448042 1 205
1587842475696 1 206
1587842503344 1 207
1587842531073 1 208
1587842558829 1 209
1587842586453 1 210
1587842614322 1 211
1587842641930 1 212
1587842669670 1 213
1587842697366 1 214
1587842725095 1 215
1587842759283 1 216
1587842789422 1 217
1587842822189 1 218
1587842854659 1 219
1587842884831 1 220
1587842914093 1 221
1587842945201 1 222
1587842981984 1 223
1587843011093 1 224
1587843039478 1 225
1587843067693 1 226
1587843096729 1 227
1587843125251 1 228
1587843158807 1 229
1587843188483 1 230
1587843224204 1 231
1587843259925 1 232
1587843325021 1 233
1587843377246 1 234
1587843408782 1 235
1587843441820 1 236
1587843486494 1 237
1587843539647 1 238
1587843580207 1 239
1587843620464 1 240
1587843664574 1 241
1587843705793 1 242
1587843744382 1 243
1587843784264 1 244
1587843826699 1 245
1587843870334 1 246
1587843911143 1 247
1587843943255 1 248
1587843971718 1 249
1587844000367 1 250
1587844028596 1 251
1587844057235 1 252
1587844085545 1 253
1587844114566 1 254
1587844144094 1 255
1587844173945 1 256
1587844202348 1 257
1587844235220 1 258
1587844265485 1 259
1587844295848 1 260
1587844325305 1 261
1587844355074 1 262
1587844384734 1 263
1587844414846 1 264
1587844444431 1 265
1587844474226 1 266
1587844503777 1 267
1587844533698 1 268
1587844563512 1 269
1587844593286 1 270
1587844622998 1 271
1587844652578 1 272
1587844681944 1 273
1587844711494 1 274
1587844741651 1 275
1587844771469 1 276
1587844801288 1 277
1587844830963 1 278
1587844860237 1 279
1587844892752 1 280
1587844920561 1 281
1587844948341 1 282
1587844976377 1 283
1587845004143 1 284
1587845033696 1 285
1587845061351 1 286
1587845089305 1 287
1587845116695 1 288
1587845144428 1 289
1587845172400 1 290
1587845199954 1 291
1587845227457 1 292
1587845255422 1 293
1587845283336 1 294
1587845310962 1 295
1587845339284 1 296
1587845367428 1 297
1587845395249 1 298
1587845422994 1 299
1587845450887 1 300
1587845478807 1 301
1587845506774 1 302
1587845534458 1 303
1587845562120 1 304
1587845590142 1 305
1587845617944 1 306
1587845645588 1 307
1587845673500 1 308
1587845701280 1 309
1587845729433 1 310
1587845757113 1 311
1587845784890 1 312
1587845812435 1 313
1587845840407 1 314
1587845868156 1 315
1587845895664 1 316
1587845923385 1 317
1587845951565 1 318
1587845979519 1 319
1587846007440 1 320
1587846035035 1 321
1587846062819 1 322
1587846090668 1 323
1587846118215 1 324
1587846145811 1 325
1587846173224 1 326
1587846201074 1 327
1587846228748 1 328
1587846256188 1 329
1587846284338 1 330
1587846311979 1 331
1587846339716 1 332
1587846367470 1 333
1587846395177 1 334
1587846422614 1 335
1587846450558 1 336
1587846478057 1 337
1587846505627 1 338
1587846533233 1 339
1587846561606 1 340
1587846589757 1 341
1587846617648 1 342
1587846645214 1 343
1587846672873 1 344
1587846701351 1 345
1587846729060 1 346
1587846756685 1 347
1587846784696 1 348
1587846813445 1 349
1587846843126 1 350
1587846871158 1 351
1587846898926 1 352
1587846926919 1 353
1587846954547 1 354
1587846982259 1 355
1587847009984 1 356
1587847037707 1 357
1587847065533 1 358
1587847093220 1 359
1587847121055 1 360
1587847148580 1 361
1587847177302 1 362
1587847204801 1 363
1587847232389 1 364
1587847260066 1 365
1587847288205 1 366
1587847315797 1 367
1587847343399 1 368
1587847371071 1 369
1587847399067 1 370
1587847427048 1 371
1587847454718 1 372
1587847482538 1 373
1587847510292 1 374
1587847538429 1 375
1587847566227 1 376
1587847593919 1 377
1587847621527 1 378
1587847649581 1 379
1587847677524 1 380
1587847705342 1 381
1587847733987 1 382
1587847763212 1 383
1587847791861 1 384
1587847819814 1 385
1587847847355 1 386
1587847875075 1 387
1587847903278 1 388
1587847930915 1 389
1587847958698 1 390
1587847986369 1 391
1587848014514 1 392
1587848042136 1 393
1587848070032 1 394
1587848097898 1 395
1587848125794 1 396
1587848153644 1 397
1587848181502 1 398
1587848209101 1 399
1587848237007 1 400
1587848265318 1 401
1587848292909 1 402
1587848320780 1 403
1587848348263 1 404
1587848376966 1 405
1587848405359 1 406
1587848433144 1 407
1587848460781 1 408
1587848489250 1 409
1587848517098 1 410
1587848544628 1 411
1587848572200 1 412
1587848599918 1 413
1587848627925 1 414
1587848657504 1 415
1587848685452 1 416
1587848712996 1 417
1587848740766 1 418
1587848768437 1 419
1587848796468 1 420
1587848824206 1 421
1587848852289 1 422
1587848880194 1 423
1587848907723 1 424
1587848935187 1 425
1587848962922 1 426
1587848991458 1 427
1587849019027 1 428
1587849047674 1 429
1587849075606 1 430
1587849103715 1 431
1587849131515 1 432
1587849159296 1 433
1587849186868 1 434
1587849214872 1 435
1587849242744 1 436
1587849270380 1 437
1587849298168 1 438
1587849326155 1 439
1587849354012 1 440
1587849381503 1 441
1587849409156 1 442
1587849436893 1 443
1587849464904 1 444
1587849492638 1 445
1587849520402 1 446
1587849548022 1 447
1587849576590 1 448
1587849604433 1 449
1587849632156 1 450
1587849659931 1 451
1587849688485 1 452
1587849716353 1 453
1587849744171 1 454
1587849771761 1 455
1587849799549 1 456
1587849827595 1 457
1587849855471 1 458
1587849884010 1 459
1587849911680 1 460
1587849939700 1 461
1587849967541 1 462
1587849995323 1 463
1587850022999 1 464
1587850051026 1 465
1587850078597 1 466
1587850106278 1 467
1587850133731 1 468
1587850161417 1 469
1587850190067 1 470
1587850217851 1 471
1587850245484 1 472
1587850273189 1 473
1587850301663 1 474
1587850329792 1 475
1587850357461 1 476
1587850385025 1 477
1587850412948 1 478
1587850440753 1 479
1587850470683 1 480
1587850498523 1 481
1587850526465 1 482
1587850554136 1 483
1587850581919 1 484
1587850609622 1 485
1587850637179 1 486
1587850669224 1 487
1587850702437 1 488
1587850740625 1 489
1587850773225 1 490
1587850806782 1 491
1587850840270 1 492
1587850877026 1 493
1587850913328 1 494
1587850948614 1 495
1587850982791 1 496
1587851017314 1 497
1587851057819 1 498
1587851091316 1 499
1587851125727 1 500
1587851156653 1 501
1587851188297 1 502
1587851220128 1 503
1587851253955 1 504
1587851292034 1 505
1587851329535 1 506
1587851363013 1 507
1587851401503 1 508
1587851439235 1 509
1587851470608 1 510
1587851508826 1 511
1587851548719 1 512
1587851585357 1 513
1587851620950 1 514
1587851659472 1 515
1587851700445 1 516
1587851734303 1 517
1587851767074 1 518
1587851799028 1 519
1587851831265 1 520
1587851867997 1 521
1587851917488 1 522
1587851956768 1 523
1587851990330 1 524
1587852029880 1 525
1587852083879 1 526
1587852129377 1 527
1587852176210 1 528
1587852220284 1 529
1587852263399 1 530
1587852307078 1 531
1587852347541 1 532
1587852389753 1 533
1587852433160 1 534
1587852483614 1 535
1587852514485 1 536
1587852544873 1 537
1587852574875 1 538
1587852604948 1 539
1587852635031 1 540
1587852665196 1 541
1587852695680 1 542
1587852725966 1 543
1587852755956 1 544
1587852786094 1 545
1587852816704 1 546
1587852846834 1 547
1587852877188 1 548
1587852908770 1 549
1587852940827 1 550
1587852977412 1 551
1587853010197 1 552
1587853041934 1 553
1587853073486 1 554
1587853105717 1 555
1587853148551 1 556
1587853182951 1 557
1587853219847 1 558
1587853253966 1 559
1587853291215 1 560
1587853329432 1 561
1587853363134 1 562
1587853408115 1 563
1587853455082 1 564
1587853499627 1 565
1587853544731 1 566
1587853586381 1 567
1587853630603 1 568
1587853665362 1 569
1587853704467 1 570
1587853738777 1 571
1587853774997 1 572
1587853811974 1 573
1587853845533 1 574
1587853880228 1 575
1587853914162 1 576
1587853954516 1 577
1587853992269 1 578
1587854027462 1 579
1587854062878 1 580
1587854102013 1 581
1587854142439 1 582
1587854181492 1 583
1587854222567 1 584
1587854256910 1 585
1587854292470 1 586
1587854326181 1 587
1587854364901 1 588
1587854399784 1 589
1587854437207 1 590
1587854475098 1 591
1587854509455 1 592
1587854547749 1 593
1587854586277 1 594
1587854620522 1 595
1587854655778 1 596
1587854690337 1 597
1587854728179 1 598
1587854763858 1 599
1587854796711 1 600
1587854829995 1 601
1587854863056 1 602
1587854896484 1 603
1587854929022 1 604
1587854961742 1 605
1587854995675 1 606
1587855028299 1 607
1587855060360 1 608
1587855092190 1 609
1587855125805 1 610
1587855159030 1 611
1587855194951 1 612
1587855231809 1 613
1587855268931 1 614
1587855302910 1 615
1587855336284 1 616
1587855370052 1 617
1587855402592 1 618
1587855435516 1 619
1587855470242 1 620
1587855502663 1 621
1587855539930 1 622
1587855573436 1 623
1587855605254 1 624
1587855636781 1 625
1587855668099 1 626
1587855699822 1 627
1587855731302 1 628
1587855762873 1 629
1587855794703 1 630
1587855826938 1 631
1587855858741 1 632
1587855890698 1 633
1587855924904 1 634
1587855955058 1 635
1587855986097 1 636
1587856017260 1 637
1587856048024 1 638
1587856077626 1 639
1587856113994 1 640
1587856147390 1 641
1587856180127 1 642
1587856217743 1 643
1587856249518 1 644
1587856278986 1 645
1587856309975 1 646
1587856341901 1 647
1587856373163 1 648
1587856405377 1 649
1587856437031 1 650
1587856468596 1 651
1587856499628 1 652
1587856530894 1 653
1587856562215 1 654
1587856593356 1 655
1587856624545 1 656
1587856655755 1 657
1587856691750 1 658
1587856722516 1 659
1587856767635 1 660
1587856816357 1 661
1587856849806 1 662
1587856880970 1 663
1587856912318 1 664
1587856943553 1 665
1587856981588 1 666
1587857018879 1 667
1587857056085 1 668
1587857087319 1 669
1587857118576 1 670
1587857149601 1 671
1587857180646 1 672
1587857211561 1 673
1587857242525 1 674
1587857273397 1 675
1587857304639 1 676
1587857335773 1 677
1587857366849 1 678
1587857397995 1 679
1587857429211 1 680
1587857474363 1 681
1587857515083 1 682
1587857555576 1 683
1587857601343 1 684
1587857641477 1 685
1587857681123 1 686
1587857732440 1 687
1587857771947 1 688
1587857809897 1 689
1587857847534 1 690
1587857883159 1 691
1587857920222 1 692
1587857957674 1 693
1587857998809 1 694
1587858048109 1 695
1587858092168 1 696
1587858135263 1 697
1587858174844 1 698
1587858216293 1 699
1587858258594 1 700
1587858307377 1 701
1587858350171 1 702
1587858389735 1 703
1587858426174 1 704
1587858467586 1 705
1587858510848 1 706
1587858551869 1 707
1587858600421 1 708
1587858644557 1 709
1587858684074 1 710
1587858726284 1 711
1587858767027 1 712
1587858810015 1 713
1587858856230 1 714
1587858898637 1 715
1587858940724 1 716
1587858981444 1 717
1587859019409 1 718
1587859057846 1 719
1587859094526 1 720
1587859131213 1 721
1587859176111 1 722
1587859214202 1 723
1587859245396 1 724
1587859276358 1 725
1587859307190 1 726
1587859338041 1 727
1587859379208 1 728
1587859423600 1 729
1587859464023 1 730
1587859504165 1 731
1587859549674 1 732
1587859587782 1 733
1587859629524 1 734
1587859669938 1 735
1587859712802 1 736
1587859755389 1 737
1587859796936 1 738
1587859836591 1 739
1587859883542 1 740
1587859925693 1 741
1587859965655 1 742
1587860004462 1 743
1587860046750 1 744
1587860089692 1 745
1587860130068 1 746
1587860172694 1 747
1587860214338 1 748
1587860256045 1 749
1587860298432 1 750
1587860341921 1 751
1587860381051 1 752
1587860419577 1 753
1587860466484 1 754
1587860506588 1 755
1587860547928 1 756
1587860585888 1 757
1587860626144 1 758
1587860666247 1 759
1587860709302 1 760
1587860758130 1 761
1587860805209 1 762
1587860836865 1 763
1587860867825 1 764
1587860898860 1 765
1587860929833 1 766
1587860962148 1 767
1587861007119 1 768
1587861050306 1 769
1587861095637 1 770
1587861127896 1 771
1587861165494 1 772
1587861211131 1 773
1587861255611 1 774
1587861296028 1 775
1587861342696 1 776
1587861384961 1 777
1587861420173 1 778
1587861456165 1 779
1587861492129 1 780
1587861527735 1 781
1587861564144 1 782
1587861599121 1 783
1587861636600 1 784
1587861681392 1 785
1587861726123 1 786
1587861767455 1 787
1587861811232 1 788
1587861842750 1 789
1587861898540 1 790
1587861940218 1 791
1587861985620 1 792
1587862030751 1 793
1587862081150 1 794
1587862129724 1 795
1587862167945 1 796
1587862205645 1 797
1587862242760 1 798
1587862280262 1 799
1587862317957 1 800
1587862356432 1 801
1587862394104 1 802
1587862431610 1 803
1587862468906 1 804
1587862506867 1 805
1587862550370 1 806
1587862588477 1 807
1587862626523 1 808
1587862664055 1 809
1587862702009 1 810
1587862739406 1 811
1587862777272 1 812
1587862815108 1 813
1587862856228 1 814
1587862894020 1 815
1587862932408 1 816
1587862970458 1 817
1587863008379 1 818
1587863045867 1 819
1587863094285 1 820
1587863126949 1 821
1587863157906 1 822
1587863191486 1 823
1587863222536 1 824
1587863253127 1 825
1587863283972 1 826
1587863314794 1 827
1587863345614 1 828
1587863377081 1 829
1587863407898 1 830
1587863438783 1 831
1587863469268 1 832
1587863500156 1 833
1587863530831 1 834
1587863561616 1 835
1587863592520 1 836
1587863622888 1 837
1587863654280 1 838
1587863685350 1 839
1587863716734 1 840
1587863747819 1 841
1587863781955 1 842
1587863813636 1 843
1587863845010 1 844
1587863875737 1 845
1587863906629 1 846
1587863937506 1 847
1587863968652 1 848
1587863999606 1 849
1587864030570 1 850
1587864061414 1 851
1587864092220 1 852
1587864122966 1 853
1587864153908 1 854
1587864209608 1 855
1587864242054 1 856
1587864276451 1 857
1587864308024 1 858
1587864339573 1 859
1587864385887 1 860
1587864418019 1 861
1587864449620 1 862
1587864481372 1 863
1587864512882 1 864
1587864544346 1 865
1587864576266 1 866
1587864627716 1 867
1587864673021 1 868
1587864711916 1 869
1587864750658 1 870
1587864792068 1 871
1587864831662 1 872
1587864877312 1 873
1587864911198 1 874
1587864942901 1 875
1587864974599 1 876
1587865008486 1 877
1587865040900 1 878
1587865072568 1 879
1587865105321 1 880
1587865136851 1 881
1587865168822 1 882
1587865200580 1 883
1587865231925 1 884
1587865263627 1 885
1587865295017 1 886
1587865326562 1 887
1587865358677 1 888
1587865391914 1 889
1587865423861 1 890
1587865455741 1 891
1587865487368 1 892
1587865519839 1 893
1587865551438 1 894
1587865582817 1 895
1587865618427 1 896
1587865650696 1 897
1587865683004 1 898
1587865714576 1 899
1587865746474 1 900
1587865779006 1 901
1587865810654 1 902
1587865842330 1 903
1587865874008 1 904
1587865905877 1 905
1587865937866 1 906
1587865969501 1 907
1587866001701 1 908
1587866033372 1 909
1587866065414 1 910
1587866096930 1 911
1587866128199 1 912
1587866159942 1 913
1587866191420 1 914
1587866222937 1 915
1587866255296 1 916
1587866286563 1 917
1587866316836 1 918
1587866346054 1 919
1587866374643 1 920
1587866402930 1 921
1587866431046 1 922
1587866459265 1 923
1587866487523 1 924
1587866515720 1 925
1587866543826 1 926
1587866572045 1 927
1587866600629 1 928
1587866628628 1 929
1587866657259 1 930
1587866685540 1 931
1587866713812 1 932
1587866742050 1 933
1587866770327 1 934
1587866800550 1 935
1587866828903 1 936
1587866857158 1 937
1587866885665 1 938
1587866913948 1 939
1587866942813 1 940
1587866971189 1 941
1587866999365 1 942
1587867027557 1 943
1587867055623 1 944
1587867083760 1 945
1587867112055 1 946
1587867140163 1 947
1587867168319 1 948
1587867196715 1 949
1587867225058 1 950
1587867253267 1 951
1587867281521 1 952
1587867309711 1 953
1587867337873 1 954
1587867366067 1 955
1587867394282 1 956
1587867422369 1 957
1587867450625 1 958
1587867479123 1 959
1587867516136 1 960
1587867547736 1 961
1587867583088 1 962
1587867616564 1 963
1587867648809 1 964
1587867681097 1 965
1587867712924 1 966
1587867744681 1 967
1587867776534 1 968
1587867812437 1 969
1587867849886 1 970
1587867883302 1 971
1587867917116 1 972
1587867951872 1 973
1587867986910 1 974
1587868026756 1 975
1587868060900 1 976
1587868100133 1 977
1587868140080 1 978
1587868172997 1 979
1587868206034 1 980
1587868237929 1 981
1587868269870 1 982
1587868301814 1 983
1587868333309 1 984
1587868365047 1 985
1587868396869 1 986
1587868428990 1 987
1587868461366 1 988
1587868494766 1 989
1587868527218 1 990
1587868559434 1 991
1587868591546 1 992
1587868625612 1 993
1587868657363 1 994
1587868689213 1 995
1587868721739 1 996
1587868753744 1 997
1587868785487 1 998
1587868817441 1 999
1587868848710 1 1000
1587868879110 1 1001
1587868907332 1 1002
1587868935534 1 1003
1587868963682 1 1004
1587868992063 1 1005
1587869020578 1 1006
1587869049198 1 1007
1587869077782 1 1008
1587869106209 1 1009
1587869134659 1 1010
1587869162877 1 1011
1587869191064 1 1012
1587869219130 1 1013
1587869247374 1 1014
1587869275853 1 1015
1587869303960 1 1016
1587869332799 1 1017
1587869361118 1 1018
1587869389522 1 1019
1587869418098 1 1020
1587869446313 1 1021
1587869474398 1 1022
1587869502469 1 1023
1587869530694 1 1024
1587869558737 1 1025
1587869586790 1 1026
1587869614949 1 1027
1587869643130 1 1028
1587869671488 1 1029
1587869699976 1 1030
1587869728251 1 1031
1587869756313 1 1032
1587869784470 1 1033
1587869812479 1 1034
1587869841468 1 1035
1587869869673 1 1036
1587869897730 1 1037
1587869925829 1 1038
1587869954320 1 1039
1587869983071 1 1040
1587870011085 1 1041
1587870039253 1 1042
1587870067249 1 1043
1587870095421 1 1044
1587870123554 1 1045
1587870151703 1 1046
1587870179921 1 1047
1587870208067 1 1048
1587870236334 1 1049
1587870265023 1 1050
1587870293283 1 1051
1587870321493 1 1052
1587870349666 1 1053
1587870377949 1 1054
1587870406013 1 1055
1587870436014 1 1056
1587870464128 1 1057
1587870492270 1 1058
1587870520288 1 1059
1587870548768 1 1060
1587870577624 1 1061
1587870605922 1 1062
1587870634153 1 1063
1587870662330 1 1064
1587870690328 1 1065
1587870718673 1 1066
1587870746729 1 1067
1587870774865 1 1068
1587870803035 1 1069
1587870831375 1 1070
1587870859671 1 1071
1587870888049 1 1072
1587870916090 1 1073
1587870944253 1 1074
1587870972285 1 1075
1587871000447 1 1076
1587871028416 1 1077
1587871056555 1 1078
1587871084834 1 1079
1587871113359 1 1080
1587871141551 1 1081
1587871169714 1 1082
1587871198134 1 1083
1587871226255 1 1084
1587871254528 1 1085
1587871282463 1 1086
1587871310569 1 1087
1587871338754 1 1088
1587871366872 1 1089
1587871395510 1 1090
1587871423869 1 1091
1587871452115 1 1092
1587871480572 1 1093
1587871508637 1 1094
1587871536672 1 1095
1587871565008 1 1096
1587871593081 1 1097
1587871621467 1 1098
1587871649750 1 1099
1587871678387 1 1100
1587871707585 1 1101
1587871735808 1 1102
1587871764739 1 1103
1587871793396 1 1104
1587871822254 1 1105
1587871850537 1 1106
1587871878693 1 1107
1587871907081 1 1108
1587871935048 1 1109
1587871963516 1 1110
1587871991947 1 1111
1587872020098 1 1112
1587872048326 1 1113
1587872077018 1 1114
1587872105246 1 1115
1587872133365 1 1116
1587872161772 1 1117
1587872190825 1 1118
1587872219162 1 1119
1587872249753 1 1120
1587872277969 1 1121
1587872306110 1 1122
1587872334372 1 1123
1587872362665 1 1124
1587872391002 1 1125
1587872419337 1 1126
1587872448009 1 1127
1587872476366 1 1128
1587872504563 1 1129
1587872532978 1 1130
1587872561199 1 1131
1587872589539 1 1132
1587872617761 1 1133
1587872645927 1 1134
1587872674443 1 1135
1587872702864 1 1136
1587872731117 1 1137
1587872759303 1 1138
1587872787624 1 1139
1587872816088 1 1140
1587872844409 1 1141
1587872872491 1 1142
1587872900694 1 1143
1587872928949 1 1144
1587872957160 1 1145
1587872985820 1 1146
1587873014046 1 1147
1587873042229 1 1148
1587873070936 1 1149
1587873099375 1 1150
1587873127757 1 1151
1587873155871 1 1152
1587873184341 1 1153
1587873212488 1 1154
1587873240798 1 1155
1587873269196 1 1156
1587873297603 1 1157
1587873326015 1 1158
1587873354198 1 1159
1587873382527 1 1160
1587873410644 1 1161
1587873438805 1 1162
1587873466994 1 1163
1587873495200 1 1164
1587873523396 1 1165
1587873551745 1 1166
1587873580057 1 1167
1587873608195 1 1168
1587873636448 1 1169
1587873664870 1 1170
1587873693427 1 1171
1587873721582 1 1172
1587873750069 1 1173
1587873778333 1 1174
1587873806583 1 1175
1587873834681 1 1176
1587873862909 1 1177
1587873891359 1 1178
1587873919587 1 1179
1587873948067 1 1180
1587873976252 1 1181
1587874004359 1 1182
1587874032448 1 1183
1587874062590 1 1184
1587874090724 1 1185
1587874118956 1 1186
1587874147169 1 1187
1587874175670 1 1188
1587874204095 1 1189
1587874232661 1 1190
1587874260787 1 1191
1587874288916 1 1192
1587874317529 1 1193
1587874345721 1 1194
1587874373920 1 1195
1587874402282 1 1196
1587874430589 1 1197
1587874458774 1 1198
1587874487248 1 1199
1587874515748 1 1200
1587874544393 1 1201
1587874572767 1 1202
1587874601038 1 1203
1587874629187 1 1204
1587874657540 1 1205
1587874685573 1 1206
1587874713646 1 1207
1587874741768 1 1208
1587874770218 1 1209
1587874798740 1 1210
1587874826936 1 1211
1587874855097 1 1212
1587874883308 1 1213
1587874911504 1 1214
1587874940307 1 1215
1587874968500 1 1216
1587874997074 1 1217
1587875025428 1 1218
1587875053531 1 1219
1587875082215 1 1220
1587875110479 1 1221
1587875138724 1 1222
1587875166995 1 1223
1587875195042 1 1224
1587875223113 1 1225
1587875251236 1 1226
1587875279425 1 1227
1587875307709 1 1228
1587875335734 1 1229
1587875364365 1 1230
1587875392791 1 1231
1587875421244 1 1232
1587875449479 1 1233
1587875477579 1 1234
1587875505931 1 1235
1587875534171 1 1236
1587875562691 1 1237
1587875590810 1 1238
1587875618916 1 1239
1587875647401 1 1240
1587875677310 1 1241
1587875706013 1 1242
1587875734568 1 1243
1587875762942 1 1244
1587875791123 1 1245
1587875819232 1 1246
1587875847406 1 1247
1587875877670 1 1248
1587875905793 1 1249
1587875934317 1 1250
1587875962628 1 1251
1587875991086 1 1252
1587876019349 1 1253
1587876047528 1 1254
1587876076019 1 1255
1587876104258 1 1256
1587876132428 1 1257
1587876160574 1 1258
1587876189441 1 1259
1587876218017 1 1260
1587876246596 1 1261
1587876275138 1 1262
1587876303313 1 1263
1587876331768 1 1264
1587876359894 1 1265
1587876388107 1 1266
1587876416431 1 1267
1587876444752 1 1268
1587876472942 1 1269
1587876501309 1 1270
1587876529710 1 1271
1587876557922 1 1272
1587876586336 1 1273
1587876614536 1 1274
1587876642874 1 1275
1587876671352 1 1276
1587876699640 1 1277
1587876727831 1 1278
1587876756214 1 1279
1587876784842 1 1280
1587876813503 1 1281
1587876841728 1 1282
1587876870084 1 1283
1587876898281 1 1284
1587876926650 1 1285
1587876954870 1 1286
1587876983027 1 1287
1587877011297 1 1288
1587877039701 1 1289
1587877068207 1 1290
1587877096386 1 1291
1587877124419 1 1292
1587877152550 1 1293
1587877181006 1 1294
1587877209601 1 1295
1587877237798 1 1296
1587877266142 1 1297
1587877294854 1 1298
1587877322961 1 1299
1587877351899 1 1300
1587877380779 1 1301
1587877409030 1 1302
1587877437887 1 1303
1587877466152 1 1304
1587877494472 1 1305
1587877522608 1 1306
1587877551014 1 1307
1587877579256 1 1308
1587877607352 1 1309
1587877635877 1 1310
1587877664485 1 1311
1587877694328 1 1312
1587877722581 1 1313
1587877750865 1 1314
1587877779314 1 1315
1587877807504 1 1316
1587877835880 1 1317
1587877864037 1 1318
1587877892523 1 1319
1587877921046 1 1320
1587877949307 1 1321
1587877977478 1 1322
1587878005951 1 1323
1587878034163 1 1324
1587878062807 1 1325
1587878091269 1 1326
1587878119354 1 1327
1587878147621 1 1328
1587878176068 1 1329
1587878204411 1 1330
1587878232558 1 1331
1587878261102 1 1332
1587878289272 1 1333
1587878317478 1 1334
1587878345681 1 1335
1587878374021 1 1336
1587878402325 1 1337
1587878430664 1 1338
1587878458874 1 1339
1587878487402 1 1340
1587878515528 1 1341
1587878544013 1 1342
1587878572354 1 1343
1587878600802 1 1344
1587878628970 1 1345
1587878657264 1 1346
1587878686294 1 1347
1587878714616 1 1348
1587878742678 1 1349
1587878771378 1 1350
1587878799502 1 1351
1587878827713 1 1352
1587878855797 1 1353
1587878884046 1 1354
1587878912608 1 1355
1587878941672 1 1356
1587878970158 1 1357
1587878998584 1 1358
1587879026991 1 1359
1587879055462 1 1360
1587879083742 1 1361
1587879112053 1 1362
1587879140233 1 1363
1587879168339 1 1364
1587879196525 1 1365
1587879224575 1 1366
1587879252848 1 1367
1587879281185 1 1368
1587879310205 1 1369
1587879338595 1 1370
1587879367055 1 1371
1587879395261 1 1372
1587879423453 1 1373
1587879451830 1 1374
1587879481855 1 1375
1587879510910 1 1376
1587879539327 1 1377
1587879567720 1 1378
1587879596071 1 1379
1587879624481 1 1380
1587879652710 1 1381
1587879680829 1 1382
1587879708985 1 1383
1587879737321 1 1384
1587879765358 1 1385
1587879793681 1 1386
1587879822170 1 1387
1587879850238 1 1388
1587879878725 1 1389
1587879907093 1 1390
1587879935761 1 1391
1587879963870 1 1392
1587879992186 1 1393
1587880020349 1 1394
1587880048548 1 1395
1587880076575 1 1396
1587880104742 1 1397
1587880134533 1 1398
1587880162940 1 1399
1587880191673 1 1400
1587880220338 1 1401
1587880248532 1 1402
1587880276917 1 1403
1587880305017 1 1404
1587880333272 1 1405
1587880361492 1 1406
1587880389930 1 1407
1587880418143 1 1408
1587880446339 1 1409
1587880475102 1 1410
1587880503448 1 1411
1587880531700 1 1412
1587880560793 1 1413
1587880589359 1 1414
1587880617658 1 1415
1587880646240 1 1416
1587880674576 1 1417
1587880702794 1 1418
1587880731016 1 1419
1587880759577 1 1420
1587880788065 1 1421
1587880816382 1 1422
1587880844672 1 1423
1587880872835 1 1424
1587880901292 1 1425
1587880929518 1 1426
1587880957779 1 1427
1587880986044 1 1428
1587881014480 1 1429
1587881042712 1 1430
1587881071148 1 1431
1587881099493 1 1432
1587881127831 1 1433
1587881156040 1 1434
1587881184542 1 1435
1587881213013 1 1436
1587881241353 1 1437
1587881269624 1 1438
1587881299330 1 1439
1587881328181 1 1440
1587881356498 1 1441
1587881385200 1 1442
1587881413301 1 1443
1587881441569 1 1444
1587881469780 1 1445
1587881498119 1 1446
1587881526431 1 1447
1587881554693 1 1448
1587881583168 1 1449
1587881611696 1 1450
1587881640061 1 1451
1587881668375 1 1452
1587881696965 1 1453
1587881725243 1 1454
1587881753467 1 1455
1587881781671 1 1456
1587881810345 1 1457
1587881838603 1 1458
1587881866875 1 1459
1587881895593 1 1460
1587881923789 1 1461
1587881952188 1 1462
1587881980609 1 1463
1587882008877 1 1464
1587882036995 1 1465
1587882065494 1 1466
1587882093791 1 1467
1587882122029 1 1468
1587882150217 1 1469
1587882178615 1 1470
1587882207211 1 1471
1587882235597 1 1472
1587882263784 1 1473
1587882292209 1 1474
1587882320431 1 1475
1587882348653 1 1476
1587882376941 1 1477
1587882405263 1 1478
1587882434196 1 1479
1587882462723 1 1480
1587882490982 1 1481
1587882519151 1 1482
1587882547284 1 1483
1587882575641 1 1484
1587882604160 1 1485
1587882632264 1 1486
1587882660586 1 1487
1587882688979 1 1488
1587882717500 1 1489
1587882746050 1 1490
1587882774318 1 1491
1587882802514 1 1492
1587882830763 1 1493
1587882859113 1 1494
1587882887850 1 1495
1587882916080 1 1496
1587882944182 1 1497
1587882972542 1 1498
1587883000696 1 1499
1587883029078 1 1500
1587883058610 1 1501
1587883086855 1 1502
1587883117039 1 1503
1587883145278 1 1504
1587883173509 1 1505
1587883201911 1 1506
1587883230315 1 1507
1587883259470 1 1508
1587883289389 1 1509
1587883318822 1 1510
1587883347331 1 1511
1587883375732 1 1512
1587883404191 1 1513
1587883432288 1 1514
1587883460713 1 1515
1587883489368 1 1516
1587883517741 1 1517
1587883545862 1 1518
1587883574231 1 1519
1587883602591 1 1520
1587883631129 1 1521
1587883659513 1 1522
1587883688264 1 1523
1587883716495 1 1524
1587883745081 1 1525
1587883773554 1 1526
1587883802064 1 1527
1587883830370 1 1528
1587883858457 1 1529
1587883887235 1 1530
1587883915317 1 1531
1587883943566 1 1532
1587883971726 1 1533
1587883999949 1 1534
1587884028171 1 1535
1587884056342 1 1536
1587884084878 1 1537
1587884113333 1 1538
1587884141984 1 1539
1587884170701 1 1540
1587884199029 1 1541
1587884227275 1 1542
1587884255625 1 1543
1587884284324 1 1544
1587884312555 1 1545
1587884340779 1 1546
1587884369100 1 1547
1587884397616 1 1548
1587884425862 1 1549
1587884454309 1 1550
1587884482613 1 1551
1587884510968 1 1552
1587884539101 1 1553
1587884567289 1 1554
1587884595577 1 1555
1587884623889 1 1556
1587884652038 1 1557
1587884680477 1 1558
1587884708748 1 1559
1587884737270 1 1560
1587884765509 1 1561
1587884793806 1 1562
1587884822111 1 1563
1587884850401 1 1564
1587884878870 1 1565
1587884907574 1 1566
1587884937834 1 1567
1587884966221 1 1568
1587884994608 1 1569
1587885023167 1 1570
1587885051339 1 1571
1587885079701 1 1572
1587885108058 1 1573
1587885136192 1 1574
1587885164384 1 1575
1587885192678 1 1576
1587885220837 1 1577
1587885249159 1 1578
1587885278130 1 1579
1587885306808 1 1580
1587885334902 1 1581
1587885363139 1 1582
1587885391405 1 1583
1587885419649 1 1584
1587885447937 1 1585
1587885476905 1 1586
1587885505402 1 1587
1587885534118 1 1588
1587885562721 1 1589
1587885591473 1 1590
1587885619638 1 1591
1587885648013 1 1592
1587885676299 1 1593
1587885704603 1 1594
1587885732825 1 1595
1587885761017 1 1596
1587885789484 1 1597
1587885817782 1 1598
1587885846016 1 1599
1587885874501 1 1600
1587885903353 1 1601
1587885931494 1 1602
1587885959805 1 1603
1587885987930 1 1604
1587886016044 1 1605
1587886044197 1 1606
1587886072467 1 1607
1587886100817 1 1608
1587886129556 1 1609
1587886158221 1 1610
1587886186687 1 1611
1587886214965 1 1612
1587886243420 1 1613
1587886271883 1 1614
1587886300170 1 1615
1587886328523 1 1616
1587886356798 1 1617
1587886385271 1 1618
1587886413456 1 1619
1587886441772 1 1620
1587886470021 1 1621
1587886498690 1 1622
1587886526992 1 1623
1587886555330 1 1624
1587886583596 1 1625
1587886611847 1 1626
1587886640069 1 1627
1587886668348 1 1628
1587886696662 1 1629
1587886725251 1 1630
1587886755895 1 1631
1587886784402 1 1632
1587886812589 1 1633
1587886840914 1 1634
1587886871293 1 1635
1587886900330 1 1636
1587886929153 1 1637
1587886957392 1 1638
1587886985860 1 1639
1587887014240 1 1640
1587887042447 1 1641
1587887070692 1 1642
1587887099178 1 1643
1587887127417 1 1644
1587887155599 1 1645
1587887183784 1 1646
1587887211984 1 1647
1587887240268 1 1648
1587887268569 1 1649
1587887297089 1 1650
1587887325404 1 1651
1587887353517 1 1652
1587887382533 1 1653
1587887410925 1 1654
1587887439159 1 1655
1587887467525 1 1656
1587887495719 1 1657
1587887523854 1 1658
1587887552013 1 1659
1587887580915 1 1660
1587887609375 1 1661
1587887637854 1 1662
1587887666347 1 1663
1587887694780 1 1664
1587887723044 1 1665
1587887751372 1 1666
1587887779669 1 1667
1587887807905 1 1668
1587887836128 1 1669
1587887864962 1 1670
1587887893399 1 1671
1587887921747 1 1672
1587887950063 1 1673
1587887978923 1 1674
1587888007233 1 1675
1587888035342 1 1676
1587888063746 1 1677
1587888092198 1 1678
1587888120369 1 1679
1587888149009 1 1680
1587888177279 1 1681
1587888205657 1 1682
1587888233911 1 1683
1587888262194 1 1684
1587888290628 1 1685
1587888318748 1 1686
1587888347121 1 1687
1587888375532 1 1688
1587888403828 1 1689
1587888432419 1 1690
1587888467428 1 1691
1587888502306 1 1692
1587888537698 1 1693
1587888574972 1 1694
1587888606846 1 1695
1587888644154 1 1696
1587888697808 1 1697
1587888734494 1 1698
1587888768303 1 1699
1587888799512 1 1700
1587888830675 1 1701
1587888861608 1 1702
1587888892970 1 1703
1587888924040 1 1704
1587888954583 1 1705
1587888985645 1 1706
1587889016266 1 1707
1587889046931 1 1708
1587889077427 1 1709
1587889108961 1 1710
1587889139625 1 1711
1587889170427 1 1712
1587889201255 1 1713
1587889232734 1 1714
1587889263523 1 1715
1587889294398 1 1716
1587889324847 1 1717
1587889355467 1 1718
1587889385253 1 1719
1587889414971 1 1720
1587889443245 1 1721
1587889471435 1 1722
1587889499989 1 1723
1587889528308 1 1724
1587889556593 1 1725
1587889584730 1 1726
1587889612968 1 1727
1587889641444 1 1728
1587889669675 1 1729
1587889698132 1 1730
1587889726559 1 1731
1587889754826 1 1732
1587889783311 1 1733
1587889811944 1 1734
1587889840630 1 1735
1587889868985 1 1736
1587889897400 1 1737
1587889925677 1 1738
1587889960418 1 1739
1587889992910 1 1740
1587890025228 1 1741
1587890064724 1 1742
1587890097245 1 1743
1587890128066 1 1744
1587890158961 1 1745
1587890189031 1 1746
1587890218857 1 1747
1587890248731 1 1748
1587890278946 1 1749
1587890309200 1 1750
1587890339400 1 1751
1587890371447 1 1752
1587890401862 1 1753
1587890431599 1 1754
1587890461712 1 1755
1587890491612 1 1756
1587890521249 1 1757
1587890550938 1 1758
1587890580592 1 1759
1587890610675 1 1760
1587890640543 1 1761
1587890670256 1 1762
1587890701681 1 1763
1587890731257 1 1764
1587890761226 1 1765
1587890791412 1 1766
1587890819650 1 1767
1587890847285 1 1768
1587890875020 1 1769
1587890903028 1 1770
1587890930784 1 1771
1587890958802 1 1772
1587890986721 1 1773
1587891014620 1 1774
1587891042683 1 1775
1587891070919 1 1776
1587891098848 1 1777
1587891126611 1 1778
1587891154417 1 1779
1587891182530 1 1780
1587891210234 1 1781
1587891237965 1 1782
1587891265862 1 1783
1587891293870 1 1784
1587891321756 1 1785
1587891349645 1 1786
1587891377484 1 1787
1587891405453 1 1788
1587891433290 1 1789
1587891461131 1 1790
1587891488910 1 1791
1587891516852 1 1792
1587891544680 1 1793
1587891572490 1 1794
1587891601959 1 1795
1587891629679 1 1796
1587891657641 1 1797
1587891686140 1 1798
1587891714064 1 1799
1587891741980 1 1800
1587891770218 1 1801
1587891798119 1 1802
1587891825881 1 1803
1587891853669 1 1804
1587891881703 1 1805
1587891909783 1 1806
1587891937560 1 1807
1587891965516 1 1808
1587891993275 1 1809
1587892021335 1 1810
1587892049386 1 1811
1587892077190 1 1812
1587892105698 1 1813
1587892133720 1 1814
1587892161679 1 1815
1587892191641 1 1816
1587892219525 1 1817
1587892247363 1 1818
1587892275331 1 1819
1587892304052 1 1820
1587892332082 1 1821
1587892359917 1 1822
1587892387810 1 1823
1587892415760 1 1824
1587892443431 1 1825
1587892471419 1 1826
1587892499506 1 1827
1587892527326 1 1828
1587892555387 1 1829
1587892583515 1 1830
1587892611422 1 1831
1587892639408 1 1832
1587892669673 1 1833
1587892705439 1 1834
1587892736846 1 1835
1587892770414 1 1836
1587892815689 1 1837
1587892853223 1 1838
1587892887511 1 1839
1587892919363 1 1840
1587892949439 1 1841
1587892979628 1 1842
1587893009929 1 1843
1587893040229 1 1844
1587893070388 1 1845
1587893100611 1 1846
1587893130648 1 1847
1587893160680 1 1848
1587893190979 1 1849
1587893221360 1 1850
1587893251627 1 1851
1587893281752 1 1852
1587893311933 1 1853
1587893341806 1 1854
1587893371874 1 1855
1587893402487 1 1856
1587893432627 1 1857
1587893462587 1 1858
1587893492558 1 1859
1587893523747 1 1860
1587893553617 1 1861
1587893582484 1 1862
1587893610452 1 1863
1587893644913 1 1864
1587893675666 1 1865
1587893706516 1 1866
1587893737975 1 1867
1587893769795 1 1868
1587893801483 1 1869
1587893832527 1 1870
1587893863298 1 1871
1587893894058 1 1872
1587893925003 1 1873
1587893955760 1 1874
1587893988775 1 1875
1587894019879 1 1876
1587894051491 1 1877
1587894082112 1 1878
1587894112670 1 1879
1587894143947 1 1880
1587894174623 1 1881
1587894205544 1 1882
1587894236279 1 1883
1587894266915 1 1884
1587894298086 1 1885
1587894328790 1 1886
1587894360230 1 1887
1587894391084 1 1888
1587894421668 1 1889
1587894452609 1 1890
1587894483368 1 1891
1587894513928 1 1892
1587894544856 1 1893
1587894585878 1 1894
1587894618258 1 1895
1587894649401 1 1896
1587894680299 1 1897
1587894711387 1 1898
1587894742281 1 1899
1587894773894 1 1900
1587894805715 1 1901
1587894836835 1 1902
1587894867784 1 1903
1587894899003 1 1904
1587894929950 1 1905
1587894960842 1 1906
1587894991770 1 1907
1587895022847 1 1908
1587895053771 1 1909
1587895085211 1 1910
1587895116086 1 1911
1587895146984 1 1912
1587895177825 1 1913
1587895209553 1 1914
1587895239178 1 1915
1587895269338 1 1916
1587895298221 1 1917
1587895326507 1 1918
1587895355444 1 1919
1587895384066 1 1920
1587895412564 1 1921
1587895441127 1 1922
1587895469449 1 1923
1587895497973 1 1924
1587895526520 1 1925
1587895555173 1 1926
1587895583920 1 1927
1587895612212 1 1928
1587895640592 1 1929
1587895669394 1 1930
1587895698037 1 1931
1587895726563 1 1932
1587895755072 1 1933
1587895783385 1 1934
1587895814089 1 1935
1587895842561 1 1936
1587895870938 1 1937
1587895899394 1 1938
1587895927772 1 1939
1587895957453 1 1940
1587895986259 1 1941
1587896014776 1 1942
1587896043185 1 1943
1587896071706 1 1944
1587896100313 1 1945
1587896128515 1 1946
1587896157044 1 1947
1587896185426 1 1948
1587896213609 1 1949
1587896242258 1 1950
1587896270905 1 1951
1587896299708 1 1952
1587896327930 1 1953
1587896356297 1 1954
1587896384584 1 1955
1587896413530 1 1956
1587896442280 1 1957
1587896470587 1 1958
1587896499002 1 1959
1587896527910 1 1960
1587896556456 1 1961
1587896585366 1 1962
1587896613995 1 1963
1587896642301 1 1964
1587896670636 1 1965
1587896699127 1 1966
1587896727722 1 1967
1587896756143 1 1968
1587896784547 1 1969
1587896813306 1 1970
1587896841794 1 1971
1587896870125 1 1972
1587896898458 1 1973
1587896926657 1 1974
1587896955112 1 1975
1587896983409 1 1976
1587897012168 1 1977
1587897040627 1 1978
1587897068981 1 1979
1587897097566 1 1980
1587897125980 1 1981
1587897154456 1 1982
1587897183755 1 1983
1587897212103 1 1984
1587897240423 1 1985
1587897268912 1 1986
1587897297369 1 1987
1587897325943 1 1988
1587897354217 1 1989
1587897382785 1 1990
1587897411255 1 1991
1587897439672 1 1992
1587897467990 1 1993
1587897496294 1 1994
1587897524692 1 1995
1587897553111 1 1996
1587897581383 1 1997
1587897611556 1 1998
1587897648035 1 1999
1587897706137 1 2000
1587897744993 1 2001
1587897777712 1 2002
1587897815601 1 2003
1587897847345 1 2004
1587897879672 1 2005
1587897922490 1 2006
1587897959147 1 2007
1587897997958 1 2008
1587898029257 1 2009
1587898064382 1 2010
1587898097355 1 2011
1587898129179 1 2012
1587898160579 1 2013
1587898191736 1 2014
1587898223209 1 2015
1587898256249 1 2016
1587898288426 1 2017
1587898319847 1 2018
1587898351171 1 2019
1587898382993 1 2020
1587898414420 1 2021
1587898446590 1 2022
1587898477948 1 2023
1587898509825 1 2024
1587898540846 1 2025
1587898572320 1 2026
1587898603512 1 2027
1587898634790 1 2028
1587898666085 1 2029
1587898697416 1 2030
1587898728346 1 2031
1587898759218 1 2032
1587898788929 1 2033
1587898817776 1 2034
1587898846497 1 2035
1587898875266 1 2036
1587898903755 1 2037
1587898932394 1 2038
1587898961130 1 2039
1587898989899 1 2040
1587899020826 1 2041
1587899049845 1 2042
1587899078739 1 2043
1587899107769 1 2044
1587899136538 1 2045
1587899165109 1 2046
1587899193706 1 2047
1587899222334 1 2048
1587899251272 1 2049
1587899280832 1 2050
1587899309624 1 2051
1587899338292 1 2052
1587899367257 1 2053
1587899396108 1 2054
1587899426663 1 2055
1587899455438 1 2056
1587899483997 1 2057
1587899512609 1 2058
1587899541051 1 2059
1587899570338 1 2060
1587899599133 1 2061
1587899628151 1 2062
1587899656704 1 2063
1587899685307 1 2064
1587899714468 1 2065
1587899743180 1 2066
1587899771738 1 2067
1587899800341 1 2068
1587899828810 1 2069
1587899857984 1 2070
1587899887362 1 2071
1587899916122 1 2072
1587899944713 1 2073
1587899973302 1 2074
1587900001982 1 2075
1587900030544 1 2076
1587900059263 1 2077
1587900087826 1 2078
1587900116450 1 2079
1587900145335 1 2080
1587900173825 1 2081
1587900202634 1 2082
1587900231697 1 2083
1587900260442 1 2084
1587900288997 1 2085
1587900317969 1 2086
1587900346724 1 2087
1587900375859 1 2088
1587900404464 1 2089
1587900433308 1 2090
1587900462079 1 2091
1587900491396 1 2092
1587900520715 1 2093
1587900549738 1 2094
1587900578694 1 2095
1587900608526 1 2096
1587900637276 1 2097
1587900665978 1 2098
1587900694642 1 2099
1587900723622 1 2100
1587900753859 1 2101
1587900789562 1 2102
1587900821977 1 2103
1587900853922 1 2104
1587900893076 1 2105
1587900936316 1 2106
1587900977693 1 2107
1587901012459 1 2108
1587901042088 1 2109
1587901071790 1 2110
1587901101429 1 2111
1587901130953 1 2112
1587901160499 1 2113
1587901190063 1 2114
1587901219873 1 2115
1587901251334 1 2116
1587901281096 1 2117
1587901310718 1 2118
1587901340406 1 2119
1587901370053 1 2120
1587901400176 1 2121
1587901429763 1 2122
1587901459972 1 2123
1587901489525 1 2124
1587901519202 1 2125
1587901548572 1 2126
1587901578255 1 2127
1587901607900 1 2128
1587901637188 1 2129
1587901666220 1 2130
1587901694913 1 2131
1587901723583 1 2132
1587901752285 1 2133
1587901780762 1 2134
1587901809532 1 2135
1587901838118 1 2136
1587901866841 1 2137
1587901896078 1 2138
1587901924637 1 2139
1587901953327 1 2140
1587901981994 1 2141
1587902010656 1 2142
1587902039327 1 2143
1587902068332 1 2144
1587902097211 1 2145
1587902126191 1 2146
1587902154803 1 2147
1587902183500 1 2148
1587902212103 1 2149
1587902240994 1 2150
1587902269626 1 2151
1587902298294 1 2152
1587902326826 1 2153
1587902355471 1 2154
1587902384544 1 2155
1587902413648 1 2156
1587902442183 1 2157
1587902470739 1 2158
1587902499977 1 2159
1587902528942 1 2160
1587902558477 1 2161
1587902587668 1 2162
1587902616371 1 2163
1587902644906 1 2164
1587902674262 1 2165
1587902702869 1 2166
1587902732351 1 2167
1587902761071 1 2168
1587902789957 1 2169
1587902818847 1 2170
1587902847489 1 2171
1587902875986 1 2172
1587902904739 1 2173
1587902933447 1 2174
1587902962014 1 2175
1587902990488 1 2176
1587903019301 1 2177
1587903049538 1 2178
1587903078723 1 2179
1587903108212 1 2180
1587903136833 1 2181
1587903165180 1 2182
1587903193783 1 2183
1587903222415 1 2184
1587903256419 1 2185
1587903285356 1 2186
1587903314177 1 2187
1587903342598 1 2188
1587903377320 1 2189
1587903410296 1 2190
1587903441587 1 2191
1587903473187 1 2192
1587903504777 1 2193
1587903535853 1 2194
1587903567290 1 2195
1587903598879 1 2196
1587903630657 1 2197
1587903662177 1 2198
1587903693741 1 2199
1587903725411 1 2200
1587903756940 1 2201
1587903788111 1 2202
1587903820985 1 2203
1587903852648 1 2204
1587903883871 1 2205
1587903916187 1 2206
1587903947354 1 2207
1587903979058 1 2208
1587904010260 1 2209
1587904040746 1 2210
1587904069515 1 2211
1587904098249 1 2212
1587904126718 1 2213
1587904155416 1 2214
1587904184265 1 2215
1587904213320 1 2216
1587904242420 1 2217
1587904271526 1 2218
1587904300362 1 2219
1587904329493 1 2220
1587904358128 1 2221
1587904386750 1 2222
1587904415357 1 2223
1587904443968 1 2224
1587904472640 1 2225
1587904501851 1 2226
1587904530670 1 2227
1587904559254 1 2228
1587904587962 1 2229
1587904617455 1 2230
1587904646151 1 2231
1587904674741 1 2232
1587904703454 1 2233
1587904732010 1 2234
1587904760664 1 2235
1587904789148 1 2236
1587904818120 1 2237
1587904846778 1 2238
1587904877413 1 2239
1587904906504 1 2240
1587904935247 1 2241
1587904963875 1 2242
1587904992641 1 2243
1587905021290 1 2244
1587905050010 1 2245
1587905078774 1 2246
1587905108067 1 2247
1587905136792 1 2248
1587905165417 1 2249
1587905194448 1 2250
1587905223124 1 2251
1587905251754 1 2252
1587905280292 1 2253
1587905308995 1 2254
1587905337757 1 2255
1587905366267 1 2256
1587905394918 1 2257
1587905423868 1 2258
1587905452351 1 2259
1587905481413 1 2260
1587905510227 1 2261
1587905538877 1 2262
1587905568363 1 2263
1587905597134 1 2264
1587905625729 1 2265
1587905654510 1 2266
1587905683181 1 2267
1587905712451 1 2268
1587905741272 1 2269
1587905770180 1 2270
1587905798873 1 2271
1587905827567 1 2272
1587905856162 1 2273
1587905884433 1 2274
1587905913100 1 2275
1587905941907 1 2276
1587905970591 1 2277
1587905999176 1 2278
1587906028888 1 2279
1587906058097 1 2280
1587906087383 1 2281
1587906116021 1 2282
1587906145010 1 2283
1587906174261 1 2284
1587906202934 1 2285
1587906231840 1 2286
1587906261225 1 2287
1587906290280 1 2288
1587906319600 1 2289
1587906348461 1 2290
1587906377045 1 2291
1587906406279 1 2292
1587906434839 1 2293
1587906464211 1 2294
1587906493474 1 2295
1587906522942 1 2296
1587906551544 1 2297
1587906580360 1 2298
1587906609073 1 2299
1587906637977 1 2300
1587906668169 1 2301
1587906698291 1 2302
1587906727620 1 2303
1587906756421 1 2304
1587906785159 1 2305
1587906813755 1 2306
1587906842435 1 2307
1587906871013 1 2308
1587906900748 1 2309
1587906930755 1 2310
1587906960289 1 2311
1587906988951 1 2312
1587907017579 1 2313
1587907046418 1 2314
1587907075205 1 2315
1587907103798 1 2316
1587907132582 1 2317
1587907161287 1 2318
1587907189990 1 2319
1587907219115 1 2320
1587907247748 1 2321
1587907276410 1 2322
1587907305098 1 2323
1587907333978 1 2324
1587907362671 1 2325
1587907391368 1 2326
1587907420133 1 2327
1587907449007 1 2328
1587907477749 1 2329
1587907506869 1 2330
1587907536242 1 2331
1587907564950 1 2332
1587907593559 1 2333
1587907622332 1 2334
1587907651023 1 2335
1587907679956 1 2336
1587907708611 1 2337
1587907737321 1 2338
1587907766091 1 2339
1587907794985 1 2340
1587907824141 1 2341
1587907852812 1 2342
1587907881593 1 2343
1587907910809 1 2344
1587907940002 1 2345
1587907968716 1 2346
1587907997427 1 2347
1587908027622 1 2348
1587908056722 1 2349
1587908085727 1 2350
1587908114885 1 2351
1587908144026 1 2352
1587908172825 1 2353
1587908201597 1 2354
1587908230342 1 2355
1587908259341 1 2356
1587908287843 1 2357
1587908316675 1 2358
1587908345462 1 2359
1587908374467 1 2360
1587908403427 1 2361
1587908432449 1 2362
1587908461132 1 2363
1587908491863 1 2364
1587908520545 1 2365
1587908549823 1 2366
1587908579237 1 2367
1587908608470 1 2368
1587908637189 1 2369
1587908666336 1 2370
1587908695252 1 2371
1587908724346 1 2372
1587908753664 1 2373
1587908782572 1 2374
1587908811373 1 2375
1587908840390 1 2376
1587908868925 1 2377
1587908897648 1 2378
1587908926313 1 2379
1587908955269 1 2380
1587908983936 1 2381
1587909012751 1 2382
1587909041469 1 2383
1587909070154 1 2384
1587909098947 1 2385
1587909127746 1 2386
1587909156734 1 2387
1587909185788 1 2388
1587909214477 1 2389
1587909243538 1 2390
1587909272284 1 2391
1587909300912 1 2392
1587909329870 1 2393
1587909358768 1 2394
1587909387512 1 2395
1587909416160 1 2396
1587909445228 1 2397
1587909473869 1 2398
1587909502544 1 2399
1587909531366 1 2400
1587909560568 1 2401
1587909589160 1 2402
1587909618109 1 2403
1587909646735 1 2404
1587909675399 1 2405
1587909704077 1 2406
1587909733040 1 2407
1587909761726 1 2408
1587909791925 1 2409
1587909820889 1 2410
1587909849555 1 2411
1587909878340 1 2412
1587909907145 1 2413
1587909936032 1 2414
1587909965194 1 2415
1587909993891 1 2416
1587910022730 1 2417
1587910051694 1 2418
1587910080533 1 2419
1587910109629 1 2420
1587910138340 1 2421
1587910167220 1 2422
1587910195771 1 2423
1587910224600 1 2424
1587910253291 1 2425
1587910281991 1 2426
1587910312548 1 2427
1587910341206 1 2428
1587910370406 1 2429
1587910399587 1 2430
1587910428208 1 2431
1587910457181 1 2432
1587910485984 1 2433
1587910514790 1 2434
1587910543582 1 2435
1587910572751 1 2436
1587910601571 1 2437
1587910631040 1 2438
1587910660168 1 2439
1587910689437 1 2440
1587910718706 1 2441
1587910747593 1 2442
1587910776608 1 2443
1587910805306 1 2444
1587910835232 1 2445
1587910864637 1 2446
1587910893813 1 2447
1587910922577 1 2448
1587910951424 1 2449
1587910980766 1 2450
1587911009593 1 2451
1587911038223 1 2452
1587911076795 1 2453
