1587836276859 1001 1
1587836320971 1001 2
1587836355499 1001 3
1587836391232 1001 4
1587836425170 1001 5
1587836457577 1001 6
1587836494762 1001 7
1587836542276 1001 8
1587836580570 1001 9
1587836618889 1001 10
1587836660178 1001 11
1587836694726 1001 12
1587836733968 1001 13
1587836770983 1001 14
1587836807365 1001 15
1587836858678 1001 16
1587836905293 1001 17
1587836945980 1001 18
1587836989720 1001 19
1587837034451 1001 20
1587837072436 1001 21
1587837119949 1001 22
1587837166203 1001 23
1587837203622 1001 24
1587837253567 1001 25
1587837298470 1001 26
1587837335419 1001 27
1587837375379 1001 28
1587837404893 1001 29
1587837434511 1001 30
1587837463888 1001 31
1587837492470 1001 32
1587837521346 1001 33
1587837550312 1001 34
1587837579983 1001 35
1587837608738 1001 36
1587837637843 1001 37
1587837666491 1001 38
1587837695933 1001 39
1587837725074 1001 40
1587837753994 1001 41
1587837784626 1001 42
1587837814622 1001 43
1587837843377 1001 44
1587837872117 1001 45
1587837900971 1001 46
1587837930535 1001 47
1587837959382 1001 48
1587837989088 1001 49
1587838018135 1001 50
1587838047594 1001 51
1587838075149 1001 52
1587838101837 1001 53
1587838128542 1001 54
1587838155230 1001 55
1587838182352 1001 56
1587838209094 1001 57
1587838235728 1001 58
1587838262361 1001 59
1587838289664 1001 60
1587838316445 1001 61
1587838343569 1001 62
1587838370239 1001 63
1587838397154 1001 64
1587838424568 1001 65
1587838451598 1001 66
1587838478507 1001 67
1587838505327 1001 68
1587838532548 1001 69
1587838559673 1001 70
1587838586716 1001 71
1587838614068 1001 72
1587838641234 1001 73
1587838668577 1001 74
1587838695635 1001 75
1587838724972 1001 76
1587838752117 1001 77
1587838779591 1001 78
1587838806805 1001 79
1587838834008 1001 80
1587838860935 1001 81
1587838898618 1001 82
1587838929120 1001 83
1587838957529 1001 84
1587838986367 1001 85
1587839015556 1001 86
1587839043810 1001 87
1587839071964 1001 88
1587839099817 1001 89
1587839128674 1001 90
1587839156908 1001 91
1587839185083 1001 92
1587839213229 1001 93
1587839242264 1001 94
1587839270684 1001 95
1587839298937 1001 96
1587839327092 1001 97
1587839355258 1001 98
1587839384241 1001 99
1587839412834 1001 100
1587839441412 1001 101
1587839469652 1001 102
1587839498673 1001 103
1587839527323 1001 104
1587839555755 1001 105
1587839585290 1001 106
1587839615836 1001 107
1587839645581 1001 108
1587839675589 1001 109
1587839707895 1001 110
1587839737199 1001 111
1587839766836 1001 112
1587839795628 1001 113
1587839824814 1001 114
1587839854824 1001 115
1587839887485 1001 116
1587839921849 1001 117
1587839950287 1001 118
1587839979007 1001 119
1587840007523 1001 120
1587840035957 1001 121
1587840064872 1001 122
1587840093554 1001 123
1587840122147 1001 124
1587840150483 1001 125
1587840178764 1001 126
1587840207599 1001 127
1587840235983 1001 128
1587840264482 1001 129
1587840293154 1001 130
1587840321352 1001 131
1587840349967 1001 132
1587840378423 1001 133
1587840406464 1001 134
1587840435301 1001 135
1587840464707 1001 136
1587840493094 1001 137
1587840521414 1001 138
1587840549802 1001 139
1587840578637 1001 140
1587840606979 1001 141
1587840635346 1001 142
1587840663645 1001 143
1587840692348 1001 144
1587840720962 1001 145
1587840749584 1001 146
1587840778002 1001 147
1587840806713 1001 148
1587840835254 1001 149
1587840864500 1001 150
1587840894788 1001 151
1587840925221 1001 152
1587840955240 1001 153
1587840985213 1001 154
1587841015048 1001 155
1587841046216 1001 156
1587841090291 1001 157
1587841124927 1001 158
1587841153313 1001 159
1587841182254 1001 160
1587841211399 1001 161
1587841239771 1001 162
1587841268114 1001 163
1587841296975 1001 164
1587841325402 1001 165
1587841353952 1001 166
1587841382086 1001 167
1587841412844 1001 168
1587841441412 1001 169
1587841470006 1001 170
1587841498430 1001 171
1587841526820 1001 172
1587841555034 1001 173
1587841583263 1001 174
1587841611289 1001 175
1587841639543 1001 176
1587841668533 1001 177
1587841696823 1001 178
1587841725112 1001 179
1587841753096 1001 180
1587841780938 1001 181
1587841808691 1001 182
1587841836131 1001 183
1587841863703 1001 184
1587841891593 1001 185
1587841919312 1001 186
1587841947420 1001 187
1587841975008 1001 188
1587842002846 1001 189
1587842030860 1001 190
1587842058693 1001 191
1587842086286 1001 192
1587842113920 1001 193
1587842141921 1001 194
1587842169487 1001 195
1587842197156 1001 196
1587842224860 1001 197
1587842253308 1001 198
1587842281052 1001 199
1587842309133 1001 200
1587842337139 1001 201
1587842365381 1001 202
1587842392980 1001 203
1587842420578 1001 204
1587842448042 1001 205
1587842475696 1001 206
1587842503344 1001 207
1587842531073 1001 208
1587842558829 1001 209
1587842586453 1001 210
1587842614322 1001 211
1587842641930 1001 212
1587842669670 1001 213
1587842697366 1001 214
1587842725095 1001 215
1587842759283 1001 216
1587842789422 1001 217
1587842822189 1001 218
1587842854659 1001 219
1587842884831 1001 220
1587842914093 1001 221
1587842945201 1001 222
1587842981984 1001 223
1587843011093 1001 224
1587843039478 1001 225
1587843067693 1001 226
1587843096729 1001 227
1587843125251 1001 228
1587843158807 1001 229
1587843188483 1001 230
1587843224204 1001 231
1587843259925 1001 232
1587843325021 1001 233
1587843377246 1001 234
1587843408782 1001 235
1587843441820 1001 236
1587843486494 1001 237
1587843539647 1001 238
1587843580207 1001 239
1587843620464 1001 240
1587843664574 1001 241
1587843705793 1001 242
1587843744382 1001 243
1587843784264 1001 244
1587843826699 1001 245
1587843870334 1001 246
1587843911143 1001 247
1587843943255 1001 248
1587843971718 1001 249
1587844000367 1001 250
1587844028596 1001 251
1587844057235 1001 252
1587844085545 1001 253
1587844114566 1001 254
1587844144094 1001 255
1587844173945 1001 256
1587844202348 1001 257
1587844235220 1001 258
1587844265485 1001 259
1587844295848 1001 260
1587844325305 1001 261
1587844355074 1001 262
1587844384734 1001 263
1587844414846 1001 264
1587844444431 1001 265
1587844474226 1001 266
1587844503777 1001 267
1587844533698 1001 268
1587844563512 1001 269
1587844593286 1001 270
1587844622998 1001 271
1587844652578 1001 272
1587844681944 1001 273
1587844711494 1001 274
1587844741651 1001 275
1587844771469 1001 276
1587844801288 1001 277
1587844830963 1001 278
1587844860237 1001 279
1587844892752 1001 280
1587844920561 1001 281
1587844948341 1001 282
1587844976377 1001 283
1587845004143 1001 284
1587845033696 1001 285
1587845061351 1001 286
1587845089305 1001 287
1587845116695 1001 288
1587845144428 1001 289
1587845172400 1001 290
1587845199954 1001 291
1587845227457 1001 292
1587845255422 1001 293
1587845283336 1001 294
1587845310962 1001 295
1587845339284 1001 296
1587845367428 1001 297
1587845395249 1001 298
1587845422994 1001 299
1587845450887 1001 300
1587845478807 1001 301
1587845506774 1001 302
1587845534458 1001 303
1587845562120 1001 304
1587845590142 1001 305
1587845617944 1001 306
1587845645588 1001 307
1587845673500 1001 308
1587845701280 1001 309
1587845729433 1001 310
1587845757113 1001 311
1587845784890 1001 312
1587845812435 1001 313
1587845840407 1001 314
1587845868156 1001 315
1587845895664 1001 316
1587845923385 1001 317
1587845951565 1001 318
1587845979519 1001 319
1587846007440 1001 320
1587846035035 1001 321
1587846062819 1001 322
1587846090668 1001 323
1587846118215 1001 324
1587846145811 1001 325
1587846173224 1001 326
1587846201074 1001 327
1587846228748 1001 328
1587846256188 1001 329
1587846284338 1001 330
1587846311979 1001 331
1587846339716 1001 332
1587846367470 1001 333
1587846395177 1001 334
1587846422614 1001 335
1587846450558 1001 336
1587846478057 1001 337
1587846505627 1001 338
1587846533233 1001 339
1587846561606 1001 340
1587846589757 1001 341
1587846617648 1001 342
1587846645214 1001 343
1587846672873 1001 344
1587846701351 1001 345
1587846729060 1001 346
1587846756685 1001 347
1587846784696 1001 348
1587846813445 1001 349
1587846843126 1001 350
1587846871158 1001 351
1587846898926 1001 352
1587846926919 1001 353
1587846954547 1001 354
1587846982259 1001 355
1587847009984 1001 356
1587847037707 1001 357
1587847065533 1001 358
1587847093220 1001 359
1587847121055 1001 360
1587847148580 1001 361
1587847177302 1001 362
1587847204801 1001 363
1587847232389 1001 364
1587847260066 1001 365
1587847288205 1001 366
1587847315797 1001 367
1587847343399 1001 368
1587847371071 1001 369
1587847399067 1001 370
1587847427048 1001 371
1587847454718 1001 372
1587847482538 1001 373
1587847510292 1001 374
1587847538429 1001 375
1587847566227 1001 376
1587847593919 1001 377
1587847621527 1001 378
1587847649581 1001 379
1587847677524 1001 380
1587847705342 1001 381
1587847733987 1001 382
1587847763212 1001 383
1587847791861 1001 384
1587847819814 1001 385
1587847847355 1001 386
1587847875075 1001 387
1587847903278 1001 388
1587847930915 1001 389
1587847958698 1001 390
1587847986369 1001 391
1587848014514 1001 392
1587848042136 1001 393
1587848070032 1001 394
1587848097898 1001 395
1587848125794 1001 396
1587848153644 1001 397
1587848181502 1001 398
1587848209101 1001 399
1587848237007 1001 400
1587848265318 1001 401
1587848292909 1001 402
1587848320780 1001 403
1587848348263 1001 404
1587848376966 1001 405
1587848405359 1001 406
1587848433144 1001 407
1587848460781 1001 408
1587848489250 1001 409
1587848517098 1001 410
1587848544628 1001 411
1587848572200 1001 412
1587848599918 1001 413
1587848627925 1001 414
1587848657504 1001 415
1587848685452 1001 416
1587848712996 1001 417
1587848740766 1001 418
1587848768437 1001 419
1587848796468 1001 420
1587848824206 1001 421
1587848852289 1001 422
1587848880194 1001 423
1587848907723 1001 424
1587848935187 1001 425
1587848962922 1001 426
1587848991458 1001 427
1587849019027 1001 428
1587849047674 1001 429
1587849075606 1001 430
1587849103715 1001 431
1587849131515 1001 432
1587849159296 1001 433
1587849186868 1001 434
1587849214872 1001 435
1587849242744 1001 436
1587849270380 1001 437
1587849298168 1001 438
1587849326155 1001 439
1587849354012 1001 440
1587849381503 1001 441
1587849409156 1001 442
1587849436893 1001 443
1587849464904 1001 444
1587849492638 1001 445
1587849520402 1001 446
1587849548022 1001 447
1587849576590 1001 448
1587849604433 1001 449
1587849632156 1001 450
1587849659931 1001 451
1587849688485 1001 452
1587849716353 1001 453
1587849744171 1001 454
1587849771761 1001 455
1587849799549 1001 456
1587849827595 1001 457
1587849855471 1001 458
1587849884010 1001 459
1587849911680 1001 460
1587849939700 1001 461
1587849967541 1001 462
1587849995323 1001 463
1587850022999 1001 464
1587850051026 1001 465
1587850078597 1001 466
1587850106278 1001 467
1587850133731 1001 468
1587850161417 1001 469
1587850190067 1001 470
1587850217851 1001 471
1587850245484 1001 472
1587850273189 1001 473
1587850301663 1001 474
1587850329792 1001 475
1587850357461 1001 476
1587850385025 1001 477
1587850412948 1001 478
1587850440753 1001 479
1587850470683 1001 480
1587850498523 1001 481
1587850526465 1001 482
1587850554136 1001 483
1587850581919 1001 484
1587850609622 1001 485
1587850637179 1001 486
1587850669224 1001 487
1587850702437 1001 488
1587850740625 1001 489
1587850773225 1001 490
1587850806782 1001 491
1587850840270 1001 492
1587850877026 1001 493
1587850913328 1001 494
1587850948614 1001 495
1587850982791 1001 496
1587851017314 1001 497
1587851057819 1001 498
1587851091316 1001 499
1587851125727 1001 500
1587851156653 1001 501
1587851188297 1001 502
1587851220128 1001 503
1587851253955 1001 504
1587851292034 1001 505
1587851329535 1001 506
1587851363013 1001 507
1587851401503 1001 508
1587851439235 1001 509
1587851470608 1001 510
1587851508826 1001 511
1587851548719 1001 512
1587851585357 1001 513
1587851620950 1001 514
1587851659472 1001 515
1587851700445 1001 516
1587851734303 1001 517
1587851767074 1001 518
1587851799028 1001 519
1587851831265 1001 520
1587851867997 1001 521
1587851917488 1001 522
1587851956768 1001 523
1587851990330 1001 524
1587852029880 1001 525
1587852083879 1001 526
1587852129377 1001 527
1587852176210 1001 528
1587852220284 1001 529
1587852263399 1001 530
1587852307078 1001 531
1587852347541 1001 532
1587852389753 1001 533
1587852433160 1001 534
1587852483614 1001 535
1587852514485 1001 536
1587852544873 1001 537
1587852574875 1001 538
1587852604948 1001 539
1587852635031 1001 540
1587852665196 1001 541
1587852695680 1001 542
1587852725966 1001 543
1587852755956 1001 544
1587852786094 1001 545
1587852816704 1001 546
1587852846834 1001 547
1587852877188 1001 548
1587852908770 1001 549
1587852940827 1001 550
1587852977412 1001 551
1587853010197 1001 552
1587853041934 1001 553
1587853073486 1001 554
1587853105717 1001 555
1587853148551 1001 556
1587853182951 1001 557
1587853219847 1001 558
1587853253966 1001 559
1587853291215 1001 560
1587853329432 1001 561
1587853363134 1001 562
1587853408115 1001 563
1587853455082 1001 564
1587853499627 1001 565
1587853544731 1001 566
1587853586381 1001 567
1587853630603 1001 568
1587853665362 1001 569
1587853704467 1001 570
1587853738777 1001 571
1587853774997 1001 572
1587853811974 1001 573
1587853845533 1001 574
1587853880228 1001 575
1587853914162 1001 576
1587853954516 1001 577
1587853992269 1001 578
1587854027462 1001 579
1587854062878 1001 580
1587854102013 1001 581
1587854142439 1001 582
1587854181492 1001 583
1587854222567 1001 584
1587854256910 1001 585
1587854292470 1001 586
1587854326181 1001 587
1587854364901 1001 588
1587854399784 1001 589
1587854437207 1001 590
1587854475098 1001 591
1587854509455 1001 592
1587854547749 1001 593
1587854586277 1001 594
1587854620522 1001 595
1587854655778 1001 596
1587854690337 1001 597
1587854728179 1001 598
1587854763858 1001 599
1587854796711 1001 600
1587854829995 1001 601
1587854863056 1001 602
1587854896484 1001 603
1587854929022 1001 604
1587854961742 1001 605
1587854995675 1001 606
1587855028299 1001 607
1587855060360 1001 608
1587855092190 1001 609
1587855125805 1001 610
1587855159030 1001 611
1587855194951 1001 612
1587855231809 1001 613
1587855268931 1001 614
1587855302910 1001 615
1587855336284 1001 616
1587855370052 1001 617
1587855402592 1001 618
1587855435516 1001 619
1587855470242 1001 620
1587855502663 1001 621
1587855539930 1001 622
1587855573436 1001 623
1587855605254 1001 624
1587855636781 1001 625
1587855668099 1001 626
1587855699822 1001 627
1587855731302 1001 628
1587855762873 1001 629
1587855794703 1001 630
1587855826938 1001 631
1587855858741 1001 632
1587855890698 1001 633
1587855924904 1001 634
1587855955058 1001 635
1587855986097 1001 636
1587856017260 1001 637
1587856048024 1001 638
1587856077626 1001 639
1587856113994 1001 640
1587856147390 1001 641
1587856180127 1001 642
1587856217743 1001 643
1587856249518 1001 644
1587856278986 1001 645
1587856309975 1001 646
1587856341901 1001 647
1587856373163 1001 648
1587856405377 1001 649
1587856437031 1001 650
1587856468596 1001 651
1587856499628 1001 652
1587856530894 1001 653
1587856562215 1001 654
1587856593356 1001 655
1587856624545 1001 656
1587856655755 1001 657
1587856691750 1001 658
1587856722516 1001 659
1587856767635 1001 660
1587856816357 1001 661
1587856849806 1001 662
1587856880970 1001 663
1587856912318 1001 664
1587856943553 1001 665
1587856981588 1001 666
1587857018879 1001 667
1587857056085 1001 668
1587857087319 1001 669
1587857118576 1001 670
1587857149601 1001 671
1587857180646 1001 672
1587857211561 1001 673
1587857242525 1001 674
1587857273397 1001 675
1587857304639 1001 676
1587857335773 1001 677
1587857366849 1001 678
1587857397995 1001 679
1587857429211 1001 680
1587857474363 1001 681
1587857515083 1001 682
1587857555576 1001 683
1587857601343 1001 684
1587857641477 1001 685
1587857681123 1001 686
1587857732440 1001 687
1587857771947 1001 688
1587857809897 1001 689
1587857847534 1001 690
1587857883159 1001 691
1587857920222 1001 692
1587857957674 1001 693
1587857998809 1001 694
1587858048109 1001 695
1587858092168 1001 696
1587858135263 1001 697
1587858174844 1001 698
1587858216293 1001 699
1587858258594 1001 700
1587858307377 1001 701
1587858350171 1001 702
1587858389735 1001 703
1587858426174 1001 704
1587858467586 1001 705
1587858510848 1001 706
1587858551869 1001 707
1587858600421 1001 708
1587858644557 1001 709
1587858684074 1001 710
1587858726284 1001 711
1587858767027 1001 712
1587858810015 1001 713
1587858856230 1001 714
1587858898637 1001 715
1587858940724 1001 716
1587858981444 1001 717
1587859019409 1001 718
1587859057846 1001 719
1587859094526 1001 720
1587859131213 1001 721
1587859176111 1001 722
1587859214202 1001 723
1587859245396 1001 724
1587859276358 1001 725
1587859307190 1001 726
1587859338041 1001 727
1587859379208 1001 728
1587859423600 1001 729
1587859464023 1001 730
1587859504165 1001 731
1587859549674 1001 732
1587859587782 1001 733
1587859629524 1001 734
1587859669938 1001 735
1587859712802 1001 736
1587859755389 1001 737
1587859796936 1001 738
1587859836591 1001 739
1587859883542 1001 740
1587859925693 1001 741
1587859965655 1001 742
1587860004462 1001 743
1587860046750 1001 744
1587860089692 1001 745
1587860130068 1001 746
1587860172694 1001 747
1587860214338 1001 748
1587860256045 1001 749
1587860298432 1001 750
1587860341921 1001 751
1587860381051 1001 752
1587860419577 1001 753
1587860466484 1001 754
1587860506588 1001 755
1587860547928 1001 756
1587860585888 1001 757
1587860626144 1001 758
1587860666247 1001 759
1587860709302 1001 760
1587860758130 1001 761
1587860805209 1001 762
1587860836865 1001 763
1587860867825 1001 764
1587860898860 1001 765
1587860929833 1001 766
1587860962148 1001 767
1587861007119 1001 768
1587861050306 1001 769
1587861095637 1001 770
1587861127896 1001 771
1587861165494 1001 772
1587861211131 1001 773
1587861255611 1001 774
1587861296028 1001 775
1587861342696 1001 776
1587861384961 1001 777
1587861420173 1001 778
1587861456165 1001 779
1587861492129 1001 780
1587861527735 1001 781
1587861564144 1001 782
1587861599121 1001 783
1587861636600 1001 784
1587861681392 1001 785
1587861726123 1001 786
1587861767455 1001 787
1587861811232 1001 788
1587861842750 1001 789
1587861898540 1001 790
1587861940218 1001 791
1587861985620 1001 792
1587862030751 1001 793
1587862081150 1001 794
1587862129724 1001 795
1587862167945 1001 796
1587862205645 1001 797
1587862242760 1001 798
1587862280262 1001 799
1587862317957 1001 800
1587862356432 1001 801
1587862394104 1001 802
1587862431610 1001 803
1587862468906 1001 804
1587862506867 1001 805
1587862550370 1001 806
1587862588477 1001 807
1587862626523 1001 808
1587862664055 1001 809
1587862702009 1001 810
1587862739406 1001 811
1587862777272 1001 812
1587862815108 1001 813
1587862856228 1001 814
1587862894020 1001 815
1587862932408 1001 816
1587862970458 1001 817
1587863008379 1001 818
1587863045867 1001 819
1587863094285 1001 820
1587863126949 1001 821
1587863157906 1001 822
1587863191486 1001 823
1587863222536 1001 824
1587863253127 1001 825
1587863283972 1001 826
1587863314794 1001 827
1587863345614 1001 828
1587863377081 1001 829
1587863407898 1001 830
1587863438783 1001 831
1587863469268 1001 832
1587863500156 1001 833
1587863530831 1001 834
1587863561616 1001 835
1587863592520 1001 836
1587863622888 1001 837
1587863654280 1001 838
1587863685350 1001 839
1587863716734 1001 840
1587863747819 1001 841
1587863781955 1001 842
1587863813636 1001 843
1587863845010 1001 844
1587863875737 1001 845
1587863906629 1001 846
1587863937506 1001 847
1587863968652 1001 848
1587863999606 1001 849
1587864030570 1001 850
1587864061414 1001 851
1587864092220 1001 852
1587864122966 1001 853
1587864153908 1001 854
1587864209608 1001 855
1587864242054 1001 856
1587864276451 1001 857
1587864308024 1001 858
1587864339573 1001 859
1587864385887 1001 860
1587864418019 1001 861
1587864449620 1001 862
1587864481372 1001 863
1587864512882 1001 864
1587864544346 1001 865
1587864576266 1001 866
1587864627716 1001 867
1587864673021 1001 868
1587864711916 1001 869
1587864750658 1001 870
1587864792068 1001 871
1587864831662 1001 872
1587864877312 1001 873
1587864911198 1001 874
1587864942901 1001 875
1587864974599 1001 876
1587865008486 1001 877
1587865040900 1001 878
1587865072568 1001 879
1587865105321 1001 880
1587865136851 1001 881
1587865168822 1001 882
1587865200580 1001 883
1587865231925 1001 884
1587865263627 1001 885
1587865295017 1001 886
1587865326562 1001 887
1587865358677 1001 888
1587865391914 1001 889
1587865423861 1001 890
1587865455741 1001 891
1587865487368 1001 892
1587865519839 1001 893
1587865551438 1001 894
1587865582817 1001 895
1587865618427 1001 896
1587865650696 1001 897
1587865683004 1001 898
1587865714576 1001 899
1587865746474 1001 900
1587865779006 1001 901
1587865810654 1001 902
1587865842330 1001 903
1587865874008 1001 904
1587865905877 1001 905
1587865937866 1001 906
1587865969501 1001 907
1587866001701 1001 908
1587866033372 1001 909
1587866065414 1001 910
1587866096930 1001 911
1587866128199 1001 912
1587866159942 1001 913
1587866191420 1001 914
1587866222937 1001 915
1587866255296 1001 916
1587866286563 1001 917
1587866316836 1001 918
1587866346054 1001 919
1587866374643 1001 920
1587866402930 1001 921
1587866431046 1001 922
1587866459265 1001 923
1587866487523 1001 924
1587866515720 1001 925
1587866543826 1001 926
1587866572045 1001 927
1587866600629 1001 928
1587866628628 1001 929
1587866657259 1001 930
1587866685540 1001 931
1587866713812 1001 932
1587866742050 1001 933
1587866770327 1001 934
1587866800550 1001 935
1587866828903 1001 936
1587866857158 1001 937
1587866885665 1001 938
1587866913948 1001 939
1587866942813 1001 940
1587866971189 1001 941
1587866999365 1001 942
1587867027557 1001 943
1587867055623 1001 944
1587867083760 1001 945
1587867112055 1001 946
1587867140163 1001 947
1587867168319 1001 948
1587867196715 1001 949
1587867225058 1001 950
1587867253267 1001 951
1587867281521 1001 952
1587867309711 1001 953
1587867337873 1001 954
1587867366067 1001 955
1587867394282 1001 956
1587867422369 1001 957
1587867450625 1001 958
1587867479123 1001 959
1587867516136 1001 960
1587867547736 1001 961
1587867583088 1001 962
1587867616564 1001 963
1587867648809 1001 964
1587867681097 1001 965
1587867712924 1001 966
1587867744681 1001 967
1587867776534 1001 968
1587867812437 1001 969
1587867849886 1001 970
1587867883302 1001 971
1587867917116 1001 972
1587867951872 1001 973
1587867986910 1001 974
1587868026756 1001 975
1587868060900 1001 976
1587868100133 1001 977
1587868140080 1001 978
1587868172997 1001 979
1587868206034 1001 980
1587868237929 1001 981
1587868269870 1001 982
1587868301814 1001 983
1587868333309 1001 984
1587868365047 1001 985
1587868396869 1001 986
1587868428990 1001 987
1587868461366 1001 988
1587868494766 1001 989
1587868527218 1001 990
1587868559434 1001 991
1587868591546 1001 992
1587868625612 1001 993
1587868657363 1001 994
1587868689213 1001 995
1587868721739 1001 996
1587868753744 1001 997
1587868785487 1001 998
1587868817441 1001 999
1587868848710 1001 1000
1587868879110 1001 1001
1587868907332 1001 1002
1587868935534 1001 1003
1587868963682 1001 1004
1587868992063 1001 1005
1587869020578 1001 1006
1587869049198 1001 1007
1587869077782 1001 1008
1587869106209 1001 1009
1587869134659 1001 1010
1587869162877 1001 1011
1587869191064 1001 1012
1587869219130 1001 1013
1587869247374 1001 1014
1587869275853 1001 1015
1587869303960 1001 1016
1587869332799 1001 1017
1587869361118 1001 1018
1587869389522 1001 1019
1587869418098 1001 1020
1587869446313 1001 1021
1587869474398 1001 1022
1587869502469 1001 1023
1587869530694 1001 1024
1587869558737 1001 1025
1587869586790 1001 1026
1587869614949 1001 1027
1587869643130 1001 1028
1587869671488 1001 1029
1587869699976 1001 1030
1587869728251 1001 1031
1587869756313 1001 1032
1587869784470 1001 1033
1587869812479 1001 1034
1587869841468 1001 1035
1587869869673 1001 1036
1587869897730 1001 1037
1587869925829 1001 1038
1587869954320 1001 1039
1587869983071 1001 1040
1587870011085 1001 1041
1587870039253 1001 1042
1587870067249 1001 1043
1587870095421 1001 1044
1587870123554 1001 1045
1587870151703 1001 1046
1587870179921 1001 1047
1587870208067 1001 1048
1587870236334 1001 1049
1587870265023 1001 1050
1587870293283 1001 1051
1587870321493 1001 1052
1587870349666 1001 1053
1587870377949 1001 1054
1587870406013 1001 1055
1587870436014 1001 1056
1587870464128 1001 1057
1587870492270 1001 1058
1587870520288 1001 1059
1587870548768 1001 1060
1587870577624 1001 1061
1587870605922 1001 1062
1587870634153 1001 1063
1587870662330 1001 1064
1587870690328 1001 1065
1587870718673 1001 1066
1587870746729 1001 1067
1587870774865 1001 1068
1587870803035 1001 1069
1587870831375 1001 1070
1587870859671 1001 1071
1587870888049 1001 1072
1587870916090 1001 1073
1587870944253 1001 1074
1587870972285 1001 1075
1587871000447 1001 1076
1587871028416 1001 1077
1587871056555 1001 1078
1587871084834 1001 1079
1587871113359 1001 1080
1587871141551 1001 1081
1587871169714 1001 1082
1587871198134 1001 1083
1587871226255 1001 1084
1587871254528 1001 1085
1587871282463 1001 1086
1587871310569 1001 1087
1587871338754 1001 1088
1587871366872 1001 1089
1587871395510 1001 1090
1587871423869 1001 1091
1587871452115 1001 1092
1587871480572 1001 1093
1587871508637 1001 1094
1587871536672 1001 1095
1587871565008 1001 1096
1587871593081 1001 1097
1587871621467 1001 1098
1587871649750 1001 1099
1587871678387 1001 1100
1587871707585 1001 1101
1587871735808 1001 1102
1587871764739 1001 1103
1587871793396 1001 1104
1587871822254 1001 1105
1587871850537 1001 1106
1587871878693 1001 1107
1587871907081 1001 1108
1587871935048 1001 1109
1587871963516 1001 1110
1587871991947 1001 1111
1587872020098 1001 1112
1587872048326 1001 1113
1587872077018 1001 1114
1587872105246 1001 1115
1587872133365 1001 1116
1587872161772 1001 1117
1587872190825 1001 1118
1587872219162 1001 1119
1587872249753 1001 1120
1587872277969 1001 1121
1587872306110 1001 1122
1587872334372 1001 1123
1587872362665 1001 1124
1587872391002 1001 1125
1587872419337 1001 1126
1587872448009 1001 1127
1587872476366 1001 1128
1587872504563 1001 1129
1587872532978 1001 1130
1587872561199 1001 1131
1587872589539 1001 1132
1587872617761 1001 1133
1587872645927 1001 1134
1587872674443 1001 1135
1587872702864 1001 1136
1587872731117 1001 1137
1587872759303 1001 1138
1587872787624 1001 1139
1587872816088 1001 1140
1587872844409 1001 1141
1587872872491 1001 1142
1587872900694 1001 1143
1587872928949 1001 1144
1587872957160 1001 1145
1587872985820 1001 1146
1587873014046 1001 1147
1587873042229 1001 1148
1587873070936 1001 1149
1587873099375 1001 1150
1587873127757 1001 1151
1587873155871 1001 1152
1587873184341 1001 1153
1587873212488 1001 1154
1587873240798 1001 1155
1587873269196 1001 1156
1587873297603 1001 1157
1587873326015 1001 1158
1587873354198 1001 1159
1587873382527 1001 1160
1587873410644 1001 1161
1587873438805 1001 1162
1587873466994 1001 1163
1587873495200 1001 1164
1587873523396 1001 1165
1587873551745 1001 1166
1587873580057 1001 1167
1587873608195 1001 1168
1587873636448 1001 1169
1587873664870 1001 1170
1587873693427 1001 1171
1587873721582 1001 1172
1587873750069 1001 1173
1587873778333 1001 1174
1587873806583 1001 1175
1587873834681 1001 1176
1587873862909 1001 1177
1587873891359 1001 1178
1587873919587 1001 1179
1587873948067 1001 1180
1587873976252 1001 1181
1587874004359 1001 1182
1587874032448 1001 1183
1587874062590 1001 1184
1587874090724 1001 1185
1587874118956 1001 1186
1587874147169 1001 1187
1587874175670 1001 1188
1587874204095 1001 1189
1587874232661 1001 1190
1587874260787 1001 1191
1587874288916 1001 1192
1587874317529 1001 1193
1587874345721 1001 1194
1587874373920 1001 1195
1587874402282 1001 1196
1587874430589 1001 1197
1587874458774 1001 1198
1587874487248 1001 1199
1587874515748 1001 1200
1587874544393 1001 1201
1587874572767 1001 1202
1587874601038 1001 1203
1587874629187 1001 1204
1587874657540 1001 1205
1587874685573 1001 1206
1587874713646 1001 1207
1587874741768 1001 1208
1587874770218 1001 1209
1587874798740 1001 1210
1587874826936 1001 1211
1587874855097 1001 1212
1587874883308 1001 1213
1587874911504 1001 1214
1587874940307 1001 1215
1587874968500 1001 1216
1587874997074 1001 1217
1587875025428 1001 1218
1587875053531 1001 1219
1587875082215 1001 1220
1587875110479 1001 1221
1587875138724 1001 1222
1587875166995 1001 1223
1587875195042 1001 1224
1587875223113 1001 1225
1587875251236 1001 1226
1587875279425 1001 1227
1587875307709 1001 1228
1587875335734 1001 1229
1587875364365 1001 1230
1587875392791 1001 1231
1587875421244 1001 1232
1587875449479 1001 1233
1587875477579 1001 1234
1587875505931 1001 1235
1587875534171 1001 1236
1587875562691 1001 1237
1587875590810 1001 1238
1587875618916 1001 1239
1587875647401 1001 1240
1587875677310 1001 1241
1587875706013 1001 1242
1587875734568 1001 1243
1587875762942 1001 1244
1587875791123 1001 1245
1587875819232 1001 1246
1587875847406 1001 1247
1587875877670 1001 1248
1587875905793 1001 1249
1587875934317 1001 1250
1587875962628 1001 1251
1587875991086 1001 1252
1587876019349 1001 1253
1587876047528 1001 1254
1587876076019 1001 1255
1587876104258 1001 1256
1587876132428 1001 1257
1587876160574 1001 1258
1587876189441 1001 1259
1587876218017 1001 1260
1587876246596 1001 1261
1587876275138 1001 1262
1587876303313 1001 1263
1587876331768 1001 1264
1587876359894 1001 1265
1587876388107 1001 1266
1587876416431 1001 1267
1587876444752 1001 1268
1587876472942 1001 1269
1587876501309 1001 1270
1587876529710 1001 1271
1587876557922 1001 1272
1587876586336 1001 1273
1587876614536 1001 1274
1587876642874 1001 1275
1587876671352 1001 1276
1587876699640 1001 1277
1587876727831 1001 1278
1587876756214 1001 1279
1587876784842 1001 1280
1587876813503 1001 1281
1587876841728 1001 1282
1587876870084 1001 1283
1587876898281 1001 1284
1587876926650 1001 1285
1587876954870 1001 1286
1587876983027 1001 1287
1587877011297 1001 1288
1587877039701 1001 1289
1587877068207 1001 1290
1587877096386 1001 1291
1587877124419 1001 1292
1587877152550 1001 1293
1587877181006 1001 1294
1587877209601 1001 1295
1587877237798 1001 1296
1587877266142 1001 1297
1587877294854 1001 1298
1587877322961 1001 1299
1587877351899 1001 1300
1587877380779 1001 1301
1587877409030 1001 1302
1587877437887 1001 1303
1587877466152 1001 1304
1587877494472 1001 1305
1587877522608 1001 1306
1587877551014 1001 1307
1587877579256 1001 1308
1587877607352 1001 1309
1587877635877 1001 1310
1587877664485 1001 1311
1587877694328 1001 1312
1587877722581 1001 1313
1587877750865 1001 1314
1587877779314 1001 1315
1587877807504 1001 1316
1587877835880 1001 1317
1587877864037 1001 1318
1587877892523 1001 1319
1587877921046 1001 1320
1587877949307 1001 1321
1587877977478 1001 1322
1587878005951 1001 1323
1587878034163 1001 1324
1587878062807 1001 1325
1587878091269 1001 1326
1587878119354 1001 1327
1587878147621 1001 1328
1587878176068 1001 1329
1587878204411 1001 1330
1587878232558 1001 1331
1587878261102 1001 1332
1587878289272 1001 1333
1587878317478 1001 1334
1587878345681 1001 1335
1587878374021 1001 1336
1587878402325 1001 1337
1587878430664 1001 1338
1587878458874 1001 1339
1587878487402 1001 1340
1587878515528 1001 1341
1587878544013 1001 1342
1587878572354 1001 1343
1587878600802 1001 1344
1587878628970 1001 1345
1587878657264 1001 1346
1587878686294 1001 1347
1587878714616 1001 1348
1587878742678 1001 1349
1587878771378 1001 1350
1587878799502 1001 1351
1587878827713 1001 1352
1587878855797 1001 1353
1587878884046 1001 1354
1587878912608 1001 1355
1587878941672 1001 1356
1587878970158 1001 1357
1587878998584 1001 1358
1587879026991 1001 1359
1587879055462 1001 1360
1587879083742 1001 1361
1587879112053 1001 1362
1587879140233 1001 1363
1587879168339 1001 1364
1587879196525 1001 1365
1587879224575 1001 1366
1587879252848 1001 1367
1587879281185 1001 1368
1587879310205 1001 1369
1587879338595 1001 1370
1587879367055 1001 1371
1587879395261 1001 1372
1587879423453 1001 1373
1587879451830 1001 1374
1587879481855 1001 1375
1587879510910 1001 1376
1587879539327 1001 1377
1587879567720 1001 1378
1587879596071 1001 1379
1587879624481 1001 1380
1587879652710 1001 1381
1587879680829 1001 1382
1587879708985 1001 1383
1587879737321 1001 1384
1587879765358 1001 1385
1587879793681 1001 1386
1587879822170 1001 1387
1587879850238 1001 1388
1587879878725 1001 1389
1587879907093 1001 1390
1587879935761 1001 1391
1587879963870 1001 1392
1587879992186 1001 1393
1587880020349 1001 1394
1587880048548 1001 1395
1587880076575 1001 1396
1587880104742 1001 1397
1587880134533 1001 1398
1587880162940 1001 1399
1587880191673 1001 1400
1587880220338 1001 1401
1587880248532 1001 1402
1587880276917 1001 1403
1587880305017 1001 1404
1587880333272 1001 1405
1587880361492 1001 1406
1587880389930 1001 1407
1587880418143 1001 1408
1587880446339 1001 1409
1587880475102 1001 1410
1587880503448 1001 1411
1587880531700 1001 1412
1587880560793 1001 1413
1587880589359 1001 1414
1587880617658 1001 1415
1587880646240 1001 1416
1587880674576 1001 1417
1587880702794 1001 1418
1587880731016 1001 1419
1587880759577 1001 1420
1587880788065 1001 1421
1587880816382 1001 1422
1587880844672 1001 1423
1587880872835 1001 1424
1587880901292 1001 1425
1587880929518 1001 1426
1587880957779 1001 1427
1587880986044 1001 1428
1587881014480 1001 1429
1587881042712 1001 1430
1587881071148 1001 1431
1587881099493 1001 1432
1587881127831 1001 1433
1587881156040 1001 1434
1587881184542 1001 1435
1587881213013 1001 1436
1587881241353 1001 1437
1587881269624 1001 1438
1587881299330 1001 1439
1587881328181 1001 1440
1587881356498 1001 1441
1587881385200 1001 1442
1587881413301 1001 1443
1587881441569 1001 1444
1587881469780 1001 1445
1587881498119 1001 1446
1587881526431 1001 1447
1587881554693 1001 1448
1587881583168 1001 1449
1587881611696 1001 1450
1587881640061 1001 1451
1587881668375 1001 1452
1587881696965 1001 1453
1587881725243 1001 1454
1587881753467 1001 1455
1587881781671 1001 1456
1587881810345 1001 1457
1587881838603 1001 1458
1587881866875 1001 1459
1587881895593 1001 1460
1587881923789 1001 1461
1587881952188 1001 1462
1587881980609 1001 1463
1587882008877 1001 1464
1587882036995 1001 1465
1587882065494 1001 1466
1587882093791 1001 1467
1587882122029 1001 1468
1587882150217 1001 1469
1587882178615 1001 1470
1587882207211 1001 1471
1587882235597 1001 1472
1587882263784 1001 1473
1587882292209 1001 1474
1587882320431 1001 1475
1587882348653 1001 1476
1587882376941 1001 1477
1587882405263 1001 1478
1587882434196 1001 1479
1587882462723 1001 1480
1587882490982 1001 1481
1587882519151 1001 1482
1587882547284 1001 1483
1587882575641 1001 1484
1587882604160 1001 1485
1587882632264 1001 1486
1587882660586 1001 1487
1587882688979 1001 1488
1587882717500 1001 1489
1587882746050 1001 1490
1587882774318 1001 1491
1587882802514 1001 1492
1587882830763 1001 1493
1587882859113 1001 1494
1587882887850 1001 1495
1587882916080 1001 1496
1587882944182 1001 1497
1587882972542 1001 1498
1587883000696 1001 1499
1587883029078 1001 1500
1587883058610 1001 1501
1587883086855 1001 1502
1587883117039 1001 1503
1587883145278 1001 1504
1587883173509 1001 1505
1587883201911 1001 1506
1587883230315 1001 1507
1587883259470 1001 1508
1587883289389 1001 1509
1587883318822 1001 1510
1587883347331 1001 1511
1587883375732 1001 1512
1587883404191 1001 1513
1587883432288 1001 1514
1587883460713 1001 1515
1587883489368 1001 1516
1587883517741 1001 1517
1587883545862 1001 1518
1587883574231 1001 1519
1587883602591 1001 1520
1587883631129 1001 1521
1587883659513 1001 1522
1587883688264 1001 1523
1587883716495 1001 1524
1587883745081 1001 1525
1587883773554 1001 1526
1587883802064 1001 1527
1587883830370 1001 1528
1587883858457 1001 1529
1587883887235 1001 1530
1587883915317 1001 1531
1587883943566 1001 1532
1587883971726 1001 1533
1587883999949 1001 1534
1587884028171 1001 1535
1587884056342 1001 1536
1587884084878 1001 1537
1587884113333 1001 1538
1587884141984 1001 1539
1587884170701 1001 1540
1587884199029 1001 1541
1587884227275 1001 1542
1587884255625 1001 1543
1587884284324 1001 1544
1587884312555 1001 1545
1587884340779 1001 1546
1587884369100 1001 1547
1587884397616 1001 1548
1587884425862 1001 1549
1587884454309 1001 1550
1587884482613 1001 1551
1587884510968 1001 1552
1587884539101 1001 1553
1587884567289 1001 1554
1587884595577 1001 1555
1587884623889 1001 1556
1587884652038 1001 1557
1587884680477 1001 1558
1587884708748 1001 1559
1587884737270 1001 1560
1587884765509 1001 1561
1587884793806 1001 1562
1587884822111 1001 1563
1587884850401 1001 1564
1587884878870 1001 1565
1587884907574 1001 1566
1587884937834 1001 1567
1587884966221 1001 1568
1587884994608 1001 1569
1587885023167 1001 1570
1587885051339 1001 1571
1587885079701 1001 1572
1587885108058 1001 1573
1587885136192 1001 1574
1587885164384 1001 1575
1587885192678 1001 1576
1587885220837 1001 1577
1587885249159 1001 1578
1587885278130 1001 1579
1587885306808 1001 1580
1587885334902 1001 1581
1587885363139 1001 1582
1587885391405 1001 1583
1587885419649 1001 1584
1587885447937 1001 1585
1587885476905 1001 1586
1587885505402 1001 1587
1587885534118 1001 1588
1587885562721 1001 1589
1587885591473 1001 1590
1587885619638 1001 1591
1587885648013 1001 1592
1587885676299 1001 1593
1587885704603 1001 1594
1587885732825 1001 1595
1587885761017 1001 1596
1587885789484 1001 1597
1587885817782 1001 1598
1587885846016 1001 1599
1587885874501 1001 1600
1587885903353 1001 1601
1587885931494 1001 1602
1587885959805 1001 1603
1587885987930 1001 1604
1587886016044 1001 1605
1587886044197 1001 1606
1587886072467 1001 1607
1587886100817 1001 1608
1587886129556 1001 1609
1587886158221 1001 1610
1587886186687 1001 1611
1587886214965 1001 1612
1587886243420 1001 1613
1587886271883 1001 1614
1587886300170 1001 1615
1587886328523 1001 1616
1587886356798 1001 1617
1587886385271 1001 1618
1587886413456 1001 1619
1587886441772 1001 1620
1587886470021 1001 1621
1587886498690 1001 1622
1587886526992 1001 1623
1587886555330 1001 1624
1587886583596 1001 1625
1587886611847 1001 1626
1587886640069 1001 1627
1587886668348 1001 1628
1587886696662 1001 1629
1587886725251 1001 1630
1587886755895 1001 1631
1587886784402 1001 1632
1587886812589 1001 1633
1587886840914 1001 1634
1587886871293 1001 1635
1587886900330 1001 1636
1587886929153 1001 1637
1587886957392 1001 1638
1587886985860 1001 1639
1587887014240 1001 1640
1587887042447 1001 1641
1587887070692 1001 1642
1587887099178 1001 1643
1587887127417 1001 1644
1587887155599 1001 1645
1587887183784 1001 1646
1587887211984 1001 1647
1587887240268 1001 1648
1587887268569 1001 1649
1587887297089 1001 1650
1587887325404 1001 1651
1587887353517 1001 1652
1587887382533 1001 1653
1587887410925 1001 1654
1587887439159 1001 1655
1587887467525 1001 1656
1587887495719 1001 1657
1587887523854 1001 1658
1587887552013 1001 1659
1587887580915 1001 1660
1587887609375 1001 1661
1587887637854 1001 1662
1587887666347 1001 1663
1587887694780 1001 1664
1587887723044 1001 1665
1587887751372 1001 1666
1587887779669 1001 1667
1587887807905 1001 1668
1587887836128 1001 1669
1587887864962 1001 1670
1587887893399 1001 1671
1587887921747 1001 1672
1587887950063 1001 1673
1587887978923 1001 1674
1587888007233 1001 1675
1587888035342 1001 1676
1587888063746 1001 1677
1587888092198 1001 1678
1587888120369 1001 1679
1587888149009 1001 1680
1587888177279 1001 1681
1587888205657 1001 1682
1587888233911 1001 1683
1587888262194 1001 1684
1587888290628 1001 1685
1587888318748 1001 1686
1587888347121 1001 1687
1587888375532 1001 1688
1587888403828 1001 1689
1587888432419 1001 1690
1587888467428 1001 1691
1587888502306 1001 1692
1587888537698 1001 1693
1587888574972 1001 1694
1587888606846 1001 1695
1587888644154 1001 1696
1587888697808 1001 1697
1587888734494 1001 1698
1587888768303 1001 1699
1587888799512 1001 1700
1587888830675 1001 1701
1587888861608 1001 1702
1587888892970 1001 1703
1587888924040 1001 1704
1587888954583 1001 1705
1587888985645 1001 1706
1587889016266 1001 1707
1587889046931 1001 1708
1587889077427 1001 1709
1587889108961 1001 1710
1587889139625 1001 1711
1587889170427 1001 1712
1587889201255 1001 1713
1587889232734 1001 1714
1587889263523 1001 1715
1587889294398 1001 1716
1587889324847 1001 1717
1587889355467 1001 1718
1587889385253 1001 1719
1587889414971 1001 1720
1587889443245 1001 1721
1587889471435 1001 1722
1587889499989 1001 1723
1587889528308 1001 1724
1587889556593 1001 1725
1587889584730 1001 1726
1587889612968 1001 1727
1587889641444 1001 1728
1587889669675 1001 1729
1587889698132 1001 1730
1587889726559 1001 1731
1587889754826 1001 1732
1587889783311 1001 1733
1587889811944 1001 1734
1587889840630 1001 1735
1587889868985 1001 1736
1587889897400 1001 1737
1587889925677 1001 1738
1587889960418 1001 1739
1587889992910 1001 1740
1587890025228 1001 1741
1587890064724 1001 1742
1587890097245 1001 1743
1587890128066 1001 1744
1587890158961 1001 1745
1587890189031 1001 1746
1587890218857 1001 1747
1587890248731 1001 1748
1587890278946 1001 1749
1587890309200 1001 1750
1587890339400 1001 1751
1587890371447 1001 1752
1587890401862 1001 1753
1587890431599 1001 1754
1587890461712 1001 1755
1587890491612 1001 1756
1587890521249 1001 1757
1587890550938 1001 1758
1587890580592 1001 1759
1587890610675 1001 1760
1587890640543 1001 1761
1587890670256 1001 1762
1587890701681 1001 1763
1587890731257 1001 1764
1587890761226 1001 1765
1587890791412 1001 1766
1587890819650 1001 1767
1587890847285 1001 1768
1587890875020 1001 1769
1587890903028 1001 1770
1587890930784 1001 1771
1587890958802 1001 1772
1587890986721 1001 1773
1587891014620 1001 1774
1587891042683 1001 1775
1587891070919 1001 1776
1587891098848 1001 1777
1587891126611 1001 1778
1587891154417 1001 1779
1587891182530 1001 1780
1587891210234 1001 1781
1587891237965 1001 1782
1587891265862 1001 1783
1587891293870 1001 1784
1587891321756 1001 1785
1587891349645 1001 1786
1587891377484 1001 1787
1587891405453 1001 1788
1587891433290 1001 1789
1587891461131 1001 1790
1587891488910 1001 1791
1587891516852 1001 1792
1587891544680 1001 1793
1587891572490 1001 1794
1587891601959 1001 1795
1587891629679 1001 1796
1587891657641 1001 1797
1587891686140 1001 1798
1587891714064 1001 1799
1587891741980 1001 1800
1587891770218 1001 1801
1587891798119 1001 1802
1587891825881 1001 1803
1587891853669 1001 1804
1587891881703 1001 1805
1587891909783 1001 1806
1587891937560 1001 1807
1587891965516 1001 1808
1587891993275 1001 1809
1587892021335 1001 1810
1587892049386 1001 1811
1587892077190 1001 1812
1587892105698 1001 1813
1587892133720 1001 1814
1587892161679 1001 1815
1587892191641 1001 1816
1587892219525 1001 1817
1587892247363 1001 1818
1587892275331 1001 1819
1587892304052 1001 1820
1587892332082 1001 1821
1587892359917 1001 1822
1587892387810 1001 1823
1587892415760 1001 1824
1587892443431 1001 1825
1587892471419 1001 1826
1587892499506 1001 1827
1587892527326 1001 1828
1587892555387 1001 1829
1587892583515 1001 1830
1587892611422 1001 1831
1587892639408 1001 1832
1587892669673 1001 1833
1587892705439 1001 1834
1587892736846 1001 1835
1587892770414 1001 1836
1587892815689 1001 1837
1587892853223 1001 1838
1587892887511 1001 1839
1587892919363 1001 1840
1587892949439 1001 1841
1587892979628 1001 1842
1587893009929 1001 1843
1587893040229 1001 1844
1587893070388 1001 1845
1587893100611 1001 1846
1587893130648 1001 1847
1587893160680 1001 1848
1587893190979 1001 1849
1587893221360 1001 1850
1587893251627 1001 1851
1587893281752 1001 1852
1587893311933 1001 1853
1587893341806 1001 1854
1587893371874 1001 1855
1587893402487 1001 1856
1587893432627 1001 1857
1587893462587 1001 1858
1587893492558 1001 1859
1587893523747 1001 1860
1587893553617 1001 1861
1587893582484 1001 1862
1587893610452 1001 1863
1587893644913 1001 1864
1587893675666 1001 1865
1587893706516 1001 1866
1587893737975 1001 1867
1587893769795 1001 1868
1587893801483 1001 1869
1587893832527 1001 1870
1587893863298 1001 1871
1587893894058 1001 1872
1587893925003 1001 1873
1587893955760 1001 1874
1587893988775 1001 1875
1587894019879 1001 1876
1587894051491 1001 1877
1587894082112 1001 1878
1587894112670 1001 1879
1587894143947 1001 1880
1587894174623 1001 1881
1587894205544 1001 1882
1587894236279 1001 1883
1587894266915 1001 1884
1587894298086 1001 1885
1587894328790 1001 1886
1587894360230 1001 1887
1587894391084 1001 1888
1587894421668 1001 1889
1587894452609 1001 1890
1587894483368 1001 1891
1587894513928 1001 1892
1587894544856 1001 1893
1587894585878 1001 1894
1587894618258 1001 1895
1587894649401 1001 1896
1587894680299 1001 1897
1587894711387 1001 1898
1587894742281 1001 1899
1587894773894 1001 1900
1587894805715 1001 1901
1587894836835 1001 1902
1587894867784 1001 1903
1587894899003 1001 1904
1587894929950 1001 1905
1587894960842 1001 1906
1587894991770 1001 1907
1587895022847 1001 1908
1587895053771 1001 1909
1587895085211 1001 1910
1587895116086 1001 1911
1587895146984 1001 1912
1587895177825 1001 1913
1587895209553 1001 1914
1587895239178 1001 1915
1587895269338 1001 1916
1587895298221 1001 1917
1587895326507 1001 1918
1587895355444 1001 1919
1587895384066 1001 1920
1587895412564 1001 1921
1587895441127 1001 1922
1587895469449 1001 1923
1587895497973 1001 1924
1587895526520 1001 1925
1587895555173 1001 1926
1587895583920 1001 1927
1587895612212 1001 1928
1587895640592 1001 1929
1587895669394 1001 1930
1587895698037 1001 1931
1587895726563 1001 1932
1587895755072 1001 1933
1587895783385 1001 1934
1587895814089 1001 1935
1587895842561 1001 1936
1587895870938 1001 1937
1587895899394 1001 1938
1587895927772 1001 1939
1587895957453 1001 1940
1587895986259 1001 1941
1587896014776 1001 1942
1587896043185 1001 1943
1587896071706 1001 1944
1587896100313 1001 1945
1587896128515 1001 1946
1587896157044 1001 1947
1587896185426 1001 1948
1587896213609 1001 1949
1587896242258 1001 1950
1587896270905 1001 1951
1587896299708 1001 1952
1587896327930 1001 1953
1587896356297 1001 1954
1587896384584 1001 1955
1587896413530 1001 1956
1587896442280 1001 1957
1587896470587 1001 1958
1587896499002 1001 1959
1587896527910 1001 1960
1587896556456 1001 1961
1587896585366 1001 1962
1587896613995 1001 1963
1587896642301 1001 1964
1587896670636 1001 1965
1587896699127 1001 1966
1587896727722 1001 1967
1587896756143 1001 1968
1587896784547 1001 1969
1587896813306 1001 1970
1587896841794 1001 1971
1587896870125 1001 1972
1587896898458 1001 1973
1587896926657 1001 1974
1587896955112 1001 1975
1587896983409 1001 1976
1587897012168 1001 1977
1587897040627 1001 1978
1587897068981 1001 1979
1587897097566 1001 1980
1587897125980 1001 1981
1587897154456 1001 1982
1587897183755 1001 1983
1587897212103 1001 1984
1587897240423 1001 1985
1587897268912 1001 1986
1587897297369 1001 1987
1587897325943 1001 1988
1587897354217 1001 1989
1587897382785 1001 1990
1587897411255 1001 1991
1587897439672 1001 1992
1587897467990 1001 1993
1587897496294 1001 1994
1587897524692 1001 1995
1587897553111 1001 1996
1587897581383 1001 1997
1587897611556 1001 1998
1587897648035 1001 1999
1587897706137 1001 2000
1587897744993 1001 2001
1587897777712 1001 2002
1587897815601 1001 2003
1587897847345 1001 2004
1587897879672 1001 2005
1587897922490 1001 2006
1587897959147 1001 2007
1587897997958 1001 2008
1587898029257 1001 2009
1587898064382 1001 2010
1587898097355 1001 2011
1587898129179 1001 2012
1587898160579 1001 2013
1587898191736 1001 2014
1587898223209 1001 2015
1587898256249 1001 2016
1587898288426 1001 2017
1587898319847 1001 2018
1587898351171 1001 2019
1587898382993 1001 2020
1587898414420 1001 2021
1587898446590 1001 2022
1587898477948 1001 2023
1587898509825 1001 2024
1587898540846 1001 2025
1587898572320 1001 2026
1587898603512 1001 2027
1587898634790 1001 2028
1587898666085 1001 2029
1587898697416 1001 2030
1587898728346 1001 2031
1587898759218 1001 2032
1587898788929 1001 2033
1587898817776 1001 2034
1587898846497 1001 2035
1587898875266 1001 2036
1587898903755 1001 2037
1587898932394 1001 2038
1587898961130 1001 2039
1587898989899 1001 2040
1587899020826 1001 2041
1587899049845 1001 2042
1587899078739 1001 2043
1587899107769 1001 2044
1587899136538 1001 2045
1587899165109 1001 2046
1587899193706 1001 2047
1587899222334 1001 2048
1587899251272 1001 2049
1587899280832 1001 2050
1587899309624 1001 2051
1587899338292 1001 2052
1587899367257 1001 2053
1587899396108 1001 2054
1587899426663 1001 2055
1587899455438 1001 2056
1587899483997 1001 2057
1587899512609 1001 2058
1587899541051 1001 2059
1587899570338 1001 2060
1587899599133 1001 2061
1587899628151 1001 2062
1587899656704 1001 2063
1587899685307 1001 2064
1587899714468 1001 2065
1587899743180 1001 2066
1587899771738 1001 2067
1587899800341 1001 2068
1587899828810 1001 2069
1587899857984 1001 2070
1587899887362 1001 2071
1587899916122 1001 2072
1587899944713 1001 2073
1587899973302 1001 2074
1587900001982 1001 2075
1587900030544 1001 2076
1587900059263 1001 2077
1587900087826 1001 2078
1587900116450 1001 2079
1587900145335 1001 2080
1587900173825 1001 2081
1587900202634 1001 2082
1587900231697 1001 2083
1587900260442 1001 2084
1587900288997 1001 2085
1587900317969 1001 2086
1587900346724 1001 2087
1587900375859 1001 2088
1587900404464 1001 2089
1587900433308 1001 2090
1587900462079 1001 2091
1587900491396 1001 2092
1587900520715 1001 2093
1587900549738 1001 2094
1587900578694 1001 2095
1587900608526 1001 2096
1587900637276 1001 2097
1587900665978 1001 2098
1587900694642 1001 2099
1587900723622 1001 2100
1587900753859 1001 2101
1587900789562 1001 2102
1587900821977 1001 2103
1587900853922 1001 2104
1587900893076 1001 2105
1587900936316 1001 2106
1587900977693 1001 2107
1587901012459 1001 2108
1587901042088 1001 2109
1587901071790 1001 2110
1587901101429 1001 2111
1587901130953 1001 2112
1587901160499 1001 2113
1587901190063 1001 2114
1587901219873 1001 2115
1587901251334 1001 2116
1587901281096 1001 2117
1587901310718 1001 2118
1587901340406 1001 2119
1587901370053 1001 2120
1587901400176 1001 2121
1587901429763 1001 2122
1587901459972 1001 2123
1587901489525 1001 2124
1587901519202 1001 2125
1587901548572 1001 2126
1587901578255 1001 2127
1587901607900 1001 2128
1587901637188 1001 2129
1587901666220 1001 2130
1587901694913 1001 2131
1587901723583 1001 2132
1587901752285 1001 2133
1587901780762 1001 2134
1587901809532 1001 2135
1587901838118 1001 2136
1587901866841 1001 2137
1587901896078 1001 2138
1587901924637 1001 2139
1587901953327 1001 2140
1587901981994 1001 2141
1587902010656 1001 2142
1587902039327 1001 2143
1587902068332 1001 2144
1587902097211 1001 2145
1587902126191 1001 2146
1587902154803 1001 2147
1587902183500 1001 2148
1587902212103 1001 2149
1587902240994 1001 2150
1587902269626 1001 2151
1587902298294 1001 2152
1587902326826 1001 2153
1587902355471 1001 2154
1587902384544 1001 2155
1587902413648 1001 2156
1587902442183 1001 2157
1587902470739 1001 2158
1587902499977 1001 2159
1587902528942 1001 2160
1587902558477 1001 2161
1587902587668 1001 2162
1587902616371 1001 2163
1587902644906 1001 2164
1587902674262 1001 2165
1587902702869 1001 2166
1587902732351 1001 2167
1587902761071 1001 2168
1587902789957 1001 2169
1587902818847 1001 2170
1587902847489 1001 2171
1587902875986 1001 2172
1587902904739 1001 2173
1587902933447 1001 2174
1587902962014 1001 2175
1587902990488 1001 2176
1587903019301 1001 2177
1587903049538 1001 2178
1587903078723 1001 2179
1587903108212 1001 2180
1587903136833 1001 2181
1587903165180 1001 2182
1587903193783 1001 2183
1587903222415 1001 2184
1587903256419 1001 2185
1587903285356 1001 2186
1587903314177 1001 2187
1587903342598 1001 2188
1587903377320 1001 2189
1587903410296 1001 2190
1587903441587 1001 2191
1587903473187 1001 2192
1587903504777 1001 2193
1587903535853 1001 2194
1587903567290 1001 2195
1587903598879 1001 2196
1587903630657 1001 2197
1587903662177 1001 2198
1587903693741 1001 2199
1587903725411 1001 2200
1587903756940 1001 2201
1587903788111 1001 2202
1587903820985 1001 2203
1587903852648 1001 2204
1587903883871 1001 2205
1587903916187 1001 2206
1587903947354 1001 2207
1587903979058 1001 2208
1587904010260 1001 2209
1587904040746 1001 2210
1587904069515 1001 2211
1587904098249 1001 2212
1587904126718 1001 2213
1587904155416 1001 2214
1587904184265 1001 2215
1587904213320 1001 2216
1587904242420 1001 2217
1587904271526 1001 2218
1587904300362 1001 2219
1587904329493 1001 2220
1587904358128 1001 2221
1587904386750 1001 2222
1587904415357 1001 2223
1587904443968 1001 2224
1587904472640 1001 2225
1587904501851 1001 2226
1587904530670 1001 2227
1587904559254 1001 2228
1587904587962 1001 2229
1587904617455 1001 2230
1587904646151 1001 2231
1587904674741 1001 2232
1587904703454 1001 2233
1587904732010 1001 2234
1587904760664 1001 2235
1587904789148 1001 2236
1587904818120 1001 2237
1587904846778 1001 2238
1587904877413 1001 2239
1587904906504 1001 2240
1587904935247 1001 2241
1587904963875 1001 2242
1587904992641 1001 2243
1587905021290 1001 2244
1587905050010 1001 2245
1587905078774 1001 2246
1587905108067 1001 2247
1587905136792 1001 2248
1587905165417 1001 2249
1587905194448 1001 2250
1587905223124 1001 2251
1587905251754 1001 2252
1587905280292 1001 2253
1587905308995 1001 2254
1587905337757 1001 2255
1587905366267 1001 2256
1587905394918 1001 2257
1587905423868 1001 2258
1587905452351 1001 2259
1587905481413 1001 2260
1587905510227 1001 2261
1587905538877 1001 2262
1587905568363 1001 2263
1587905597134 1001 2264
1587905625729 1001 2265
1587905654510 1001 2266
1587905683181 1001 2267
1587905712451 1001 2268
1587905741272 1001 2269
1587905770180 1001 2270
1587905798873 1001 2271
1587905827567 1001 2272
1587905856162 1001 2273
1587905884433 1001 2274
1587905913100 1001 2275
1587905941907 1001 2276
1587905970591 1001 2277
1587905999176 1001 2278
1587906028888 1001 2279
1587906058097 1001 2280
1587906087383 1001 2281
1587906116021 1001 2282
1587906145010 1001 2283
1587906174261 1001 2284
1587906202934 1001 2285
1587906231840 1001 2286
1587906261225 1001 2287
1587906290280 1001 2288
1587906319600 1001 2289
1587906348461 1001 2290
1587906377045 1001 2291
1587906406279 1001 2292
1587906434839 1001 2293
1587906464211 1001 2294
1587906493474 1001 2295
1587906522942 1001 2296
1587906551544 1001 2297
1587906580360 1001 2298
1587906609073 1001 2299
1587906637977 1001 2300
1587906668169 1001 2301
1587906698291 1001 2302
1587906727620 1001 2303
1587906756421 1001 2304
1587906785159 1001 2305
1587906813755 1001 2306
1587906842435 1001 2307
1587906871013 1001 2308
1587906900748 1001 2309
1587906930755 1001 2310
1587906960289 1001 2311
1587906988951 1001 2312
1587907017579 1001 2313
1587907046418 1001 2314
1587907075205 1001 2315
1587907103798 1001 2316
1587907132582 1001 2317
1587907161287 1001 2318
1587907189990 1001 2319
1587907219115 1001 2320
1587907247748 1001 2321
1587907276410 1001 2322
1587907305098 1001 2323
1587907333978 1001 2324
1587907362671 1001 2325
1587907391368 1001 2326
1587907420133 1001 2327
1587907449007 1001 2328
1587907477749 1001 2329
1587907506869 1001 2330
1587907536242 1001 2331
1587907564950 1001 2332
1587907593559 1001 2333
1587907622332 1001 2334
1587907651023 1001 2335
1587907679956 1001 2336
1587907708611 1001 2337
1587907737321 1001 2338
1587907766091 1001 2339
1587907794985 1001 2340
1587907824141 1001 2341
1587907852812 1001 2342
1587907881593 1001 2343
1587907910809 1001 2344
1587907940002 1001 2345
1587907968716 1001 2346
1587907997427 1001 2347
1587908027622 1001 2348
1587908056722 1001 2349
1587908085727 1001 2350
1587908114885 1001 2351
1587908144026 1001 2352
1587908172825 1001 2353
1587908201597 1001 2354
1587908230342 1001 2355
1587908259341 1001 2356
1587908287843 1001 2357
1587908316675 1001 2358
1587908345462 1001 2359
1587908374467 1001 2360
1587908403427 1001 2361
1587908432449 1001 2362
1587908461132 1001 2363
1587908491863 1001 2364
1587908520545 1001 2365
1587908549823 1001 2366
1587908579237 1001 2367
1587908608470 1001 2368
1587908637189 1001 2369
1587908666336 1001 2370
1587908695252 1001 2371
1587908724346 1001 2372
1587908753664 1001 2373
1587908782572 1001 2374
1587908811373 1001 2375
1587908840390 1001 2376
1587908868925 1001 2377
1587908897648 1001 2378
1587908926313 1001 2379
1587908955269 1001 2380
1587908983936 1001 2381
1587909012751 1001 2382
1587909041469 1001 2383
1587909070154 1001 2384
1587909098947 1001 2385
1587909127746 1001 2386
1587909156734 1001 2387
1587909185788 1001 2388
1587909214477 1001 2389
1587909243538 1001 2390
1587909272284 1001 2391
1587909300912 1001 2392
1587909329870 1001 2393
1587909358768 1001 2394
1587909387512 1001 2395
1587909416160 1001 2396
1587909445228 1001 2397
1587909473869 1001 2398
1587909502544 1001 2399
1587909531366 1001 2400
1587909560568 1001 2401
1587909589160 1001 2402
1587909618109 1001 2403
1587909646735 1001 2404
1587909675399 1001 2405
1587909704077 1001 2406
1587909733040 1001 2407
1587909761726 1001 2408
1587909791925 1001 2409
1587909820889 1001 2410
1587909849555 1001 2411
1587909878340 1001 2412
1587909907145 1001 2413
1587909936032 1001 2414
1587909965194 1001 2415
1587909993891 1001 2416
1587910022730 1001 2417
1587910051694 1001 2418
1587910080533 1001 2419
1587910109629 1001 2420
1587910138340 1001 2421
1587910167220 1001 2422
1587910195771 1001 2423
1587910224600 1001 2424
1587910253291 1001 2425
1587910281991 1001 2426
1587910312548 1001 2427
1587910341206 1001 2428
1587910370406 1001 2429
1587910399587 1001 2430
1587910428208 1001 2431
1587910457181 1001 2432
1587910485984 1001 2433
1587910514790 1001 2434
1587910543582 1001 2435
1587910572751 1001 2436
1587910601571 1001 2437
1587910631040 1001 2438
1587910660168 1001 2439
1587910689437 1001 2440
1587910718706 1001 2441
1587910747593 1001 2442
1587910776608 1001 2443
1587910805306 1001 2444
1587910835232 1001 2445
1587910864637 1001 2446
1587910893813 1001 2447
1587910922577 1001 2448
1587910951424 1001 2449
1587910980766 1001 2450
1587911009593 1001 2451
1587911038223 1001 2452
1587911076795 1001 2453
