1587836276859 0.09999999776482582 1
1587836320971 0.6999999843537807 2
1587836355499 1.2799999713897705 3
1587836391232 0.9199999794363976 4
1587836425170 0.4399999901652336 5
1587836457577 0.25999999418854713 6
1587836494762 0.4499999899417162 7
1587836542276 0.20999999530613422 8
1587836580570 0.12999999709427357 9
1587836618889 0.19999999552965164 10
1587836660178 0.0 11
1587836694726 0.11999999731779099 12
1587836733968 0.0 13
1587836770983 0.0 14
1587836807365 0.0 15
1587836858678 0.7799999825656414 16
1587836905293 0.6199999861419201 17
1587836945980 0.3199999928474426 18
1587836989720 1.0199999772012234 19
1587837034451 0.2799999937415123 20
1587837072436 2.4699999447911978 21
1587837119949 1.0599999763071537 22
1587837166203 1.0499999765306711 23
1587837203622 0.7799999825656414 24
1587837253567 1.1399999745190144 25
1587837298470 1.2799999713897705 26
1587837335419 0.8299999814480543 27
1587837375379 1.3099999707192183 28
1587837404893 0.9699999783188105 29
1587837434511 3.1399999298155308 30
1587837463888 0.6299999859184027 31
1587837492470 0.35999999195337296 32
1587837521346 0.3299999926239252 33
1587837550312 0.9299999792128801 34
1587837579983 1.0099999774247408 35
1587837608738 0.979999978095293 36
1587837637843 1.219999972730875 37
1587837666491 1.5399999655783176 38
1587837695933 2.4699999447911978 39
1587837725074 1.3599999696016312 40
1587837753994 1.8499999586492777 41
1587837784626 0.0 42
1587837814622 1.099999975413084 43
1587837843377 1.4699999671429396 44
1587837872117 1.269999971613288 45
1587837900971 3.209999928250909 46
1587837930535 1.6299999635666609 47
1587837959382 1.0099999774247408 48
1587837989088 0.5999999865889549 49
1587838018135 2.349999947473407 50
1587838047594 1.9699999559670687 51
1587838075149 1.81999995931983 52
1587838101837 1.8999999575316906 53
1587838128542 1.4399999678134918 54
1587838155230 0.9699999783188105 55
1587838182352 1.7999999597668648 56
1587838209094 1.9699999559670687 57
1587838235728 1.6599999628961086 58
1587838262361 0.6299999859184027 59
1587838289664 1.2599999718368053 60
1587838316445 2.0199999548494816 61
1587838343569 0.12999999709427357 62
1587838370239 1.699999962002039 63
1587838397154 0.8899999801069498 64
1587838424568 2.0399999544024467 65
1587838451598 2.079999953508377 66
1587838478507 1.4399999678134918 67
1587838505327 2.849999936297536 68
1587838532548 2.029999954625964 69
1587838559673 6.409999856725335 70
1587838586716 2.369999947026372 71
1587838614068 3.279999926686287 72
1587838641234 4.779999893158674 73
1587838668577 3.6999999172985554 74
1587838695635 1.1599999740719795 75
1587838724972 6.839999847114086 76
1587838752117 3.2899999264627695 77
1587838779591 2.269999949261546 78
1587838806805 1.0899999756366014 79
1587838834008 2.8099999371916056 80
1587838860935 2.699999939650297 81
1587838898618 2.349999947473407 82
1587838929120 1.4899999666959047 83
1587838957529 0.3199999928474426 84
1587838986367 1.3199999704957008 85
1587839015556 1.3699999693781137 86
1587839043810 1.9099999573081732 87
1587839071964 3.4099999237805605 88
1587839099817 3.5499999206513166 89
1587839128674 1.9699999559670687 90
1587839156908 2.5999999418854713 91
1587839185083 2.899999935179949 92
1587839213229 2.489999944344163 93
1587839242264 2.6699999403208494 94
1587839270684 2.9599999338388443 95
1587839298937 3.3199999257922173 96
1587839327092 2.43999994546175 97
1587839355258 0.8499999810010195 98
1587839384241 3.36999992467463 99
1587839412834 4.56999989785254 100
1587839441412 1.5599999651312828 101
1587839469652 1.029999976977706 102
1587839498673 1.8099999595433474 103
1587839527323 2.779999937862158 104
1587839555755 1.7399999611079693 105
1587839585290 0.9999999776482582 106
1587839615836 1.2799999713897705 107
1587839645581 2.7899999376386404 108
1587839675589 1.699999962002039 109
1587839707895 2.2399999499320984 110
1587839737199 2.2899999488145113 111
1587839766836 2.2099999506026506 112
1587839795628 1.7199999615550041 113
1587839824814 3.5999999195337296 114
1587839854824 2.9299999345093966 115
1587839887485 2.2099999506026506 116
1587839921849 6.369999857619405 117
1587839950287 2.579999942332506 118
1587839979007 2.1899999510496855 119
1587840007523 2.459999945014715 120
1587840035957 2.5899999421089888 121
1587840064872 3.349999925121665 122
1587840093554 5.14999988488853 123
1587840122147 2.7199999392032623 124
1587840150483 2.74999993853271 125
1587840178764 0.5299999881535769 126
1587840207599 0.9599999785423279 127
1587840235983 1.4699999671429396 128
1587840264482 0.8099999818950891 129
1587840293154 4.21999990567565 130
1587840321352 4.859999891370535 131
1587840349967 2.4099999461323023 132
1587840378423 4.309999903663993 133
1587840406464 1.5399999655783176 134
1587840435301 6.509999854490161 135
1587840464707 2.579999942332506 136
1587840493094 4.589999897405505 137
1587840521414 3.849999913945794 138
1587840549802 2.7599999383091927 139
1587840578637 3.0299999322742224 140
1587840606979 4.519999898970127 141
1587840635346 4.069999909028411 142
1587840663645 2.249999949708581 143
1587840692348 4.049999909475446 144
1587840720962 4.6299998965114355 145
1587840749584 8.179999817162752 146
1587840778002 3.9399999119341373 147
1587840806713 3.299999926239252 148
1587840835254 2.459999945014715 149
1587840864500 6.149999862536788 150
1587840894788 7.869999824091792 151
1587840925221 3.3899999242275953 152
1587840955240 1.9099999573081732 153
1587840985213 1.9099999573081732 154
1587841015048 3.2199999280273914 155
1587841046216 2.269999949261546 156
1587841090291 3.089999930933118 157
1587841124927 6.029999865218997 158
1587841153313 2.2199999503791332 159
1587841182254 1.7399999611079693 160
1587841211399 4.349999902769923 161
1587841239771 5.259999882429838 162
1587841268114 3.689999917522073 163
1587841296975 4.379999902099371 164
1587841325402 5.639999873936176 165
1587841353952 5.6099998746067286 166
1587841382086 5.759999871253967 167
1587841412844 2.319999948143959 168
1587841441412 4.029999909922481 169
1587841470006 3.5099999215453863 170
1587841498430 3.7199999168515205 171
1587841526820 4.059999909251928 172
1587841555034 4.8699998911470175 173
1587841583263 2.7899999376386404 174
1587841611289 2.1199999526143074 175
1587841639543 2.869999935850501 176
1587841668533 4.069999909028411 177
1587841696823 2.6199999414384365 178
1587841725112 3.759999915957451 179
1587841753096 1.7499999608844519 180
1587841780938 2.8299999367445707 181
1587841808691 2.5999999418854713 182
1587841836131 5.339999880641699 183
1587841863703 4.029999909922481 184
1587841891593 3.6999999172985554 185
1587841919312 3.419999923557043 186
1587841947420 3.6199999190866947 187
1587841975008 3.279999926686287 188
1587842002846 3.469999922439456 189
1587842030860 5.5399998761713505 190
1587842058693 2.369999947026372 191
1587842086286 5.099999886006117 192
1587842113920 3.249999927356839 193
1587842141921 1.8799999579787254 194
1587842169487 3.2399999275803566 195
1587842197156 2.0499999541789293 196
1587842224860 0.8499999810010195 197
1587842253308 2.369999947026372 198
1587842281052 4.929999889805913 199
1587842309133 6.489999854937196 200
1587842337139 1.7199999615550041 201
1587842365381 6.029999865218997 202
1587842392980 4.029999909922481 203
1587842420578 3.039999932050705 204
1587842448042 2.1699999514967203 205
1587842475696 6.829999847337604 206
1587842503344 3.4099999237805605 207
1587842531073 2.7699999380856752 208
1587842558829 2.349999947473407 209
1587842586453 2.799999937415123 210
1587842614322 5.919999867677689 211
1587842641930 2.579999942332506 212
1587842669670 1.7499999608844519 213
1587842697366 2.799999937415123 214
1587842725095 1.50999996624887 215
1587842759283 3.36999992467463 216
1587842789422 6.139999862760305 217
1587842822189 3.779999915510416 218
1587842854659 7.229999838396907 219
1587842884831 5.749999871477485 220
1587842914093 3.4399999231100082 221
1587842945201 5.329999880865216 222
1587842981984 5.49999987706542 223
1587843011093 5.7799998708069324 224
1587843039478 5.589999875053763 225
1587843067693 6.6399998515844345 226
1587843096729 5.169999884441495 227
1587843125251 5.159999884665012 228
1587843158807 10.699999760836363 229
1587843188483 8.4399998113513 230
1587843224204 5.999999865889549 231
1587843259925 4.909999890252948 232
1587843325021 4.429999900981784 233
1587843377246 3.419999923557043 234
1587843408782 6.2099998611956835 235
1587843441820 5.359999880194664 236
1587843486494 4.399999901652336 237
1587843539647 2.0699999537318945 238
1587843580207 4.049999909475446 239
1587843620464 7.109999841079116 240
1587843664574 4.289999904111028 241
1587843705793 2.339999947696924 242
1587843744382 4.169999906793237 243
1587843784264 3.709999917075038 244
1587843826699 5.7299998719245195 245
1587843870334 3.05999993160367 246
1587843911143 4.719999894499779 247
1587843943255 9.359999790787697 248
1587843971718 7.089999841526151 249
1587844000367 5.759999871253967 250
1587844028596 4.83999989181757 251
1587844057235 2.729999938979745 252
1587844085545 4.419999901205301 253
1587844114566 5.6599998734891415 254
1587844144094 2.9599999338388443 255
1587844173945 3.449999922886491 256
1587844202348 4.729999894276261 257
1587844235220 4.519999898970127 258
1587844265485 3.8199999146163464 259
1587844295848 4.56999989785254 260
1587844325305 4.139999907463789 261
1587844355074 5.159999884665012 262
1587844384734 5.139999885112047 263
1587844414846 3.209999928250909 264
1587844444431 4.039999909698963 265
1587844474226 4.709999894723296 266
1587844503777 3.0699999313801527 267
1587844533698 5.599999874830246 268
1587844563512 6.339999858289957 269
1587844593286 5.529999876394868 270
1587844622998 4.849999891594052 271
1587844652578 2.849999936297536 272
1587844681944 3.3399999253451824 273
1587844711494 8.569999808445573 274
1587844741651 3.9899999108165503 275
1587844771469 7.699999827891588 276
1587844801288 7.139999840408564 277
1587844830963 10.389999767765403 278
1587844860237 4.119999907910824 279
1587844892752 4.469999900087714 280
1587844920561 2.8299999367445707 281
1587844948341 1.9999999552965164 282
1587844976377 4.91999989002943 283
1587845004143 2.0199999548494816 284
1587845033696 3.299999926239252 285
1587845061351 3.729999916628003 286
1587845089305 4.769999893382192 287
1587845116695 1.5199999660253525 288
1587845144428 5.549999875947833 289
1587845172400 3.1499999295920134 290
1587845199954 3.94999991171062 291
1587845227457 5.509999876841903 292
1587845255422 7.799999825656414 293
1587845283336 5.929999867454171 294
1587845310962 4.349999902769923 295
1587845339284 3.4399999231100082 296
1587845367428 3.5099999215453863 297
1587845395249 2.0899999532848597 298
1587845422994 3.1199999302625656 299
1587845450887 4.459999900311232 300
1587845478807 8.179999817162752 301
1587845506774 6.2099998611956835 302
1587845534458 4.449999900534749 303
1587845562120 2.9799999333918095 304
1587845590142 2.3299999479204416 305
1587845617944 5.879999868571758 306
1587845645588 3.5799999199807644 307
1587845673500 3.879999913275242 308
1587845701280 3.039999932050705 309
1587845729433 4.999999888241291 310
1587845757113 3.489999921992421 311
1587845784890 2.9499999340623617 312
1587845812435 3.4999999217689037 313
1587845840407 5.219999883323908 314
1587845868156 2.7599999383091927 315
1587845895664 3.0499999318271875 316
1587845923385 2.699999939650297 317
1587845951565 3.969999911263585 318
1587845979519 3.709999917075038 319
1587846007440 3.899999912828207 320
1587846035035 4.449999900534749 321
1587846062819 2.629999941214919 322
1587846090668 7.919999822974205 323
1587846118215 5.869999868795276 324
1587846145811 5.409999879077077 325
1587846173224 5.719999872148037 326
1587846201074 3.3799999244511127 327
1587846228748 14.01999968662858 328
1587846256188 4.549999898299575 329
1587846284338 2.7899999376386404 330
1587846311979 4.119999907910824 331
1587846339716 2.9499999340623617 332
1587846367470 8.949999799951911 333
1587846395177 7.459999833256006 334
1587846422614 3.9799999110400677 335
1587846450558 4.519999898970127 336
1587846478057 3.6199999190866947 337
1587846505627 3.799999915063381 338
1587846533233 5.719999872148037 339
1587846561606 3.5299999210983515 340
1587846589757 4.56999989785254 341
1587846617648 7.259999837726355 342
1587846645214 6.269999859854579 343
1587846672873 4.489999899640679 344
1587846701351 6.73999984934926 345
1587846729060 13.389999700710177 346
1587846756685 3.609999919310212 347
1587846784696 10.039999775588512 348
1587846813445 3.8399999141693115 349
1587846843126 5.519999876618385 350
1587846871158 10.269999770447612 351
1587846898926 2.9299999345093966 352
1587846926919 7.93999982252717 353
1587846954547 4.949999889358878 354
1587846982259 3.8399999141693115 355
1587847009984 4.369999902322888 356
1587847037707 4.069999909028411 357
1587847065533 4.52999989874661 358
1587847093220 8.989999799057841 359
1587847121055 6.479999855160713 360
1587847148580 6.679999850690365 361
1587847177302 4.3899999018758535 362
1587847204801 7.919999822974205 363
1587847232389 7.129999840632081 364
1587847260066 6.69999985024333 365
1587847288205 3.01999993249774 366
1587847315797 6.459999855607748 367
1587847343399 9.05999979749322 368
1587847371071 4.0799999088048935 369
1587847399067 3.3099999260157347 370
1587847427048 4.83999989181757 371
1587847454718 5.22999988310039 372
1587847482538 9.659999784082174 373
1587847510292 4.9899998884648085 374
1587847538429 4.409999901428819 375
1587847566227 6.919999845325947 376
1587847593919 12.639999717473984 377
1587847621527 1.6099999640136957 378
1587847649581 6.479999855160713 379
1587847677524 6.38999985717237 380
1587847705342 1.7499999608844519 381
1587847733987 4.679999895393848 382
1587847763212 5.339999880641699 383
1587847791861 5.069999886676669 384
1587847819814 2.729999938979745 385
1587847847355 8.099999818950891 386
1587847875075 4.889999890699983 387
1587847903278 4.099999908357859 388
1587847930915 2.9099999349564314 389
1587847958698 7.149999840185046 390
1587847986369 4.21999990567565 391
1587848014514 3.7899999152868986 392
1587848042136 4.709999894723296 393
1587848070032 9.669999783858657 394
1587848097898 5.449999878183007 395
1587848125794 4.1999999061226845 396
1587848153644 4.729999894276261 397
1587848181502 14.029999686405063 398
1587848209101 4.4399999007582664 399
1587848237007 7.339999835938215 400
1587848265318 7.719999827444553 401
1587848292909 5.559999875724316 402
1587848320780 5.429999878630042 403
1587848348263 5.569999875500798 404
1587848376966 6.07999986410141 405
1587848405359 5.709999872371554 406
1587848433144 4.829999892041087 407
1587848460781 4.7499998938292265 408
1587848489250 4.479999899864197 409
1587848517098 4.379999902099371 410
1587848544628 6.499999854713678 411
1587848572200 4.739999894052744 412
1587848599918 6.3999998569488525 413
1587848627925 8.449999811127782 414
1587848657504 5.089999886229634 415
1587848685452 4.019999910145998 416
1587848712996 3.8599999137222767 417
1587848740766 4.349999902769923 418
1587848768437 10.239999771118164 419
1587848796468 9.509999787434936 420
1587848824206 3.8699999134987593 421
1587848852289 2.4799999445676804 422
1587848880194 4.019999910145998 423
1587848907723 7.869999824091792 424
1587848935187 3.209999928250909 425
1587848962922 7.149999840185046 426
1587848991458 4.829999892041087 427
1587849019027 5.359999880194664 428
1587849047674 3.8199999146163464 429
1587849075606 2.9999999329447746 430
1587849103715 6.849999846890569 431
1587849131515 10.329999769106507 432
1587849159296 7.559999831020832 433
1587849186868 6.539999853819609 434
1587849214872 3.9399999119341373 435
1587849242744 9.559999786317348 436
1587849270380 10.599999763071537 437
1587849298168 8.929999800398946 438
1587849326155 7.839999824762344 439
1587849354012 4.52999989874661 440
1587849381503 5.139999885112047 441
1587849409156 5.639999873936176 442
1587849436893 8.809999803081155 443
1587849464904 4.789999892935157 444
1587849492638 6.109999863430858 445
1587849520402 3.469999922439456 446
1587849548022 4.149999907240272 447
1587849576590 5.389999879524112 448
1587849604433 11.639999739825726 449
1587849632156 7.04999984242022 450
1587849659931 10.119999773800373 451
1587849688485 25.70999942533672 452
1587849716353 4.959999889135361 453
1587849744171 5.979999866336584 454
1587849771761 8.899999801069498 455
1587849799549 8.219999816268682 456
1587849827595 3.879999913275242 457
1587849855471 11.489999743178487 458
1587849884010 2.7599999383091927 459
1587849911680 7.399999834597111 460
1587849939700 3.109999930486083 461
1587849967541 3.899999912828207 462
1587849995323 3.899999912828207 463
1587850022999 12.039999730885029 464
1587850051026 7.039999842643738 465
1587850078597 3.4399999231100082 466
1587850106278 7.369999835267663 467
1587850133731 5.349999880418181 468
1587850161417 6.779999848455191 469
1587850190067 10.799999758601189 470
1587850217851 16.68999962694943 471
1587850245484 6.539999853819609 472
1587850273189 7.0699998419731855 473
1587850301663 9.869999779388309 474
1587850329792 7.569999830797315 475
1587850357461 3.689999917522073 476
1587850385025 8.239999815821648 477
1587850412948 5.959999866783619 478
1587850440753 10.899999756366014 479
1587850470683 10.039999775588512 480
1587850498523 10.60999976284802 481
1587850526465 4.669999895617366 482
1587850554136 14.029999686405063 483
1587850581919 3.1999999284744263 484
1587850609622 3.419999923557043 485
1587850637179 12.299999725073576 486
1587850669224 6.129999862983823 487
1587850702437 8.969999799504876 488
1587850740625 6.239999860525131 489
1587850773225 5.569999875500798 490
1587850806782 5.219999883323908 491
1587850840270 8.269999815151095 492
1587850877026 2.679999940097332 493
1587850913328 10.319999769330025 494
1587850948614 9.609999785199761 495
1587850982791 7.58999983035028 496
1587851017314 10.68999976105988 497
1587851057819 10.889999756589532 498
1587851091316 8.769999803975224 499
1587851125727 7.199999839067459 500
1587851156653 7.3099998366087675 501
1587851188297 10.949999755248427 502
1587851220128 5.839999869465828 503
1587851253955 11.689999738708138 504
1587851292034 7.31999983638525 505
1587851329535 9.009999798610806 506
1587851363013 8.619999807327986 507
1587851401503 9.709999782964587 508
1587851439235 8.759999804198742 509
1587851470608 10.099999774247408 510
1587851508826 14.05999968573451 511
1587851548719 2.2599999494850636 512
1587851585357 6.479999855160713 513
1587851620950 6.599999852478504 514
1587851659472 0.5199999883770943 515
1587851700445 5.129999885335565 516
1587851734303 11.57999974116683 517
1587851767074 2.7399999387562275 518
1587851799028 12.339999724179506 519
1587851831265 8.099999818950891 520
1587851867997 3.6299999188631773 521
1587851917488 2.7599999383091927 522
1587851956768 10.489999765530229 523
1587851990330 3.999999910593033 524
1587852029880 7.9799998216331005 525
1587852083879 11.979999732226133 526
1587852129377 6.479999855160713 527
1587852176210 9.239999793469906 528
1587852220284 1.5499999653548002 529
1587852263399 9.979999776929617 530
1587852307078 24.579999450594187 531
1587852347541 6.059999864548445 532
1587852389753 5.22999988310039 533
1587852433160 10.279999770224094 534
1587852483614 5.709999872371554 535
1587852514485 6.469999855384231 536
1587852544873 6.149999862536788 537
1587852574875 14.459999676793814 538
1587852604948 7.489999832585454 539
1587852635031 7.6699998285621405 540
1587852665196 9.079999797046185 541
1587852695680 7.3099998366087675 542
1587852725966 10.579999763518572 543
1587852755956 6.099999863654375 544
1587852786094 4.429999900981784 545
1587852816704 11.22999974898994 546
1587852846834 13.829999690875411 547
1587852877188 10.68999976105988 548
1587852908770 8.699999805539846 549
1587852940827 2.5899999421089888 550
1587852977412 10.869999757036567 551
1587853010197 9.619999784976244 552
1587853041934 12.409999722614884 553
1587853073486 9.09999979659915 554
1587853105717 8.729999804869294 555
1587853148551 5.469999877735972 556
1587853182951 6.73999984934926 557
1587853219847 10.289999770000577 558
1587853253966 10.789999758824706 559
1587853291215 7.109999841079116 560
1587853329432 12.179999727755785 561
1587853363134 10.25999977067113 562
1587853408115 7.969999821856618 563
1587853455082 6.099999863654375 564
1587853499627 11.03999975323677 565
1587853544731 7.62999982945621 566
1587853586381 4.039999909698963 567
1587853630603 4.619999896734953 568
1587853665362 3.879999913275242 569
1587853704467 2.729999938979745 570
1587853738777 6.019999865442514 571
1587853774997 10.779999759048223 572
1587853811974 2.299999948590994 573
1587853845533 11.459999743849039 574
1587853880228 4.729999894276261 575
1587853914162 13.959999687969685 576
1587853954516 7.259999837726355 577
1587853992269 9.309999791905284 578
1587854027462 9.959999777376652 579
1587854062878 10.369999768212438 580
1587854102013 9.429999789223075 581
1587854142439 7.809999825432897 582
1587854181492 5.689999872818589 583
1587854222567 4.759999893605709 584
1587854256910 2.3999999463558197 585
1587854292470 8.199999816715717 586
1587854326181 20.659999538213015 587
1587854364901 4.849999891594052 588
1587854399784 13.489999698475003 589
1587854437207 8.619999807327986 590
1587854475098 6.789999848231673 591
1587854509455 8.029999820515513 592
1587854547749 5.519999876618385 593
1587854586277 3.63999991863966 594
1587854620522 13.779999691992998 595
1587854655778 7.93999982252717 596
1587854690337 5.0599998869001865 597
1587854728179 12.229999726638198 598
1587854763858 2.4299999456852674 599
1587854796711 9.039999797940254 600
1587854829995 10.589999763295054 601
1587854863056 6.149999862536788 602
1587854896484 4.739999894052744 603
1587854929022 14.029999686405063 604
1587854961742 5.469999877735972 605
1587854995675 3.9099999126046896 606
1587855028299 3.6299999188631773 607
1587855060360 4.379999902099371 608
1587855092190 4.729999894276261 609
1587855125805 7.139999840408564 610
1587855159030 4.929999889805913 611
1587855194951 1.459999967366457 612
1587855231809 5.689999872818589 613
1587855268931 2.699999939650297 614
1587855302910 6.11999986320734 615
1587855336284 14.579999674111605 616
1587855370052 3.4399999231100082 617
1587855402592 10.549999764189124 618
1587855435516 20.649999538436532 619
1587855470242 8.74999980442226 620
1587855502663 12.099999729543924 621
1587855539930 4.899999890476465 622
1587855573436 5.979999866336584 623
1587855605254 14.51999967545271 624
1587855636781 16.059999641031027 625
1587855668099 14.119999684393406 626
1587855699822 7.059999842196703 627
1587855731302 14.349999679252505 628
1587855762873 4.91999989002943 629
1587855794703 17.869999600574374 630
1587855826938 20.629999538883567 631
1587855858741 14.469999676570296 632
1587855890698 6.34999985806644 633
1587855924904 12.319999724626541 634
1587855955058 7.869999824091792 635
1587855986097 2.339999947696924 636
1587856017260 10.589999763295054 637
1587856048024 3.5599999204277992 638
1587856077626 2.509999943897128 639
1587856113994 10.049999775364995 640
1587856147390 3.3299999255687 641
1587856180127 16.34999963454902 642
1587856217743 4.429999900981784 643
1587856249518 13.66999969445169 644
1587856278986 8.459999810904264 645
1587856309975 8.089999819174409 646
1587856341901 3.3399999253451824 647
1587856373163 8.229999816045165 648
1587856405377 9.21999979391694 649
1587856437031 2.5899999421089888 650
1587856468596 11.289999747648835 651
1587856499628 6.439999856054783 652
1587856530894 7.349999835714698 653
1587856562215 9.319999791681767 654
1587856593356 11.199999749660492 655
1587856624545 8.949999799951911 656
1587856655755 5.329999880865216 657
1587856691750 10.969999754801393 658
1587856722516 2.969999933615327 659
1587856767635 7.909999823197722 660
1587856816357 3.999999910593033 661
1587856849806 6.799999848008156 662
1587856880970 4.489999899640679 663
1587856912318 2.8599999360740185 664
1587856943553 4.329999903216958 665
1587856981588 5.279999881982803 666
1587857018879 6.549999853596091 667
1587857056085 9.899999778717756 668
1587857087319 4.3899999018758535 669
1587857118576 4.9399998895823956 670
1587857149601 7.019999843090773 671
1587857180646 4.60999989695847 672
1587857211561 9.319999791681767 673
1587857242525 6.629999851807952 674
1587857273397 9.909999778494239 675
1587857304639 7.109999841079116 676
1587857335773 7.259999837726355 677
1587857366849 10.449999766424298 678
1587857397995 5.559999875724316 679
1587857429211 3.489999921992421 680
1587857474363 7.759999826550484 681
1587857515083 6.929999845102429 682
1587857555576 4.91999989002943 683
1587857601343 10.06999977491796 684
1587857641477 9.299999792128801 685
1587857681123 3.519999921321869 686
1587857732440 11.219999749213457 687
1587857771947 2.1899999510496855 688
1587857809897 3.3099999260157347 689
1587857847534 2.659999940544367 690
1587857883159 8.12999981828034 691
1587857920222 7.289999837055802 692
1587857957674 10.95999975502491 693
1587857998809 2.5299999434500933 694
1587858048109 9.349999791011214 695
1587858092168 3.6699999179691076 696
1587858135263 6.619999852031469 697
1587858174844 2.3299999479204416 698
1587858216293 1.3599999696016312 699
1587858258594 2.919999934732914 700
1587858307377 4.189999906346202 701
1587858350171 6.979999843984842 702
1587858389735 1.6199999637901783 703
1587858426174 3.1899999286979437 704
1587858467586 8.399999812245369 705
1587858510848 1.2399999722838402 706
1587858551869 2.3999999463558197 707
1587858600421 3.4599999226629734 708
1587858644557 6.909999845549464 709
1587858684074 8.899999801069498 710
1587858726284 10.869999757036567 711
1587858767027 6.11999986320734 712
1587858810015 5.249999882653356 713
1587858856230 9.349999791011214 714
1587858898637 10.819999758154154 715
1587858940724 3.089999930933118 716
1587858981444 5.359999880194664 717
1587859019409 7.459999833256006 718
1587859057846 11.489999743178487 719
1587859094526 6.8799998462200165 720
1587859131213 5.4199998788535595 721
1587859176111 2.4099999461323023 722
1587859214202 9.869999779388309 723
1587859245396 1.0499999765306711 724
1587859276358 5.239999882876873 725
1587859307190 2.349999947473407 726
1587859338041 6.689999850466847 727
1587859379208 3.5299999210983515 728
1587859423600 7.719999827444553 729
1587859464023 6.049999864771962 730
1587859504165 3.36999992467463 731
1587859549674 3.9799999110400677 732
1587859587782 6.029999865218997 733
1587859629524 10.60999976284802 734
1587859669938 1.9799999557435513 735
1587859712802 5.039999887347221 736
1587859755389 5.219999883323908 737
1587859796936 8.469999810680747 738
1587859836591 2.6399999409914017 739
1587859883542 1.7099999617785215 740
1587859925693 2.0499999541789293 741
1587859965655 4.649999896064401 742
1587860004462 2.2899999488145113 743
1587860046750 1.9199999570846558 744
1587860089692 2.969999933615327 745
1587860130068 3.9799999110400677 746
1587860172694 5.619999874383211 747
1587860214338 1.2299999725073576 748
1587860256045 3.969999911263585 749
1587860298432 5.899999868124723 750
1587860341921 5.6099998746067286 751
1587860381051 3.4999999217689037 752
1587860419577 4.639999896287918 753
1587860466484 4.759999893605709 754
1587860506588 4.0799999088048935 755
1587860547928 2.699999939650297 756
1587860585888 1.6399999633431435 757
1587860626144 4.599999897181988 758
1587860666247 2.319999948143959 759
1587860709302 1.5899999644607306 760
1587860758130 12.929999710991979 761
1587860805209 8.709999805316329 762
1587860836865 6.289999859407544 763
1587860867825 5.439999878406525 764
1587860898860 4.3199999034404755 765
1587860929833 2.779999937862158 766
1587860962148 1.1899999734014273 767
1587861007119 4.539999898523092 768
1587861050306 2.299999948590994 769
1587861095637 3.1399999298155308 770
1587861127896 1.6099999640136957 771
1587861165494 2.869999935850501 772
1587861211131 3.709999917075038 773
1587861255611 1.7599999606609344 774
1587861296028 1.9799999557435513 775
1587861342696 5.369999879971147 776
1587861384961 4.049999909475446 777
1587861420173 6.96999984420836 778
1587861456165 3.4799999222159386 779
1587861492129 1.0099999774247408 780
1587861527735 5.279999881982803 781
1587861564144 2.1699999514967203 782
1587861599121 2.109999952837825 783
1587861636600 1.4199999682605267 784
1587861681392 3.999999910593033 785
1587861726123 7.9799998216331005 786
1587861767455 0.8699999805539846 787
1587861811232 2.0699999537318945 788
1587861842750 2.2199999503791332 789
1587861898540 1.6699999626725912 790
1587861940218 5.719999872148037 791
1587861985620 3.4099999237805605 792
1587862030751 2.029999954625964 793
1587862081150 1.1199999749660492 794
1587862129724 2.939999934285879 795
1587862167945 4.3199999034404755 796
1587862205645 2.349999947473407 797
1587862242760 2.7199999392032623 798
1587862280262 1.50999996624887 799
1587862317957 1.169999973848462 800
1587862356432 3.4399999231100082 801
1587862394104 6.629999851807952 802
1587862431610 2.2399999499320984 803
1587862468906 3.879999913275242 804
1587862506867 4.25999990478158 805
1587862550370 2.1399999521672726 806
1587862588477 1.0599999763071537 807
1587862626523 2.4499999452382326 808
1587862664055 3.36999992467463 809
1587862702009 3.05999993160367 810
1587862739406 3.349999925121665 811
1587862777272 4.469999900087714 812
1587862815108 1.8499999586492777 813
1587862856228 4.359999902546406 814
1587862894020 0.7299999836832285 815
1587862932408 1.1599999740719795 816
1587862970458 3.009999932721257 817
1587863008379 2.5299999434500933 818
1587863045867 0.9199999794363976 819
1587863094285 3.569999920204282 820
1587863126949 5.239999882876873 821
1587863157906 6.4499998558312654 822
1587863191486 0.9599999785423279 823
1587863222536 1.7499999608844519 824
1587863253127 1.81999995931983 825
1587863283972 1.4999999664723873 826
1587863314794 4.1999999061226845 827
1587863345614 3.05999993160367 828
1587863377081 1.5199999660253525 829
1587863407898 1.7399999611079693 830
1587863438783 1.81999995931983 831
1587863469268 2.12999995239079 832
1587863500156 4.4399999007582664 833
1587863530831 3.4299999233335257 834
1587863561616 2.509999943897128 835
1587863592520 4.8699998911470175 836
1587863622888 4.799999892711639 837
1587863654280 2.559999942779541 838
1587863685350 0.9199999794363976 839
1587863716734 4.60999989695847 840
1587863747819 4.25999990478158 841
1587863781955 0.7099999841302633 842
1587863813636 6.769999848678708 843
1587863845010 2.2199999503791332 844
1587863875737 2.8099999371916056 845
1587863906629 4.239999905228615 846
1587863937506 2.6399999409914017 847
1587863968652 1.9799999557435513 848
1587863999606 2.9299999345093966 849
1587864030570 3.9799999110400677 850
1587864061414 3.4399999231100082 851
1587864092220 2.1599999517202377 852
1587864122966 2.3799999468028545 853
1587864153908 1.0399999767541885 854
1587864209608 1.3199999704957008 855
1587864242054 1.2999999709427357 856
1587864276451 4.949999889358878 857
1587864308024 1.169999973848462 858
1587864339573 7.759999826550484 859
1587864385887 1.5499999653548002 860
1587864418019 2.389999946579337 861
1587864449620 2.389999946579337 862
1587864481372 5.909999867901206 863
1587864512882 2.109999952837825 864
1587864544346 1.9499999564141035 865
1587864576266 4.239999905228615 866
1587864627716 2.4299999456852674 867
1587864673021 3.1899999286979437 868
1587864711916 4.089999908581376 869
1587864750658 2.939999934285879 870
1587864792068 5.18999988399446 871
1587864831662 2.389999946579337 872
1587864877312 2.3299999479204416 873
1587864911198 3.0699999313801527 874
1587864942901 7.209999838843942 875
1587864974599 0.7399999834597111 876
1587865008486 3.4099999237805605 877
1587865040900 4.039999909698963 878
1587865072568 3.209999928250909 879
1587865105321 1.149999974295497 880
1587865136851 1.8999999575316906 881
1587865168822 1.7799999602138996 882
1587865200580 1.0099999774247408 883
1587865231925 2.919999934732914 884
1587865263627 0.6999999843537807 885
1587865295017 1.8499999586492777 886
1587865326562 1.0499999765306711 887
1587865358677 3.209999928250909 888
1587865391914 3.159999929368496 889
1587865423861 2.3999999463558197 890
1587865455741 5.479999877512455 891
1587865487368 2.679999940097332 892
1587865519839 4.149999907240272 893
1587865551438 0.46999998949468136 894
1587865582817 3.01999993249774 895
1587865618427 7.829999824985862 896
1587865650696 0.8699999805539846 897
1587865683004 0.5699999872595072 898
1587865714576 2.4999999441206455 899
1587865746474 1.389999968931079 900
1587865779006 1.8999999575316906 901
1587865810654 12.089999729767442 902
1587865842330 1.0599999763071537 903
1587865874008 2.6199999414384365 904
1587865905877 2.6199999414384365 905
1587865937866 1.5999999642372131 906
1587865969501 3.1499999295920134 907
1587866001701 1.6699999626725912 908
1587866033372 1.8799999579787254 909
1587866065414 0.46999998949468136 910
1587866096930 3.519999921321869 911
1587866128199 4.959999889135361 912
1587866159942 7.149999840185046 913
1587866191420 1.5599999651312828 914
1587866222937 1.1399999745190144 915
1587866255296 1.0599999763071537 916
1587866286563 0.5399999879300594 917
1587866316836 0.5899999868124723 918
1587866346054 1.3699999693781137 919
1587866374643 1.7799999602138996 920
1587866402930 0.7199999839067459 921
1587866431046 0.8599999807775021 922
1587866459265 6.609999852254987 923
1587866487523 5.439999878406525 924
1587866515720 6.539999853819609 925
1587866543826 3.6299999188631773 926
1587866572045 5.409999879077077 927
1587866600629 3.5499999206513166 928
1587866628628 3.1699999291449785 929
1587866657259 4.3199999034404755 930
1587866685540 2.6499999407678843 931
1587866713812 2.819999936968088 932
1587866742050 2.8599999360740185 933
1587866770327 2.029999954625964 934
1587866800550 7.93999982252717 935
1587866828903 3.2599999271333218 936
1587866857158 1.459999967366457 937
1587866885665 2.539999943226576 938
1587866913948 2.0499999541789293 939
1587866942813 2.1699999514967203 940
1587866971189 4.3899999018758535 941
1587866999365 2.4499999452382326 942
1587867027557 3.569999920204282 943
1587867055623 1.81999995931983 944
1587867083760 2.5699999425560236 945
1587867112055 1.269999971613288 946
1587867140163 1.769999960437417 947
1587867168319 2.799999937415123 948
1587867196715 1.289999971166253 949
1587867225058 2.74999993853271 950
1587867253267 2.12999995239079 951
1587867281521 3.6199999190866947 952
1587867309711 1.4999999664723873 953
1587867337873 3.2699999269098043 954
1587867366067 6.819999847561121 955
1587867394282 8.159999817609787 956
1587867422369 2.919999934732914 957
1587867450625 3.779999915510416 958
1587867479123 2.0699999537318945 959
1587867516136 3.3099999260157347 960
1587867547736 3.879999913275242 961
1587867583088 1.7799999602138996 962
1587867616564 2.4999999441206455 963
1587867648809 4.289999904111028 964
1587867681097 1.3599999696016312 965
1587867712924 3.3599999248981476 966
1587867744681 2.8399999365210533 967
1587867776534 2.1899999510496855 968
1587867812437 1.2099999729543924 969
1587867849886 0.4899999890476465 970
1587867883302 0.5699999872595072 971
1587867917116 4.399999901652336 972
1587867951872 1.4399999678134918 973
1587867986910 3.879999913275242 974
1587868026756 1.5499999653548002 975
1587868060900 0.30999999307096004 976
1587868100133 1.029999976977706 977
1587868140080 1.339999970048666 978
1587868172997 2.849999936297536 979
1587868206034 0.46999998949468136 980
1587868237929 1.5499999653548002 981
1587868269870 1.1099999751895666 982
1587868301814 3.2899999264627695 983
1587868333309 2.6699999403208494 984
1587868365047 1.0799999758601189 985
1587868396869 1.099999975413084 986
1587868428990 2.2899999488145113 987
1587868461366 1.169999973848462 988
1587868494766 0.3999999910593033 989
1587868527218 2.2799999490380287 990
1587868559434 3.4799999222159386 991
1587868591546 1.3299999702721834 992
1587868625612 0.8599999807775021 993
1587868657363 0.8999999798834324 994
1587868689213 0.2799999937415123 995
1587868721739 4.029999909922481 996
1587868753744 2.559999942779541 997
1587868785487 1.6199999637901783 998
1587868817441 1.3099999707192183 999
1587868848710 0.9299999792128801 1000
1587868879110 2.7699999380856752 1001
1587868907332 0.6299999859184027 1002
1587868935534 0.5599999874830246 1003
1587868963682 0.30999999307096004 1004
1587868992063 0.8399999812245369 1005
1587869020578 0.8899999801069498 1006
1587869049198 0.25999999418854713 1007
1587869077782 1.4899999666959047 1008
1587869106209 3.089999930933118 1009
1587869134659 1.6699999626725912 1010
1587869162877 0.9299999792128801 1011
1587869191064 3.159999929368496 1012
1587869219130 2.0399999544024467 1013
1587869247374 1.3999999687075615 1014
1587869275853 1.1099999751895666 1015
1587869303960 1.3299999702721834 1016
1587869332799 2.2199999503791332 1017
1587869361118 1.4299999680370092 1018
1587869389522 2.9499999340623617 1019
1587869418098 3.3599999248981476 1020
1587869446313 0.3799999915063381 1021
1587869474398 0.7799999825656414 1022
1587869502469 0.6499999854713678 1023
1587869530694 0.669999985024333 1024
1587869558737 3.4299999233335257 1025
1587869586790 1.6799999624490738 1026
1587869614949 1.9899999555200338 1027
1587869643130 2.0899999532848597 1028
1587869671488 1.889999957755208 1029
1587869699976 0.2299999948590994 1030
1587869728251 1.0199999772012234 1031
1587869756313 1.389999968931079 1032
1587869784470 0.0 1033
1587869812479 1.1999999731779099 1034
1587869841468 1.1399999745190144 1035
1587869869673 0.9199999794363976 1036
1587869897730 1.409999968484044 1037
1587869925829 2.1599999517202377 1038
1587869954320 0.6899999845772982 1039
1587869983071 2.149999951943755 1040
1587870011085 0.909999979659915 1041
1587870039253 1.5399999655783176 1042
1587870067249 2.229999950155616 1043
1587870095421 1.699999962002039 1044
1587870123554 1.9099999573081732 1045
1587870151703 0.11999999731779099 1046
1587870179921 0.2699999939650297 1047
1587870208067 0.07999999821186066 1048
1587870236334 0.29999999329447746 1049
1587870265023 0.4499999899417162 1050
1587870293283 1.9799999557435513 1051
1587870321493 0.5399999879300594 1052
1587870349666 1.529999965801835 1053
1587870377949 1.1399999745190144 1054
1587870406013 1.529999965801835 1055
1587870436014 1.459999967366457 1056
1587870464128 1.7799999602138996 1057
1587870492270 0.7099999841302633 1058
1587870520288 1.099999975413084 1059
1587870548768 4.539999898523092 1060
1587870577624 0.2299999948590994 1061
1587870605922 2.349999947473407 1062
1587870634153 0.7599999830126762 1063
1587870662330 0.2899999935179949 1064
1587870690328 0.5299999881535769 1065
1587870718673 0.7799999825656414 1066
1587870746729 1.6399999633431435 1067
1587870774865 0.8999999798834324 1068
1587870803035 0.5699999872595072 1069
1587870831375 0.8699999805539846 1070
1587870859671 0.5299999881535769 1071
1587870888049 2.6499999407678843 1072
1587870916090 1.4499999675899744 1073
1587870944253 1.9999999552965164 1074
1587870972285 0.5799999870359898 1075
1587871000447 0.8799999803304672 1076
1587871028416 0.6399999856948853 1077
1587871056555 2.1899999510496855 1078
1587871084834 1.459999967366457 1079
1587871113359 0.5599999874830246 1080
1587871141551 0.4899999890476465 1081
1587871169714 1.4699999671429396 1082
1587871198134 1.5699999649077654 1083
1587871226255 1.1599999740719795 1084
1587871254528 1.0199999772012234 1085
1587871282463 1.4799999669194221 1086
1587871310569 0.47999998927116394 1087
1587871338754 1.5399999655783176 1088
1587871366872 0.7399999834597111 1089
1587871395510 0.7199999839067459 1090
1587871423869 0.47999998927116394 1091
1587871452115 0.5199999883770943 1092
1587871480572 1.7099999617785215 1093
1587871508637 1.7399999611079693 1094
1587871536672 0.20999999530613422 1095
1587871565008 0.6999999843537807 1096
1587871593081 0.5799999870359898 1097
1587871621467 0.23999999463558197 1098
1587871649750 4.25999990478158 1099
1587871678387 0.019999999552965164 1100
1587871707585 1.6599999628961086 1101
1587871735808 0.5099999886006117 1102
1587871764739 1.3799999691545963 1103
1587871793396 0.08999999798834324 1104
1587871822254 0.8699999805539846 1105
1587871850537 1.8099999595433474 1106
1587871878693 1.4199999682605267 1107
1587871907081 0.46999998949468136 1108
1587871935048 2.0699999537318945 1109
1587871963516 0.47999998927116394 1110
1587871991947 1.7999999597668648 1111
1587872020098 0.9499999787658453 1112
1587872048326 0.36999999172985554 1113
1587872077018 0.8699999805539846 1114
1587872105246 2.5699999425560236 1115
1587872133365 1.939999956637621 1116
1587872161772 1.6899999622255564 1117
1587872190825 1.1099999751895666 1118
1587872219162 1.4699999671429396 1119
1587872249753 0.789999982342124 1120
1587872277969 2.6199999414384365 1121
1587872306110 1.1899999734014273 1122
1587872334372 0.36999999172985554 1123
1587872362665 1.959999956190586 1124
1587872391002 2.629999941214919 1125
1587872419337 0.35999999195337296 1126
1587872448009 1.0099999774247408 1127
1587872476366 0.42999999038875103 1128
1587872504563 1.3499999698251486 1129
1587872532978 0.9999999776482582 1130
1587872561199 0.9499999787658453 1131
1587872589539 0.9299999792128801 1132
1587872617761 0.5699999872595072 1133
1587872645927 2.269999949261546 1134
1587872674443 0.8299999814480543 1135
1587872702864 0.9499999787658453 1136
1587872731117 0.4999999888241291 1137
1587872759303 3.0999999307096004 1138
1587872787624 0.46999998949468136 1139
1587872816088 1.3099999707192183 1140
1587872844409 1.7399999611079693 1141
1587872872491 1.219999972730875 1142
1587872900694 1.169999973848462 1143
1587872928949 0.8399999812245369 1144
1587872957160 0.9299999792128801 1145
1587872985820 2.2599999494850636 1146
1587873014046 0.4499999899417162 1147
1587873042229 1.7799999602138996 1148
1587873070936 1.8499999586492777 1149
1587873099375 1.269999971613288 1150
1587873127757 2.1899999510496855 1151
1587873155871 2.919999934732914 1152
1587873184341 1.459999967366457 1153
1587873212488 1.7799999602138996 1154
1587873240798 0.7199999839067459 1155
1587873269196 0.30999999307096004 1156
1587873297603 2.6199999414384365 1157
1587873326015 0.9999999776482582 1158
1587873354198 3.589999919757247 1159
1587873382527 2.12999995239079 1160
1587873410644 0.5599999874830246 1161
1587873438805 0.7699999827891588 1162
1587873466994 1.3299999702721834 1163
1587873495200 1.7299999613314867 1164
1587873523396 1.3499999698251486 1165
1587873551745 0.8299999814480543 1166
1587873580057 1.169999973848462 1167
1587873608195 2.199999950826168 1168
1587873636448 0.7999999821186066 1169
1587873664870 1.099999975413084 1170
1587873693427 0.6199999861419201 1171
1587873721582 0.6999999843537807 1172
1587873750069 0.0 1173
1587873778333 1.1199999749660492 1174
1587873806583 2.9499999340623617 1175
1587873834681 0.9299999792128801 1176
1587873862909 0.7699999827891588 1177
1587873891359 1.459999967366457 1178
1587873919587 1.5599999651312828 1179
1587873948067 2.1899999510496855 1180
1587873976252 1.7999999597668648 1181
1587874004359 0.8699999805539846 1182
1587874032448 0.23999999463558197 1183
1587874062590 0.7399999834597111 1184
1587874090724 0.3799999915063381 1185
1587874118956 1.3299999702721834 1186
1587874147169 2.9299999345093966 1187
1587874175670 0.6499999854713678 1188
1587874204095 2.5299999434500933 1189
1587874232661 1.9299999568611383 1190
1587874260787 0.5099999886006117 1191
1587874288916 2.459999945014715 1192
1587874317529 0.549999987706542 1193
1587874345721 3.6499999184161425 1194
1587874373920 0.5399999879300594 1195
1587874402282 2.179999951273203 1196
1587874430589 2.899999935179949 1197
1587874458774 1.1799999736249447 1198
1587874487248 1.7299999613314867 1199
1587874515748 0.4899999890476465 1200
1587874544393 1.0599999763071537 1201
1587874572767 1.1299999747425318 1202
1587874601038 0.5699999872595072 1203
1587874629187 0.979999978095293 1204
1587874657540 0.5199999883770943 1205
1587874685573 0.13999999687075615 1206
1587874713646 1.579999964684248 1207
1587874741768 2.8099999371916056 1208
1587874770218 0.669999985024333 1209
1587874798740 0.5299999881535769 1210
1587874826936 1.269999971613288 1211
1587874855097 1.0199999772012234 1212
1587874883308 1.1899999734014273 1213
1587874911504 0.7199999839067459 1214
1587874940307 1.2499999720603228 1215
1587874968500 1.3299999702721834 1216
1587874997074 0.6599999852478504 1217
1587875025428 1.7999999597668648 1218
1587875053531 1.0899999756366014 1219
1587875082215 1.0799999758601189 1220
1587875110479 1.0099999774247408 1221
1587875138724 0.8299999814480543 1222
1587875166995 1.1099999751895666 1223
1587875195042 0.8399999812245369 1224
1587875223113 0.9499999787658453 1225
1587875251236 2.7199999392032623 1226
1587875279425 2.5899999421089888 1227
1587875307709 1.4699999671429396 1228
1587875335734 2.109999952837825 1229
1587875364365 0.40999999083578587 1230
1587875392791 0.9199999794363976 1231
1587875421244 0.7499999832361937 1232
1587875449479 0.40999999083578587 1233
1587875477579 1.6399999633431435 1234
1587875505931 1.4899999666959047 1235
1587875534171 0.979999978095293 1236
1587875562691 0.5599999874830246 1237
1587875590810 1.0199999772012234 1238
1587875618916 0.3899999912828207 1239
1587875647401 0.19999999552965164 1240
1587875677310 0.8699999805539846 1241
1587875706013 0.3299999926239252 1242
1587875734568 0.0 1243
1587875762942 0.0 1244
1587875791123 1.2399999722838402 1245
1587875819232 3.519999921321869 1246
1587875847406 0.3199999928474426 1247
1587875877670 1.1099999751895666 1248
1587875905793 0.9199999794363976 1249
1587875934317 1.9299999568611383 1250
1587875962628 0.7099999841302633 1251
1587875991086 3.159999929368496 1252
1587876019349 0.30999999307096004 1253
1587876047528 0.42999999038875103 1254
1587876076019 0.8999999798834324 1255
1587876104258 1.339999970048666 1256
1587876132428 0.35999999195337296 1257
1587876160574 0.4399999901652336 1258
1587876189441 0.8199999816715717 1259
1587876218017 0.03999999910593033 1260
1587876246596 0.9299999792128801 1261
1587876275138 0.3999999910593033 1262
1587876303313 0.17999999597668648 1263
1587876331768 0.9599999785423279 1264
1587876359894 3.569999920204282 1265
1587876388107 0.8499999810010195 1266
1587876416431 0.6899999845772982 1267
1587876444752 2.5699999425560236 1268
1587876472942 1.5599999651312828 1269
1587876501309 0.8799999803304672 1270
1587876529710 1.169999973848462 1271
1587876557922 0.9399999789893627 1272
1587876586336 1.3599999696016312 1273
1587876614536 0.3899999912828207 1274
1587876642874 0.8699999805539846 1275
1587876671352 1.7299999613314867 1276
1587876699640 1.409999968484044 1277
1587876727831 1.3599999696016312 1278
1587876756214 0.669999985024333 1279
1587876784842 0.8399999812245369 1280
1587876813503 1.9899999555200338 1281
1587876841728 1.339999970048666 1282
1587876870084 0.2799999937415123 1283
1587876898281 2.3999999463558197 1284
1587876926650 0.7799999825656414 1285
1587876954870 0.9599999785423279 1286
1587876983027 1.6799999624490738 1287
1587877011297 1.9199999570846558 1288
1587877039701 0.3899999912828207 1289
1587877068207 0.8699999805539846 1290
1587877096386 2.12999995239079 1291
1587877124419 0.8999999798834324 1292
1587877152550 0.5999999865889549 1293
1587877181006 1.9099999573081732 1294
1587877209601 2.249999949708581 1295
1587877237798 0.0 1296
1587877266142 1.1999999731779099 1297
1587877294854 1.3699999693781137 1298
1587877322961 0.3299999926239252 1299
1587877351899 2.489999944344163 1300
1587877380779 0.6199999861419201 1301
1587877409030 0.7599999830126762 1302
1587877437887 0.12999999709427357 1303
1587877466152 1.3999999687075615 1304
1587877494472 0.06999999843537807 1305
1587877522608 0.7999999821186066 1306
1587877551014 0.2799999937415123 1307
1587877579256 1.219999972730875 1308
1587877607352 1.3599999696016312 1309
1587877635877 1.6799999624490738 1310
1587877664485 0.7599999830126762 1311
1587877694328 0.36999999172985554 1312
1587877722581 0.1599999964237213 1313
1587877750865 2.5999999418854713 1314
1587877779314 0.9899999778717756 1315
1587877807504 1.149999974295497 1316
1587877835880 2.059999953955412 1317
1587877864037 0.0 1318
1587877892523 0.5799999870359898 1319
1587877921046 1.6099999640136957 1320
1587877949307 1.4699999671429396 1321
1587877977478 1.3499999698251486 1322
1587878005951 1.1099999751895666 1323
1587878034163 1.1399999745190144 1324
1587878062807 0.30999999307096004 1325
1587878091269 0.7999999821186066 1326
1587878119354 1.339999970048666 1327
1587878147621 0.8299999814480543 1328
1587878176068 1.0399999767541885 1329
1587878204411 2.2899999488145113 1330
1587878232558 1.2299999725073576 1331
1587878261102 0.23999999463558197 1332
1587878289272 1.459999967366457 1333
1587878317478 0.6999999843537807 1334
1587878345681 1.389999968931079 1335
1587878374021 0.1699999962002039 1336
1587878402325 0.09999999776482582 1337
1587878430664 0.8299999814480543 1338
1587878458874 1.839999958872795 1339
1587878487402 1.1299999747425318 1340
1587878515528 1.5399999655783176 1341
1587878544013 1.3699999693781137 1342
1587878572354 0.9999999776482582 1343
1587878600802 1.4199999682605267 1344
1587878628970 0.7499999832361937 1345
1587878657264 1.1899999734014273 1346
1587878686294 2.2599999494850636 1347
1587878714616 1.2999999709427357 1348
1587878742678 1.289999971166253 1349
1587878771378 0.9499999787658453 1350
1587878799502 0.7299999836832285 1351
1587878827713 1.0799999758601189 1352
1587878855797 1.169999973848462 1353
1587878884046 3.779999915510416 1354
1587878912608 1.7399999611079693 1355
1587878941672 0.42999999038875103 1356
1587878970158 0.23999999463558197 1357
1587878998584 0.0 1358
1587879026991 0.7699999827891588 1359
1587879055462 0.7999999821186066 1360
1587879083742 0.36999999172985554 1361
1587879112053 1.5499999653548002 1362
1587879140233 0.2899999935179949 1363
1587879168339 0.6399999856948853 1364
1587879196525 0.8399999812245369 1365
1587879224575 1.1099999751895666 1366
1587879252848 0.2899999935179949 1367
1587879281185 3.2599999271333218 1368
1587879310205 1.0699999760836363 1369
1587879338595 0.41999999061226845 1370
1587879367055 2.2399999499320984 1371
1587879395261 0.23999999463558197 1372
1587879423453 1.169999973848462 1373
1587879451830 1.1799999736249447 1374
1587879481855 0.0 1375
1587879510910 1.8299999590963125 1376
1587879539327 1.6799999624490738 1377
1587879567720 0.4999999888241291 1378
1587879596071 2.3799999468028545 1379
1587879624481 0.17999999597668648 1380
1587879652710 0.9399999789893627 1381
1587879680829 0.0 1382
1587879708985 1.7499999608844519 1383
1587879737321 2.3599999472498894 1384
1587879765358 0.5899999868124723 1385
1587879793681 0.40999999083578587 1386
1587879822170 1.3199999704957008 1387
1587879850238 0.18999999575316906 1388
1587879878725 0.0 1389
1587879907093 1.219999972730875 1390
1587879935761 1.5199999660253525 1391
1587879963870 2.2899999488145113 1392
1587879992186 0.7599999830126762 1393
1587880020349 1.1899999734014273 1394
1587880048548 0.8599999807775021 1395
1587880076575 1.1199999749660492 1396
1587880104742 0.30999999307096004 1397
1587880134533 0.08999999798834324 1398
1587880162940 0.41999999061226845 1399
1587880191673 0.24999999441206455 1400
1587880220338 1.579999964684248 1401
1587880248532 0.6999999843537807 1402
1587880276917 0.7799999825656414 1403
1587880305017 1.1799999736249447 1404
1587880333272 0.6899999845772982 1405
1587880361492 0.0 1406
1587880389930 2.249999949708581 1407
1587880418143 0.4599999897181988 1408
1587880446339 1.0699999760836363 1409
1587880475102 0.789999982342124 1410
1587880503448 0.42999999038875103 1411
1587880531700 1.409999968484044 1412
1587880560793 1.7499999608844519 1413
1587880589359 3.589999919757247 1414
1587880617658 1.5199999660253525 1415
1587880646240 1.0099999774247408 1416
1587880674576 0.6399999856948853 1417
1587880702794 0.8499999810010195 1418
1587880731016 0.07999999821186066 1419
1587880759577 1.0199999772012234 1420
1587880788065 0.6999999843537807 1421
1587880816382 0.9999999776482582 1422
1587880844672 1.409999968484044 1423
1587880872835 0.7499999832361937 1424
1587880901292 1.6099999640136957 1425
1587880929518 2.029999954625964 1426
1587880957779 1.0599999763071537 1427
1587880986044 1.5699999649077654 1428
1587881014480 0.3399999924004078 1429
1587881042712 1.3099999707192183 1430
1587881071148 1.839999958872795 1431
1587881099493 2.2599999494850636 1432
1587881127831 1.2099999729543924 1433
1587881156040 2.6699999403208494 1434
1587881184542 1.1199999749660492 1435
1587881213013 2.579999942332506 1436
1587881241353 2.3999999463558197 1437
1587881269624 2.0399999544024467 1438
1587881299330 0.46999998949468136 1439
1587881328181 1.5399999655783176 1440
1587881356498 0.5399999879300594 1441
1587881385200 0.7799999825656414 1442
1587881413301 1.839999958872795 1443
1587881441569 1.7399999611079693 1444
1587881469780 0.6999999843537807 1445
1587881498119 1.4899999666959047 1446
1587881526431 1.2099999729543924 1447
1587881554693 1.459999967366457 1448
1587881583168 0.6199999861419201 1449
1587881611696 1.0499999765306711 1450
1587881640061 0.5799999870359898 1451
1587881668375 0.5099999886006117 1452
1587881696965 1.3999999687075615 1453
1587881725243 2.43999994546175 1454
1587881753467 2.0999999530613422 1455
1587881781671 1.2099999729543924 1456
1587881810345 1.7999999597668648 1457
1587881838603 1.6099999640136957 1458
1587881866875 0.35999999195337296 1459
1587881895593 0.6299999859184027 1460
1587881923789 0.8799999803304672 1461
1587881952188 3.1899999286979437 1462
1587881980609 0.5199999883770943 1463
1587882008877 1.5599999651312828 1464
1587882036995 0.23999999463558197 1465
1587882065494 1.1799999736249447 1466
1587882093791 1.3699999693781137 1467
1587882122029 1.409999968484044 1468
1587882150217 0.669999985024333 1469
1587882178615 1.7499999608844519 1470
1587882207211 1.0399999767541885 1471
1587882235597 1.6899999622255564 1472
1587882263784 0.8599999807775021 1473
1587882292209 0.8299999814480543 1474
1587882320431 0.3399999924004078 1475
1587882348653 1.2299999725073576 1476
1587882376941 0.979999978095293 1477
1587882405263 0.9499999787658453 1478
1587882434196 0.8899999801069498 1479
1587882462723 1.3999999687075615 1480
1587882490982 1.2399999722838402 1481
1587882519151 1.7599999606609344 1482
1587882547284 0.6799999848008156 1483
1587882575641 1.2799999713897705 1484
1587882604160 0.6499999854713678 1485
1587882632264 0.9499999787658453 1486
1587882660586 1.6899999622255564 1487
1587882688979 1.3299999702721834 1488
1587882717500 1.0099999774247408 1489
1587882746050 1.169999973848462 1490
1587882774318 1.699999962002039 1491
1587882802514 0.3199999928474426 1492
1587882830763 1.2799999713897705 1493
1587882859113 0.19999999552965164 1494
1587882887850 0.9999999776482582 1495
1587882916080 0.9399999789893627 1496
1587882944182 0.4499999899417162 1497
1587882972542 1.4199999682605267 1498
1587883000696 0.669999985024333 1499
1587883029078 1.389999968931079 1500
1587883058610 0.5299999881535769 1501
1587883086855 1.099999975413084 1502
1587883117039 1.8799999579787254 1503
1587883145278 1.2299999725073576 1504
1587883173509 1.0899999756366014 1505
1587883201911 0.9999999776482582 1506
1587883230315 3.4999999217689037 1507
1587883259470 0.6399999856948853 1508
1587883289389 1.7199999615550041 1509
1587883318822 1.029999976977706 1510
1587883347331 1.1399999745190144 1511
1587883375732 0.9599999785423279 1512
1587883404191 0.7599999830126762 1513
1587883432288 2.8099999371916056 1514
1587883460713 1.7499999608844519 1515
1587883489368 2.3599999472498894 1516
1587883517741 1.4999999664723873 1517
1587883545862 1.289999971166253 1518
1587883574231 1.2799999713897705 1519
1587883602591 0.8199999816715717 1520
1587883631129 0.8599999807775021 1521
1587883659513 1.7399999611079693 1522
1587883688264 1.8699999582022429 1523
1587883716495 2.2599999494850636 1524
1587883745081 1.7799999602138996 1525
1587883773554 3.0699999313801527 1526
1587883802064 0.3899999912828207 1527
1587883830370 2.0699999537318945 1528
1587883858457 0.5799999870359898 1529
1587883887235 1.459999967366457 1530
1587883915317 1.1999999731779099 1531
1587883943566 0.8199999816715717 1532
1587883971726 1.2799999713897705 1533
1587883999949 0.0 1534
1587884028171 1.2099999729543924 1535
1587884056342 0.3299999926239252 1536
1587884084878 1.219999972730875 1537
1587884113333 1.4299999680370092 1538
1587884141984 2.179999951273203 1539
1587884170701 0.3999999910593033 1540
1587884199029 2.43999994546175 1541
1587884227275 1.0199999772012234 1542
1587884255625 0.07999999821186066 1543
1587884284324 0.17999999597668648 1544
1587884312555 0.36999999172985554 1545
1587884340779 0.9699999783188105 1546
1587884369100 1.0199999772012234 1547
1587884397616 0.8399999812245369 1548
1587884425862 0.5599999874830246 1549
1587884454309 0.909999979659915 1550
1587884482613 1.0399999767541885 1551
1587884510968 0.08999999798834324 1552
1587884539101 0.46999998949468136 1553
1587884567289 0.5899999868124723 1554
1587884595577 0.8799999803304672 1555
1587884623889 0.3499999921768904 1556
1587884652038 0.7699999827891588 1557
1587884680477 0.9299999792128801 1558
1587884708748 0.6799999848008156 1559
1587884737270 0.5399999879300594 1560
1587884765509 1.6599999628961086 1561
1587884793806 0.7099999841302633 1562
1587884822111 0.6099999863654375 1563
1587884850401 0.24999999441206455 1564
1587884878870 1.0399999767541885 1565
1587884907574 0.5699999872595072 1566
1587884937834 0.8499999810010195 1567
1587884966221 0.7099999841302633 1568
1587884994608 1.6699999626725912 1569
1587885023167 1.699999962002039 1570
1587885051339 0.5199999883770943 1571
1587885079701 0.29999999329447746 1572
1587885108058 1.029999976977706 1573
1587885136192 2.199999950826168 1574
1587885164384 0.30999999307096004 1575
1587885192678 1.9999999552965164 1576
1587885220837 0.979999978095293 1577
1587885249159 1.4499999675899744 1578
1587885278130 1.459999967366457 1579
1587885306808 1.699999962002039 1580
1587885334902 0.9999999776482582 1581
1587885363139 2.2399999499320984 1582
1587885391405 2.029999954625964 1583
1587885419649 0.9499999787658453 1584
1587885447937 0.6099999863654375 1585
1587885476905 1.649999963119626 1586
1587885505402 1.5899999644607306 1587
1587885534118 0.7799999825656414 1588
1587885562721 3.039999932050705 1589
1587885591473 2.9799999333918095 1590
1587885619638 1.339999970048666 1591
1587885648013 0.789999982342124 1592
1587885676299 1.5899999644607306 1593
1587885704603 0.42999999038875103 1594
1587885732825 1.3599999696016312 1595
1587885761017 0.7999999821186066 1596
1587885789484 0.8699999805539846 1597
1587885817782 1.0699999760836363 1598
1587885846016 0.3999999910593033 1599
1587885874501 2.4699999447911978 1600
1587885903353 1.5699999649077654 1601
1587885931494 0.7799999825656414 1602
1587885959805 0.9699999783188105 1603
1587885987930 0.8799999803304672 1604
1587886016044 0.0 1605
1587886044197 1.5599999651312828 1606
1587886072467 0.4399999901652336 1607
1587886100817 1.3599999696016312 1608
1587886129556 1.169999973848462 1609
1587886158221 1.0099999774247408 1610
1587886186687 1.6699999626725912 1611
1587886214965 1.7399999611079693 1612
1587886243420 0.669999985024333 1613
1587886271883 0.3799999915063381 1614
1587886300170 1.8499999586492777 1615
1587886328523 0.5799999870359898 1616
1587886356798 0.7199999839067459 1617
1587886385271 1.8599999584257603 1618
1587886413456 1.2999999709427357 1619
1587886441772 0.6799999848008156 1620
1587886470021 1.0399999767541885 1621
1587886498690 0.6799999848008156 1622
1587886526992 2.8899999354034662 1623
1587886555330 0.6599999852478504 1624
1587886583596 1.1399999745190144 1625
1587886611847 0.1699999962002039 1626
1587886640069 1.5199999660253525 1627
1587886668348 0.1699999962002039 1628
1587886696662 1.1799999736249447 1629
1587886725251 0.5899999868124723 1630
1587886755895 0.4399999901652336 1631
1587886784402 0.3899999912828207 1632
1587886812589 0.8399999812245369 1633
1587886840914 0.2299999948590994 1634
1587886871293 0.40999999083578587 1635
1587886900330 0.029999999329447746 1636
1587886929153 0.9599999785423279 1637
1587886957392 1.8999999575316906 1638
1587886985860 0.0 1639
1587887014240 0.7399999834597111 1640
1587887042447 0.4599999897181988 1641
1587887070692 1.0899999756366014 1642
1587887099178 0.0 1643
1587887127417 0.5199999883770943 1644
1587887155599 0.4899999890476465 1645
1587887183784 0.47999998927116394 1646
1587887211984 0.669999985024333 1647
1587887240268 1.7499999608844519 1648
1587887268569 0.3199999928474426 1649
1587887297089 0.8699999805539846 1650
1587887325404 0.23999999463558197 1651
1587887353517 1.4799999669194221 1652
1587887382533 0.5199999883770943 1653
1587887410925 0.9999999776482582 1654
1587887439159 1.4799999669194221 1655
1587887467525 1.7299999613314867 1656
1587887495719 0.8299999814480543 1657
1587887523854 1.0799999758601189 1658
1587887552013 0.2299999948590994 1659
1587887580915 0.7599999830126762 1660
1587887609375 0.09999999776482582 1661
1587887637854 0.3399999924004078 1662
1587887666347 1.2399999722838402 1663
1587887694780 1.0799999758601189 1664
1587887723044 0.6099999863654375 1665
1587887751372 1.029999976977706 1666
1587887779669 0.4599999897181988 1667
1587887807905 1.409999968484044 1668
1587887836128 0.23999999463558197 1669
1587887864962 0.7099999841302633 1670
1587887893399 1.2599999718368053 1671
1587887921747 1.169999973848462 1672
1587887950063 1.0599999763071537 1673
1587887978923 1.459999967366457 1674
1587888007233 0.3299999926239252 1675
1587888035342 0.4399999901652336 1676
1587888063746 1.6699999626725912 1677
1587888092198 1.3099999707192183 1678
1587888120369 0.4999999888241291 1679
1587888149009 1.529999965801835 1680
1587888177279 2.1699999514967203 1681
1587888205657 0.7099999841302633 1682
1587888233911 0.5299999881535769 1683
1587888262194 1.9999999552965164 1684
1587888290628 1.1399999745190144 1685
1587888318748 1.9299999568611383 1686
1587888347121 2.659999940544367 1687
1587888375532 0.9299999792128801 1688
1587888403828 0.5599999874830246 1689
1587888432419 1.6099999640136957 1690
1587888467428 1.9999999552965164 1691
1587888502306 1.459999967366457 1692
1587888537698 0.8299999814480543 1693
1587888574972 1.7799999602138996 1694
1587888606846 1.2799999713897705 1695
1587888644154 0.6099999863654375 1696
1587888697808 1.1899999734014273 1697
1587888734494 0.4599999897181988 1698
1587888768303 1.0499999765306711 1699
1587888799512 0.0 1700
1587888830675 1.5599999651312828 1701
1587888861608 1.1099999751895666 1702
1587888892970 1.579999964684248 1703
1587888924040 0.6099999863654375 1704
1587888954583 1.269999971613288 1705
1587888985645 0.7299999836832285 1706
1587889016266 0.9899999778717756 1707
1587889046931 1.1799999736249447 1708
1587889077427 1.3799999691545963 1709
1587889108961 2.2599999494850636 1710
1587889139625 2.229999950155616 1711
1587889170427 1.1999999731779099 1712
1587889201255 0.9699999783188105 1713
1587889232734 0.4399999901652336 1714
1587889263523 1.6099999640136957 1715
1587889294398 0.5599999874830246 1716
1587889324847 0.7699999827891588 1717
1587889355467 1.529999965801835 1718
1587889385253 1.3999999687075615 1719
1587889414971 1.8499999586492777 1720
1587889443245 1.339999970048666 1721
1587889471435 1.839999958872795 1722
1587889499989 0.5999999865889549 1723
1587889528308 1.1399999745190144 1724
1587889556593 0.9999999776482582 1725
1587889584730 1.529999965801835 1726
1587889612968 2.679999940097332 1727
1587889641444 0.8499999810010195 1728
1587889669675 0.5399999879300594 1729
1587889698132 1.9799999557435513 1730
1587889726559 1.2999999709427357 1731
1587889754826 0.8399999812245369 1732
1587889783311 1.6099999640136957 1733
1587889811944 0.5199999883770943 1734
1587889840630 0.7099999841302633 1735
1587889868985 0.5299999881535769 1736
1587889897400 1.3999999687075615 1737
1587889925677 1.5899999644607306 1738
1587889960418 0.6899999845772982 1739
1587889992910 1.6299999635666609 1740
1587890025228 2.1399999521672726 1741
1587890064724 0.8299999814480543 1742
1587890097245 0.4599999897181988 1743
1587890128066 1.339999970048666 1744
1587890158961 1.7599999606609344 1745
1587890189031 0.5799999870359898 1746
1587890218857 1.6199999637901783 1747
1587890248731 2.7699999380856752 1748
1587890278946 1.2399999722838402 1749
1587890309200 0.0 1750
1587890339400 0.5999999865889549 1751
1587890371447 0.42999999038875103 1752
1587890401862 0.0 1753
1587890431599 2.109999952837825 1754
1587890461712 0.0 1755
1587890491612 0.3799999915063381 1756
1587890521249 1.8099999595433474 1757
1587890550938 1.1399999745190144 1758
1587890580592 0.3999999910593033 1759
1587890610675 0.9999999776482582 1760
1587890640543 0.9199999794363976 1761
1587890670256 0.20999999530613422 1762
1587890701681 0.7399999834597111 1763
1587890731257 2.0199999548494816 1764
1587890761226 1.2099999729543924 1765
1587890791412 2.6399999409914017 1766
1587890819650 0.2199999950826168 1767
1587890847285 1.4199999682605267 1768
1587890875020 0.0 1769
1587890903028 1.7599999606609344 1770
1587890930784 0.8099999818950891 1771
1587890958802 0.0 1772
1587890986721 1.5199999660253525 1773
1587891014620 0.4499999899417162 1774
1587891042683 0.7999999821186066 1775
1587891070919 0.09999999776482582 1776
1587891098848 1.769999960437417 1777
1587891126611 0.8599999807775021 1778
1587891154417 0.24999999441206455 1779
1587891182530 0.1699999962002039 1780
1587891210234 1.149999974295497 1781
1587891237965 0.3999999910593033 1782
1587891265862 1.1899999734014273 1783
1587891293870 0.2899999935179949 1784
1587891321756 1.6599999628961086 1785
1587891349645 2.059999953955412 1786
1587891377484 1.3999999687075615 1787
1587891405453 1.3999999687075615 1788
1587891433290 1.5199999660253525 1789
1587891461131 1.81999995931983 1790
1587891488910 0.7599999830126762 1791
1587891516852 0.3799999915063381 1792
1587891544680 1.2599999718368053 1793
1587891572490 1.4299999680370092 1794
1587891601959 1.269999971613288 1795
1587891629679 1.50999996624887 1796
1587891657641 0.9899999778717756 1797
1587891686140 0.8399999812245369 1798
1587891714064 0.47999998927116394 1799
1587891741980 1.0899999756366014 1800
1587891770218 0.5699999872595072 1801
1587891798119 1.029999976977706 1802
1587891825881 0.8199999816715717 1803
1587891853669 1.6699999626725912 1804
1587891881703 0.7599999830126762 1805
1587891909783 1.5599999651312828 1806
1587891937560 0.5899999868124723 1807
1587891965516 1.6299999635666609 1808
1587891993275 1.5399999655783176 1809
1587892021335 2.2799999490380287 1810
1587892049386 0.4499999899417162 1811
1587892077190 3.3599999248981476 1812
1587892105698 1.81999995931983 1813
1587892133720 1.0699999760836363 1814
1587892161679 1.4799999669194221 1815
1587892191641 0.6799999848008156 1816
1587892219525 0.5899999868124723 1817
1587892247363 0.6599999852478504 1818
1587892275331 1.3799999691545963 1819
1587892304052 1.4799999669194221 1820
1587892332082 1.9199999570846558 1821
1587892359917 1.029999976977706 1822
1587892387810 0.7299999836832285 1823
1587892415760 0.789999982342124 1824
1587892443431 0.6399999856948853 1825
1587892471419 1.5599999651312828 1826
1587892499506 0.8299999814480543 1827
1587892527326 1.9299999568611383 1828
1587892555387 1.4699999671429396 1829
1587892583515 0.23999999463558197 1830
1587892611422 0.8699999805539846 1831
1587892639408 0.25999999418854713 1832
1587892669673 1.4299999680370092 1833
1587892705439 0.7999999821186066 1834
1587892736846 2.389999946579337 1835
1587892770414 1.3099999707192183 1836
1587892815689 0.6199999861419201 1837
1587892853223 2.349999947473407 1838
1587892887511 0.0 1839
1587892919363 0.2699999939650297 1840
1587892949439 1.409999968484044 1841
1587892979628 0.6399999856948853 1842
1587893009929 1.50999996624887 1843
1587893040229 1.0399999767541885 1844
1587893070388 0.0 1845
1587893100611 0.42999999038875103 1846
1587893130648 1.4899999666959047 1847
1587893160680 1.1199999749660492 1848
1587893190979 1.6199999637901783 1849
1587893221360 0.6099999863654375 1850
1587893251627 2.149999951943755 1851
1587893281752 1.5399999655783176 1852
1587893311933 0.9899999778717756 1853
1587893341806 2.149999951943755 1854
1587893371874 0.9499999787658453 1855
1587893402487 0.8399999812245369 1856
1587893432627 0.5899999868124723 1857
1587893462587 1.0099999774247408 1858
1587893492558 0.8799999803304672 1859
1587893523747 1.7199999615550041 1860
1587893553617 0.7999999821186066 1861
1587893582484 0.4999999888241291 1862
1587893610452 0.2299999948590994 1863
1587893644913 1.9899999555200338 1864
1587893675666 2.43999994546175 1865
1587893706516 1.6599999628961086 1866
1587893737975 1.9099999573081732 1867
1587893769795 2.3999999463558197 1868
1587893801483 0.9299999792128801 1869
1587893832527 1.9699999559670687 1870
1587893863298 0.3899999912828207 1871
1587893894058 1.169999973848462 1872
1587893925003 1.3199999704957008 1873
1587893955760 3.089999930933118 1874
1587893988775 1.9999999552965164 1875
1587894019879 2.179999951273203 1876
1587894051491 2.059999953955412 1877
1587894082112 1.149999974295497 1878
1587894112670 1.699999962002039 1879
1587894143947 1.6599999628961086 1880
1587894174623 0.9999999776482582 1881
1587894205544 0.3999999910593033 1882
1587894236279 0.3199999928474426 1883
1587894266915 0.0 1884
1587894298086 0.6999999843537807 1885
1587894328790 0.7199999839067459 1886
1587894360230 0.9699999783188105 1887
1587894391084 1.2599999718368053 1888
1587894421668 1.4899999666959047 1889
1587894452609 2.3299999479204416 1890
1587894483368 2.0499999541789293 1891
1587894513928 1.4999999664723873 1892
1587894544856 2.8599999360740185 1893
1587894585878 2.0999999530613422 1894
1587894618258 1.1999999731779099 1895
1587894649401 0.3999999910593033 1896
1587894680299 2.0699999537318945 1897
1587894711387 2.199999950826168 1898
1587894742281 1.6299999635666609 1899
1587894773894 1.1599999740719795 1900
1587894805715 0.8899999801069498 1901
1587894836835 0.8899999801069498 1902
1587894867784 0.19999999552965164 1903
1587894899003 1.4999999664723873 1904
1587894929950 2.3099999483674765 1905
1587894960842 0.5299999881535769 1906
1587894991770 2.3799999468028545 1907
1587895022847 1.0499999765306711 1908
1587895053771 1.2599999718368053 1909
1587895085211 1.0199999772012234 1910
1587895116086 0.8099999818950891 1911
1587895146984 0.2799999937415123 1912
1587895177825 0.14999999664723873 1913
1587895209553 1.2599999718368053 1914
1587895239178 0.4499999899417162 1915
1587895269338 0.3799999915063381 1916
1587895298221 0.6199999861419201 1917
1587895326507 0.2699999939650297 1918
1587895355444 0.46999998949468136 1919
1587895384066 3.2399999275803566 1920
1587895412564 0.669999985024333 1921
1587895441127 0.23999999463558197 1922
1587895469449 0.0 1923
1587895497973 0.19999999552965164 1924
1587895526520 0.5099999886006117 1925
1587895555173 1.1299999747425318 1926
1587895583920 0.6599999852478504 1927
1587895612212 0.12999999709427357 1928
1587895640592 1.289999971166253 1929
1587895669394 0.5399999879300594 1930
1587895698037 1.6199999637901783 1931
1587895726563 2.249999949708581 1932
1587895755072 1.0699999760836363 1933
1587895783385 0.5599999874830246 1934
1587895814089 2.4699999447911978 1935
1587895842561 0.24999999441206455 1936
1587895870938 1.4199999682605267 1937
1587895899394 0.42999999038875103 1938
1587895927772 0.6099999863654375 1939
1587895957453 2.6499999407678843 1940
1587895986259 1.0499999765306711 1941
1587896014776 0.6299999859184027 1942
1587896043185 1.0899999756366014 1943
1587896071706 1.1899999734014273 1944
1587896100313 1.2099999729543924 1945
1587896128515 1.889999957755208 1946
1587896157044 1.3299999702721834 1947
1587896185426 1.1099999751895666 1948
1587896213609 0.0 1949
1587896242258 1.7899999599903822 1950
1587896270905 0.789999982342124 1951
1587896299708 1.7199999615550041 1952
1587896327930 2.269999949261546 1953
1587896356297 1.579999964684248 1954
1587896384584 2.899999935179949 1955
1587896413530 1.0899999756366014 1956
1587896442280 1.099999975413084 1957
1587896470587 0.8399999812245369 1958
1587896499002 1.7199999615550041 1959
1587896527910 0.8299999814480543 1960
1587896556456 0.4899999890476465 1961
1587896585366 1.3699999693781137 1962
1587896613995 0.5699999872595072 1963
1587896642301 0.4999999888241291 1964
1587896670636 0.3899999912828207 1965
1587896699127 1.2399999722838402 1966
1587896727722 1.8499999586492777 1967
1587896756143 2.4999999441206455 1968
1587896784547 1.0699999760836363 1969
1587896813306 2.059999953955412 1970
1587896841794 1.2299999725073576 1971
1587896870125 0.7599999830126762 1972
1587896898458 1.409999968484044 1973
1587896926657 3.2199999280273914 1974
1587896955112 1.0699999760836363 1975
1587896983409 0.8699999805539846 1976
1587897012168 0.5199999883770943 1977
1587897040627 1.0499999765306711 1978
1587897068981 0.4599999897181988 1979
1587897097566 1.3699999693781137 1980
1587897125980 0.7299999836832285 1981
1587897154456 2.149999951943755 1982
1587897183755 1.2099999729543924 1983
1587897212103 1.9299999568611383 1984
1587897240423 1.8299999590963125 1985
1587897268912 0.46999998949468136 1986
1587897297369 1.5599999651312828 1987
1587897325943 1.6099999640136957 1988
1587897354217 0.5699999872595072 1989
1587897382785 1.7599999606609344 1990
1587897411255 0.19999999552965164 1991
1587897439672 2.799999937415123 1992
1587897467990 0.7299999836832285 1993
1587897496294 1.7299999613314867 1994
1587897524692 1.6899999622255564 1995
1587897553111 1.2299999725073576 1996
1587897581383 0.7799999825656414 1997
1587897611556 1.5399999655783176 1998
1587897648035 1.2099999729543924 1999
1587897706137 3.63999991863966 2000
1587897744993 1.4199999682605267 2001
1587897777712 1.959999956190586 2002
1587897815601 0.0 2003
1587897847345 1.8999999575316906 2004
1587897879672 2.0499999541789293 2005
1587897922490 0.5899999868124723 2006
1587897959147 0.909999979659915 2007
1587897997958 3.1699999291449785 2008
1587898029257 1.0899999756366014 2009
1587898064382 1.2399999722838402 2010
1587898097355 1.4799999669194221 2011
1587898129179 1.1899999734014273 2012
1587898160579 1.3699999693781137 2013
1587898191736 1.8799999579787254 2014
1587898223209 1.3499999698251486 2015
1587898256249 1.1099999751895666 2016
1587898288426 0.4999999888241291 2017
1587898319847 0.6099999863654375 2018
1587898351171 0.19999999552965164 2019
1587898382993 1.4699999671429396 2020
1587898414420 1.8299999590963125 2021
1587898446590 0.0 2022
1587898477948 0.1099999975413084 2023
1587898509825 0.5699999872595072 2024
1587898540846 0.2699999939650297 2025
1587898572320 0.0 2026
1587898603512 0.0 2027
1587898634790 0.4599999897181988 2028
1587898666085 0.8199999816715717 2029
1587898697416 2.2099999506026506 2030
1587898728346 3.2199999280273914 2031
1587898759218 0.8499999810010195 2032
1587898788929 0.9399999789893627 2033
1587898817776 1.0699999760836363 2034
1587898846497 1.1599999740719795 2035
1587898875266 1.6699999626725912 2036
1587898903755 0.03999999910593033 2037
1587898932394 2.2399999499320984 2038
1587898961130 1.029999976977706 2039
1587898989899 1.1299999747425318 2040
1587899020826 2.2099999506026506 2041
1587899049845 1.5599999651312828 2042
1587899078739 0.7199999839067459 2043
1587899107769 1.2999999709427357 2044
1587899136538 0.549999987706542 2045
1587899165109 1.8499999586492777 2046
1587899193706 1.6699999626725912 2047
1587899222334 1.4899999666959047 2048
1587899251272 1.269999971613288 2049
1587899280832 1.3599999696016312 2050
1587899309624 2.0899999532848597 2051
1587899338292 1.2299999725073576 2052
1587899367257 0.5899999868124723 2053
1587899396108 0.14999999664723873 2054
1587899426663 0.3999999910593033 2055
1587899455438 2.729999938979745 2056
1587899483997 1.0699999760836363 2057
1587899512609 1.0099999774247408 2058
1587899541051 1.6599999628961086 2059
1587899570338 2.8599999360740185 2060
1587899599133 0.9199999794363976 2061
1587899628151 0.23999999463558197 2062
1587899656704 1.0499999765306711 2063
1587899685307 0.8899999801069498 2064
1587899714468 0.4899999890476465 2065
1587899743180 1.7399999611079693 2066
1587899771738 0.8799999803304672 2067
1587899800341 0.7499999832361937 2068
1587899828810 1.4399999678134918 2069
1587899857984 0.3999999910593033 2070
1587899887362 1.7299999613314867 2071
1587899916122 2.3099999483674765 2072
1587899944713 1.0599999763071537 2073
1587899973302 1.3299999702721834 2074
1587900001982 0.8599999807775021 2075
1587900030544 2.899999935179949 2076
1587900059263 0.8199999816715717 2077
1587900087826 1.8299999590963125 2078
1587900116450 0.13999999687075615 2079
1587900145335 1.3599999696016312 2080
1587900173825 0.6799999848008156 2081
1587900202634 1.9899999555200338 2082
1587900231697 1.4699999671429396 2083
1587900260442 0.8799999803304672 2084
1587900288997 0.7099999841302633 2085
1587900317969 0.17999999597668648 2086
1587900346724 0.36999999172985554 2087
1587900375859 0.30999999307096004 2088
1587900404464 0.17999999597668648 2089
1587900433308 0.13999999687075615 2090
1587900462079 1.5999999642372131 2091
1587900491396 0.3799999915063381 2092
1587900520715 1.0399999767541885 2093
1587900549738 0.7999999821186066 2094
1587900578694 0.7199999839067459 2095
1587900608526 0.9399999789893627 2096
1587900637276 1.2599999718368053 2097
1587900665978 2.269999949261546 2098
1587900694642 0.8599999807775021 2099
1587900723622 1.2099999729543924 2100
1587900753859 1.81999995931983 2101
1587900789562 1.6599999628961086 2102
1587900821977 1.289999971166253 2103
1587900853922 1.2399999722838402 2104
1587900893076 1.3999999687075615 2105
1587900936316 1.4299999680370092 2106
1587900977693 1.3599999696016312 2107
1587901012459 0.6099999863654375 2108
1587901042088 0.669999985024333 2109
1587901071790 1.50999996624887 2110
1587901101429 2.1699999514967203 2111
1587901130953 2.299999948590994 2112
1587901160499 1.939999956637621 2113
1587901190063 2.0999999530613422 2114
1587901219873 1.8499999586492777 2115
1587901251334 0.5399999879300594 2116
1587901281096 1.149999974295497 2117
1587901310718 1.9499999564141035 2118
1587901340406 1.219999972730875 2119
1587901370053 0.8999999798834324 2120
1587901400176 0.6499999854713678 2121
1587901429763 2.0199999548494816 2122
1587901459972 0.7199999839067459 2123
1587901489525 2.369999947026372 2124
1587901519202 0.5799999870359898 2125
1587901548572 0.46999998949468136 2126
1587901578255 1.6799999624490738 2127
1587901607900 0.6499999854713678 2128
1587901637188 1.3199999704957008 2129
1587901666220 1.9799999557435513 2130
1587901694913 1.529999965801835 2131
1587901723583 0.9699999783188105 2132
1587901752285 3.0499999318271875 2133
1587901780762 0.7599999830126762 2134
1587901809532 2.0699999537318945 2135
1587901838118 0.6499999854713678 2136
1587901866841 0.2799999937415123 2137
1587901896078 1.7399999611079693 2138
1587901924637 1.6599999628961086 2139
1587901953327 2.559999942779541 2140
1587901981994 0.7399999834597111 2141
1587902010656 1.5599999651312828 2142
1587902039327 0.6899999845772982 2143
1587902068332 0.2799999937415123 2144
1587902097211 1.529999965801835 2145
1587902126191 1.149999974295497 2146
1587902154803 1.099999975413084 2147
1587902183500 1.289999971166253 2148
1587902212103 0.2899999935179949 2149
1587902240994 2.109999952837825 2150
1587902269626 0.7599999830126762 2151
1587902298294 0.3499999921768904 2152
1587902326826 3.179999928921461 2153
1587902355471 0.7799999825656414 2154
1587902384544 0.3499999921768904 2155
1587902413648 0.5199999883770943 2156
1587902442183 1.4699999671429396 2157
1587902470739 1.8999999575316906 2158
1587902499977 0.23999999463558197 2159
1587902528942 1.3999999687075615 2160
1587902558477 0.4399999901652336 2161
1587902587668 0.3499999921768904 2162
1587902616371 0.6199999861419201 2163
1587902644906 0.46999998949468136 2164
1587902674262 1.9199999570846558 2165
1587902702869 1.6199999637901783 2166
1587902732351 0.9299999792128801 2167
1587902761071 0.6999999843537807 2168
1587902789957 2.2399999499320984 2169
1587902818847 0.8199999816715717 2170
1587902847489 1.2499999720603228 2171
1587902875986 2.489999944344163 2172
1587902904739 1.5699999649077654 2173
1587902933447 1.339999970048666 2174
1587902962014 1.6799999624490738 2175
1587902990488 1.149999974295497 2176
1587903019301 1.2299999725073576 2177
1587903049538 0.5599999874830246 2178
1587903078723 0.6199999861419201 2179
1587903108212 1.0399999767541885 2180
1587903136833 1.7199999615550041 2181
1587903165180 0.4999999888241291 2182
1587903193783 0.8799999803304672 2183
1587903222415 0.4899999890476465 2184
1587903256419 1.2599999718368053 2185
1587903285356 0.9999999776482582 2186
1587903314177 1.269999971613288 2187
1587903342598 0.07999999821186066 2188
1587903377320 3.01999993249774 2189
1587903410296 0.7299999836832285 2190
1587903441587 1.9299999568611383 2191
1587903473187 1.1599999740719795 2192
1587903504777 1.2799999713897705 2193
1587903535853 0.8099999818950891 2194
1587903567290 0.9599999785423279 2195
1587903598879 1.219999972730875 2196
1587903630657 0.35999999195337296 2197
1587903662177 0.2299999948590994 2198
1587903693741 1.3699999693781137 2199
1587903725411 1.0099999774247408 2200
1587903756940 1.9199999570846558 2201
1587903788111 0.46999998949468136 2202
1587903820985 1.1099999751895666 2203
1587903852648 1.339999970048666 2204
1587903883871 0.3299999926239252 2205
1587903916187 0.9399999789893627 2206
1587903947354 0.6099999863654375 2207
1587903979058 2.1899999510496855 2208
1587904010260 1.4499999675899744 2209
1587904040746 0.8599999807775021 2210
1587904069515 0.1599999964237213 2211
1587904098249 0.6499999854713678 2212
1587904126718 0.8199999816715717 2213
1587904155416 1.50999996624887 2214
1587904184265 1.839999958872795 2215
1587904213320 1.0099999774247408 2216
1587904242420 0.4599999897181988 2217
1587904271526 0.9599999785423279 2218
1587904300362 2.3599999472498894 2219
1587904329493 0.3499999921768904 2220
1587904358128 1.839999958872795 2221
1587904386750 1.9299999568611383 2222
1587904415357 2.229999950155616 2223
1587904443968 1.6399999633431435 2224
1587904472640 1.7599999606609344 2225
1587904501851 0.6199999861419201 2226
1587904530670 1.50999996624887 2227
1587904559254 2.629999941214919 2228
1587904587962 2.459999945014715 2229
1587904617455 1.389999968931079 2230
1587904646151 2.2199999503791332 2231
1587904674741 0.6299999859184027 2232
1587904703454 1.169999973848462 2233
1587904732010 4.249999905005097 2234
1587904760664 1.2599999718368053 2235
1587904789148 1.169999973848462 2236
1587904818120 1.1599999740719795 2237
1587904846778 2.1199999526143074 2238
1587904877413 0.3999999910593033 2239
1587904906504 1.2599999718368053 2240
1587904935247 1.4199999682605267 2241
1587904963875 0.5699999872595072 2242
1587904992641 1.5399999655783176 2243
1587905021290 0.6599999852478504 2244
1587905050010 1.1899999734014273 2245
1587905078774 0.8799999803304672 2246
1587905108067 0.5799999870359898 2247
1587905136792 1.169999973848462 2248
1587905165417 1.1399999745190144 2249
1587905194448 1.2399999722838402 2250
1587905223124 1.649999963119626 2251
1587905251754 0.9599999785423279 2252
1587905280292 1.1399999745190144 2253
1587905308995 0.9899999778717756 2254
1587905337757 0.9199999794363976 2255
1587905366267 0.9599999785423279 2256
1587905394918 0.3199999928474426 2257
1587905423868 0.4499999899417162 2258
1587905452351 1.0799999758601189 2259
1587905481413 3.129999930039048 2260
1587905510227 1.0799999758601189 2261
1587905538877 0.35999999195337296 2262
1587905568363 1.579999964684248 2263
1587905597134 0.0 2264
1587905625729 1.0399999767541885 2265
1587905654510 0.0 2266
1587905683181 0.3399999924004078 2267
1587905712451 1.5899999644607306 2268
1587905741272 1.3799999691545963 2269
1587905770180 0.0 2270
1587905798873 0.0 2271
1587905827567 0.7699999827891588 2272
1587905856162 0.8799999803304672 2273
1587905884433 0.0 2274
1587905913100 1.2799999713897705 2275
1587905941907 0.25999999418854713 2276
1587905970591 0.6799999848008156 2277
1587905999176 0.8199999816715717 2278
1587906028888 1.1099999751895666 2279
1587906058097 0.0 2280
1587906087383 1.8099999595433474 2281
1587906116021 1.2399999722838402 2282
1587906145010 0.23999999463558197 2283
1587906174261 1.2299999725073576 2284
1587906202934 2.199999950826168 2285
1587906231840 1.339999970048666 2286
1587906261225 1.409999968484044 2287
1587906290280 0.25999999418854713 2288
1587906319600 0.4899999890476465 2289
1587906348461 0.8399999812245369 2290
1587906377045 0.2699999939650297 2291
1587906406279 0.8899999801069498 2292
1587906434839 0.7399999834597111 2293
1587906464211 1.1899999734014273 2294
1587906493474 0.9199999794363976 2295
1587906522942 1.2799999713897705 2296
1587906551544 1.579999964684248 2297
1587906580360 1.0099999774247408 2298
1587906609073 0.4999999888241291 2299
1587906637977 0.29999999329447746 2300
1587906668169 0.8099999818950891 2301
1587906698291 0.35999999195337296 2302
1587906727620 0.47999998927116394 2303
1587906756421 1.4499999675899744 2304
1587906785159 0.5299999881535769 2305
1587906813755 1.459999967366457 2306
1587906842435 0.979999978095293 2307
1587906871013 1.839999958872795 2308
1587906900748 1.7099999617785215 2309
1587906930755 0.8499999810010195 2310
1587906960289 2.2799999490380287 2311
1587906988951 1.3299999702721834 2312
1587907017579 1.4499999675899744 2313
1587907046418 2.659999940544367 2314
1587907075205 1.4899999666959047 2315
1587907103798 1.8799999579787254 2316
1587907132582 0.40999999083578587 2317
1587907161287 1.8299999590963125 2318
1587907189990 0.30999999307096004 2319
1587907219115 1.699999962002039 2320
1587907247748 1.4999999664723873 2321
1587907276410 1.889999957755208 2322
1587907305098 1.7799999602138996 2323
1587907333978 1.81999995931983 2324
1587907362671 1.7499999608844519 2325
1587907391368 2.799999937415123 2326
1587907420133 0.7199999839067459 2327
1587907449007 1.3199999704957008 2328
1587907477749 0.7799999825656414 2329
1587907506869 1.2999999709427357 2330
1587907536242 1.7999999597668648 2331
1587907564950 0.6099999863654375 2332
1587907593559 1.5199999660253525 2333
1587907622332 0.8199999816715717 2334
1587907651023 0.6199999861419201 2335
1587907679956 1.1799999736249447 2336
1587907708611 1.7599999606609344 2337
1587907737321 1.339999970048666 2338
1587907766091 0.5299999881535769 2339
1587907794985 1.7899999599903822 2340
1587907824141 0.5599999874830246 2341
1587907852812 0.6299999859184027 2342
1587907881593 0.6499999854713678 2343
1587907910809 0.7199999839067459 2344
1587907940002 3.3099999260157347 2345
1587907968716 0.5199999883770943 2346
1587907997427 0.7299999836832285 2347
1587908027622 0.4599999897181988 2348
1587908056722 2.4299999456852674 2349
1587908085727 0.6299999859184027 2350
1587908114885 1.2099999729543924 2351
1587908144026 2.0899999532848597 2352
1587908172825 0.7599999830126762 2353
1587908201597 1.1199999749660492 2354
1587908230342 1.2799999713897705 2355
1587908259341 2.1699999514967203 2356
1587908287843 0.8499999810010195 2357
1587908316675 0.4999999888241291 2358
1587908345462 1.5699999649077654 2359
1587908374467 1.0499999765306711 2360
1587908403427 0.9999999776482582 2361
1587908432449 2.2199999503791332 2362
1587908461132 0.3799999915063381 2363
1587908491863 2.7199999392032623 2364
1587908520545 0.5899999868124723 2365
1587908549823 0.9499999787658453 2366
1587908579237 0.6899999845772982 2367
1587908608470 1.4199999682605267 2368
1587908637189 1.7999999597668648 2369
1587908666336 2.509999943897128 2370
1587908695252 1.1099999751895666 2371
1587908724346 1.1599999740719795 2372
1587908753664 0.6799999848008156 2373
1587908782572 1.4399999678134918 2374
1587908811373 1.1899999734014273 2375
1587908840390 1.5199999660253525 2376
1587908868925 0.8999999798834324 2377
1587908897648 1.1599999740719795 2378
1587908926313 1.0099999774247408 2379
1587908955269 0.5599999874830246 2380
1587908983936 0.8499999810010195 2381
1587909012751 0.7499999832361937 2382
1587909041469 1.1099999751895666 2383
1587909070154 0.0 2384
1587909098947 0.7599999830126762 2385
1587909127746 0.29999999329447746 2386
1587909156734 0.17999999597668648 2387
1587909185788 2.0699999537318945 2388
1587909214477 0.0 2389
1587909243538 1.3099999707192183 2390
1587909272284 0.979999978095293 2391
1587909300912 2.3999999463558197 2392
1587909329870 1.3099999707192183 2393
1587909358768 0.3899999912828207 2394
1587909387512 2.1899999510496855 2395
1587909416160 0.0 2396
1587909445228 1.0399999767541885 2397
1587909473869 0.20999999530613422 2398
1587909502544 0.6299999859184027 2399
1587909531366 0.8999999798834324 2400
1587909560568 0.9499999787658453 2401
1587909589160 1.839999958872795 2402
1587909618109 0.6999999843537807 2403
1587909646735 0.7399999834597111 2404
1587909675399 0.9499999787658453 2405
1587909704077 1.6899999622255564 2406
1587909733040 2.0999999530613422 2407
1587909761726 0.41999999061226845 2408
1587909791925 0.5199999883770943 2409
1587909820889 0.6599999852478504 2410
1587909849555 1.579999964684248 2411
1587909878340 0.5999999865889549 2412
1587909907145 1.7599999606609344 2413
1587909936032 0.4999999888241291 2414
1587909965194 0.5199999883770943 2415
1587909993891 2.1399999521672726 2416
1587910022730 1.8099999595433474 2417
1587910051694 0.9299999792128801 2418
1587910080533 1.4499999675899744 2419
1587910109629 1.459999967366457 2420
1587910138340 2.3099999483674765 2421
1587910167220 0.30999999307096004 2422
1587910195771 1.7999999597668648 2423
1587910224600 2.5999999418854713 2424
1587910253291 0.6499999854713678 2425
1587910281991 0.23999999463558197 2426
1587910312548 0.46999998949468136 2427
1587910341206 0.29999999329447746 2428
1587910370406 0.0 2429
1587910399587 0.6399999856948853 2430
1587910428208 1.9299999568611383 2431
1587910457181 0.8399999812245369 2432
1587910485984 1.839999958872795 2433
1587910514790 0.7699999827891588 2434
1587910543582 0.12999999709427357 2435
1587910572751 0.9499999787658453 2436
1587910601571 0.36999999172985554 2437
1587910631040 0.7199999839067459 2438
1587910660168 1.9299999568611383 2439
1587910689437 0.5999999865889549 2440
1587910718706 0.8799999803304672 2441
1587910747593 0.42999999038875103 2442
1587910776608 1.2599999718368053 2443
1587910805306 1.029999976977706 2444
1587910835232 1.8999999575316906 2445
1587910864637 1.5199999660253525 2446
1587910893813 2.4799999445676804 2447
1587910922577 1.769999960437417 2448
1587910951424 2.1199999526143074 2449
1587910980766 1.889999957755208 2450
1587911009593 0.6499999854713678 2451
1587911038223 2.74999993853271 2452
1587911076795 1.3099999707192183 2453
