1587920204914 1001 1
1587920212183 1001 2
1587920219450 1001 3
1587920226863 1001 4
1587920234163 1001 5
1587920241232 1001 6
1587920248085 1001 7
1587920255557 1001 8
1587920262726 1001 9
1587920270339 1001 10
1587920277557 1001 11
1587920284684 1001 12
1587920291866 1001 13
1587920299101 1001 14
1587920306570 1001 15
1587920313848 1001 16
1587920321078 1001 17
1587920328269 1001 18
1587920335545 1001 19
1587920342780 1001 20
1587920349846 1001 21
1587920356944 1001 22
1587920364030 1001 23
1587920371108 1001 24
1587920378084 1001 25
1587920385030 1001 26
1587920392357 1001 27
1587920399389 1001 28
1587920406625 1001 29
1587920413505 1001 30
1587920419785 1001 31
1587920425935 1001 32
1587920432097 1001 33
1587920438227 1001 34
1587920445063 1001 35
1587920451245 1001 36
1587920457429 1001 37
1587920463609 1001 38
1587920469773 1001 39
1587920476022 1001 40
1587920482193 1001 41
1587920488402 1001 42
1587920494637 1001 43
1587920500833 1001 44
1587920506960 1001 45
1587920513121 1001 46
1587920519290 1001 47
1587920525487 1001 48
1587920531647 1001 49
1587920537801 1001 50
1587920543979 1001 51
1587920550217 1001 52
1587920556428 1001 53
1587920562629 1001 54
1587920568853 1001 55
1587920575008 1001 56
1587920581197 1001 57
1587920587433 1001 58
1587920593528 1001 59
1587920599760 1001 60
1587920605919 1001 61
1587920612109 1001 62
1587920618277 1001 63
1587920625125 1001 64
1587920631291 1001 65
1587920637469 1001 66
1587920643674 1001 67
1587920649866 1001 68
1587920656137 1001 69
1587920662328 1001 70
1587920668512 1001 71
1587920674663 1001 72
1587920680867 1001 73
1587920687076 1001 74
1587920693303 1001 75
1587920699507 1001 76
1587920705708 1001 77
1587920711865 1001 78
1587920718056 1001 79
1587920724333 1001 80
1587920730515 1001 81
1587920736771 1001 82
1587920742992 1001 83
1587920749165 1001 84
1587920755389 1001 85
1587920761649 1001 86
1587920767929 1001 87
1587920774165 1001 88
1587920780383 1001 89
1587920786593 1001 90
1587920792769 1001 91
1587920799045 1001 92
1587920805961 1001 93
1587920812197 1001 94
1587920818380 1001 95
1587920824613 1001 96
1587920830946 1001 97
1587920837141 1001 98
1587920843323 1001 99
1587920849562 1001 100
1587920855729 1001 101
1587920861894 1001 102
1587920868049 1001 103
1587920874193 1001 104
1587920880346 1001 105
1587920886561 1001 106
1587920892746 1001 107
1587920898911 1001 108
1587920905069 1001 109
1587920911232 1001 110
1587920917399 1001 111
1587920923587 1001 112
1587920929802 1001 113
1587920936013 1001 114
1587920942213 1001 115
1587920948384 1001 116
1587920954628 1001 117
1587920960804 1001 118
1587920966985 1001 119
1587920973239 1001 120
1587920979411 1001 121
1587920986058 1001 122
1587920992225 1001 123
1587920998390 1001 124
1587921004582 1001 125
1587921010762 1001 126
1587921016959 1001 127
1587921023153 1001 128
1587921029382 1001 129
1587921035629 1001 130
1587921041866 1001 131
1587921048097 1001 132
1587921054373 1001 133
1587921060637 1001 134
1587921066921 1001 135
1587921073135 1001 136
1587921079355 1001 137
1587921085542 1001 138
1587921091761 1001 139
1587921098035 1001 140
1587921104236 1001 141
1587921110453 1001 142
1587921116663 1001 143
1587921122922 1001 144
1587921129196 1001 145
1587921135422 1001 146
1587921141669 1001 147
1587921147894 1001 148
1587921154099 1001 149
1587921160480 1001 150
1587921167369 1001 151
1587921173645 1001 152
1587921179905 1001 153
1587921186160 1001 154
1587921192425 1001 155
1587921198701 1001 156
1587921204961 1001 157
1587921211217 1001 158
1587921217469 1001 159
1587921223789 1001 160
1587921230044 1001 161
1587921236299 1001 162
1587921242573 1001 163
1587921248831 1001 164
1587921255086 1001 165
1587921261345 1001 166
1587921267633 1001 167
1587921273905 1001 168
1587921280181 1001 169
1587921286461 1001 170
1587921292733 1001 171
1587921298998 1001 172
1587921305313 1001 173
1587921311627 1001 174
1587921317926 1001 175
1587921324209 1001 176
1587921330481 1001 177
1587921336762 1001 178
1587921343557 1001 179
1587921349913 1001 180
1587921356209 1001 181
1587921362526 1001 182
1587921368821 1001 183
1587921375112 1001 184
1587921381410 1001 185
1587921387702 1001 186
1587921393992 1001 187
1587921400308 1001 188
1587921406625 1001 189
1587921412935 1001 190
1587921419248 1001 191
1587921425583 1001 192
1587921431916 1001 193
1587921438218 1001 194
1587921444558 1001 195
1587921450882 1001 196
1587921457237 1001 197
1587921463598 1001 198
1587921469970 1001 199
1587921476391 1001 200
1587921482819 1001 201
1587921489284 1001 202
1587921495645 1001 203
1587921502010 1001 204
1587921508391 1001 205
1587921514738 1001 206
1587921521303 1001 207
1587921528053 1001 208
1587921534409 1001 209
1587921540757 1001 210
1587921547161 1001 211
1587921553525 1001 212
1587921559888 1001 213
1587921566250 1001 214
1587921572621 1001 215
1587921578993 1001 216
1587921585358 1001 217
1587921591733 1001 218
1587921598108 1001 219
1587921604593 1001 220
1587921610981 1001 221
1587921617390 1001 222
1587921623777 1001 223
1587921630157 1001 224
1587921636553 1001 225
1587921642942 1001 226
1587921649337 1001 227
1587921655721 1001 228
1587921662141 1001 229
1587921668540 1001 230
1587921674961 1001 231
1587921681365 1001 232
1587921687755 1001 233
1587921694172 1001 234
1587921700788 1001 235
1587921707637 1001 236
1587921714175 1001 237
1587921720737 1001 238
1587921727334 1001 239
1587921733936 1001 240
1587921740529 1001 241
1587921747080 1001 242
1587921753697 1001 243
1587921760289 1001 244
1587921766869 1001 245
1587921773429 1001 246
1587921780057 1001 247
1587921786691 1001 248
1587921793273 1001 249
1587921799820 1001 250
1587921806357 1001 251
1587921812941 1001 252
1587921819569 1001 253
1587921826138 1001 254
1587921832678 1001 255
1587921839230 1001 256
1587921845845 1001 257
1587921852438 1001 258
1587921859053 1001 259
1587921865725 1001 260
1587921872286 1001 261
1587921878851 1001 262
1587921886098 1001 263
1587921892761 1001 264
1587921899365 1001 265
1587921905997 1001 266
1587921912626 1001 267
1587921919281 1001 268
1587921925897 1001 269
1587921932508 1001 270
1587921939101 1001 271
1587921945693 1001 272
1587921952320 1001 273
1587921958917 1001 274
1587921965621 1001 275
1587921972277 1001 276
1587921978853 1001 277
1587921985458 1001 278
1587921992088 1001 279
1587921998784 1001 280
1587922005397 1001 281
1587922012065 1001 282
1587922018777 1001 283
1587922025585 1001 284
1587922032251 1001 285
1587922039033 1001 286
1587922045694 1001 287
1587922052342 1001 288
1587922059013 1001 289
1587922066367 1001 290
1587922073082 1001 291
1587922079826 1001 292
1587922086497 1001 293
1587922093117 1001 294
1587922099854 1001 295
1587922106463 1001 296
1587922113077 1001 297
1587922119695 1001 298
1587922126309 1001 299
1587922133020 1001 300
1587922139673 1001 301
1587922146335 1001 302
1587922152988 1001 303
1587922159705 1001 304
1587922166425 1001 305
1587922173129 1001 306
1587922179908 1001 307
1587922186706 1001 308
1587922193464 1001 309
1587922200261 1001 310
1587922207046 1001 311
1587922213793 1001 312
1587922220503 1001 313
1587922227237 1001 314
1587922233982 1001 315
1587922241080 1001 316
1587922248233 1001 317
1587922255013 1001 318
1587922261809 1001 319
1587922268717 1001 320
1587922275477 1001 321
1587922282257 1001 322
1587922289160 1001 323
1587922295997 1001 324
1587922302861 1001 325
1587922309690 1001 326
1587922316486 1001 327
1587922323338 1001 328
1587922330141 1001 329
1587922336988 1001 330
1587922343793 1001 331
1587922350602 1001 332
1587922357463 1001 333
1587922364291 1001 334
1587922371112 1001 335
1587922377937 1001 336
1587922384829 1001 337
1587922391698 1001 338
1587922398588 1001 339
1587922405542 1001 340
1587922412388 1001 341
1587922419321 1001 342
1587922426761 1001 343
1587922433625 1001 344
1587922440512 1001 345
1587922447413 1001 346
1587922454265 1001 347
1587922461097 1001 348
1587922467997 1001 349
1587922474877 1001 350
1587922481728 1001 351
1587922488561 1001 352
1587922495417 1001 353
1587922502310 1001 354
1587922509173 1001 355
1587922516009 1001 356
1587922522964 1001 357
1587922529900 1001 358
1587922536847 1001 359
1587922543853 1001 360
1587922550861 1001 361
1587922557909 1001 362
1587922565227 1001 363
1587922573186 1001 364
1587922580196 1001 365
1587922587075 1001 366
1587922593922 1001 367
1587922601031 1001 368
1587922608178 1001 369
1587922615054 1001 370
1587922621949 1001 371
1587922628822 1001 372
1587922635706 1001 373
1587922642589 1001 374
1587922649458 1001 375
1587922656336 1001 376
1587922663226 1001 377
1587922670117 1001 378
1587922677020 1001 379
1587922684035 1001 380
1587922690940 1001 381
1587922697852 1001 382
1587922704773 1001 383
1587922711697 1001 384
1587922718590 1001 385
1587922725518 1001 386
1587922732462 1001 387
1587922739415 1001 388
1587922746403 1001 389
1587922753348 1001 390
1587922760290 1001 391
1587922767239 1001 392
1587922774187 1001 393
1587922781313 1001 394
1587922788627 1001 395
1587922795603 1001 396
1587922802610 1001 397
1587922809582 1001 398
1587922816548 1001 399
1587922823638 1001 400
1587922830636 1001 401
1587922837616 1001 402
1587922844589 1001 403
1587922851587 1001 404
1587922858584 1001 405
1587922865674 1001 406
1587922872723 1001 407
1587922879725 1001 408
1587922886904 1001 409
1587922893929 1001 410
1587922900956 1001 411
1587922907968 1001 412
1587922915013 1001 413
1587922922068 1001 414
1587922929165 1001 415
1587922936213 1001 416
1587922943243 1001 417
1587922950293 1001 418
1587922957342 1001 419
1587922965176 1001 420
1587922972267 1001 421
1587922979317 1001 422
1587922986469 1001 423
1587922993603 1001 424
1587923000738 1001 425
1587923007841 1001 426
1587923014954 1001 427
1587923022050 1001 428
1587923029135 1001 429
1587923036254 1001 430
1587923043429 1001 431
1587923050588 1001 432
1587923057713 1001 433
1587923064824 1001 434
1587923071944 1001 435
1587923079068 1001 436
1587923086198 1001 437
1587923093355 1001 438
1587923100522 1001 439
1587923107786 1001 440
1587923114966 1001 441
1587923122114 1001 442
1587923129261 1001 443
1587923136425 1001 444
1587923144214 1001 445
1587923151397 1001 446
1587923158558 1001 447
1587923165763 1001 448
1587923172939 1001 449
1587923180117 1001 450
1587923187303 1001 451
1587923194508 1001 452
1587923201735 1001 453
1587923208934 1001 454
1587923216143 1001 455
1587923223401 1001 456
1587923230672 1001 457
1587923237974 1001 458
1587923245297 1001 459
1587923252622 1001 460
1587923259851 1001 461
1587923267109 1001 462
1587923274355 1001 463
1587923281621 1001 464
1587923288901 1001 465
1587923296151 1001 466
1587923303432 1001 467
1587923310693 1001 468
1587923317963 1001 469
1587923325863 1001 470
1587923333153 1001 471
1587923340445 1001 472
1587923347773 1001 473
1587923355063 1001 474
1587923362373 1001 475
1587923369694 1001 476
1587923377028 1001 477
1587923384338 1001 478
1587923391660 1001 479
1587923399086 1001 480
1587923406459 1001 481
1587923413808 1001 482
1587923421156 1001 483
1587923428515 1001 484
1587923435846 1001 485
1587923443205 1001 486
1587923450547 1001 487
1587923457895 1001 488
1587923465298 1001 489
1587923472670 1001 490
1587923480045 1001 491
1587923487432 1001 492
1587923494809 1001 493
1587923502737 1001 494
1587923510266 1001 495
1587923517652 1001 496
1587923525080 1001 497
1587923532473 1001 498
1587923539895 1001 499
1587923547420 1001 500
1587923554862 1001 501
1587923562266 1001 502
1587923569686 1001 503
1587923577108 1001 504
1587923584547 1001 505
1587923591989 1001 506
1587923599427 1001 507
1587923606903 1001 508
1587923614382 1001 509
1587923621859 1001 510
1587923629397 1001 511
1587923636891 1001 512
1587923644385 1001 513
1587923651870 1001 514
1587923659341 1001 515
1587923666816 1001 516
1587923674285 1001 517
1587923682087 1001 518
1587923689836 1001 519
1587923697464 1001 520
1587923705030 1001 521
1587923712537 1001 522
1587923720060 1001 523
1587923727579 1001 524
1587923735117 1001 525
1587923742637 1001 526
1587923750159 1001 527
1587923757706 1001 528
1587923765298 1001 529
1587923772906 1001 530
1587923780443 1001 531
1587923787995 1001 532
1587923795555 1001 533
1587923803129 1001 534
1587923810683 1001 535
1587923818257 1001 536
1587923825909 1001 537
1587923833530 1001 538
1587923841120 1001 539
1587923848817 1001 540
1587923856438 1001 541
1587923864579 1001 542
1587923872176 1001 543
1587923879768 1001 544
1587923887418 1001 545
1587923895043 1001 546
1587923902880 1001 547
1587923910497 1001 548
1587923918134 1001 549
1587923925780 1001 550
1587923933438 1001 551
1587923941081 1001 552
1587923948755 1001 553
1587923956409 1001 554
1587923964075 1001 555
1587923971737 1001 556
1587923979401 1001 557
1587923987070 1001 558
1587923994759 1001 559
1587924002593 1001 560
1587924010312 1001 561
1587924018043 1001 562
1587924025845 1001 563
1587924033608 1001 564
1587924041491 1001 565
1587924049518 1001 566
1587924057245 1001 567
1587924065010 1001 568
1587924072732 1001 569
1587924080467 1001 570
1587924088194 1001 571
1587924095930 1001 572
1587924103674 1001 573
1587924111438 1001 574
1587924119233 1001 575
1587924127018 1001 576
1587924134798 1001 577
1587924142558 1001 578
1587924150328 1001 579
1587924158207 1001 580
1587924165971 1001 581
1587924173728 1001 582
1587924181517 1001 583
1587924189325 1001 584
1587924197142 1001 585
1587924204954 1001 586
1587924212760 1001 587
1587924220689 1001 588
1587924228907 1001 589
1587924236742 1001 590
1587924244611 1001 591
1587924252470 1001 592
1587924260316 1001 593
1587924268179 1001 594
1587924276052 1001 595
1587924283934 1001 596
1587924291795 1001 597
1587924299670 1001 598
1587924307597 1001 599
1587924315601 1001 600
1587924323531 1001 601
1587924331430 1001 602
1587924339338 1001 603
1587924347248 1001 604
1587924355176 1001 605
1587924363110 1001 606
1587924371008 1001 607
1587924378906 1001 608
1587924386835 1001 609
1587924394759 1001 610
1587924403185 1001 611
1587924411096 1001 612
1587924419002 1001 613
1587924426973 1001 614
1587924434909 1001 615
1587924442861 1001 616
1587924450772 1001 617
1587924458722 1001 618
1587924466684 1001 619
1587924474745 1001 620
1587924482730 1001 621
1587924490684 1001 622
1587924498647 1001 623
1587924506617 1001 624
1587924514580 1001 625
1587924522580 1001 626
1587924530566 1001 627
1587924538561 1001 628
1587924546631 1001 629
1587924554640 1001 630
1587924562630 1001 631
1587924570639 1001 632
1587924578689 1001 633
1587924587282 1001 634
1587924595394 1001 635
1587924603509 1001 636
1587924611540 1001 637
1587924619580 1001 638
1587924627634 1001 639
1587924635799 1001 640
1587924643865 1001 641
1587924651895 1001 642
1587924659949 1001 643
1587924668098 1001 644
1587924676157 1001 645
1587924684230 1001 646
1587924692305 1001 647
1587924700406 1001 648
1587924708493 1001 649
1587924716574 1001 650
1587924724736 1001 651
1587924732870 1001 652
1587924740959 1001 653
1587924749068 1001 654
1587924757170 1001 655
1587924765792 1001 656
1587924773908 1001 657
1587924782046 1001 658
1587924790189 1001 659
1587924798439 1001 660
1587924806581 1001 661
1587924814760 1001 662
1587924822963 1001 663
1587924831245 1001 664
1587924839443 1001 665
1587924847646 1001 666
1587924855883 1001 667
1587924864118 1001 668
1587924872357 1001 669
1587924880589 1001 670
1587924888830 1001 671
1587924897079 1001 672
1587924905318 1001 673
1587924913536 1001 674
1587924921758 1001 675
1587924929974 1001 676
1587924938224 1001 677
1587924947073 1001 678
1587924955358 1001 679
1587924963730 1001 680
1587924971964 1001 681
1587924980219 1001 682
1587924988450 1001 683
1587924996708 1001 684
1587925004996 1001 685
1587925013242 1001 686
1587925021551 1001 687
1587925029880 1001 688
1587925038188 1001 689
1587925046477 1001 690
1587925054769 1001 691
1587925063062 1001 692
1587925071356 1001 693
1587925079641 1001 694
1587925087990 1001 695
1587925096310 1001 696
1587925104620 1001 697
1587925112936 1001 698
1587925121514 1001 699
1587925130258 1001 700
1587925138618 1001 701
1587925146977 1001 702
1587925155335 1001 703
1587925163700 1001 704
1587925172069 1001 705
1587925180433 1001 706
1587925188841 1001 707
1587925197285 1001 708
1587925205786 1001 709
1587925214334 1001 710
1587925222817 1001 711
1587925231228 1001 712
1587925239683 1001 713
1587925248134 1001 714
1587925256605 1001 715
1587925265108 1001 716
1587925273645 1001 717
1587925282145 1001 718
1587925290633 1001 719
1587925299252 1001 720
1587925308152 1001 721
1587925316845 1001 722
1587925325330 1001 723
1587925333793 1001 724
1587925342265 1001 725
1587925350765 1001 726
1587925359228 1001 727
1587925367793 1001 728
1587925376301 1001 729
1587925384852 1001 730
1587925393388 1001 731
1587925401953 1001 732
1587925410535 1001 733
1587925419085 1001 734
1587925427642 1001 735
1587925436241 1001 736
1587925444821 1001 737
1587925453405 1001 738
