1587920204914 1 1
1587920212183 1 2
1587920219450 1 3
1587920226863 1 4
1587920234163 1 5
1587920241232 1 6
1587920248085 1 7
1587920255557 1 8
1587920262726 1 9
1587920270339 1 10
1587920277557 1 11
1587920284684 1 12
1587920291866 1 13
1587920299101 1 14
1587920306570 1 15
1587920313848 1 16
1587920321078 1 17
1587920328269 1 18
1587920335545 1 19
1587920342780 1 20
1587920349846 1 21
1587920356944 1 22
1587920364030 1 23
1587920371108 1 24
1587920378084 1 25
1587920385030 1 26
1587920392357 1 27
1587920399389 1 28
1587920406625 1 29
1587920413505 1 30
1587920419785 1 31
1587920425935 1 32
1587920432097 1 33
1587920438227 1 34
1587920445063 1 35
1587920451245 1 36
1587920457429 1 37
1587920463609 1 38
1587920469773 1 39
1587920476022 1 40
1587920482193 1 41
1587920488402 1 42
1587920494637 1 43
1587920500833 1 44
1587920506960 1 45
1587920513121 1 46
1587920519290 1 47
1587920525487 1 48
1587920531647 1 49
1587920537801 1 50
1587920543979 1 51
1587920550217 1 52
1587920556428 1 53
1587920562629 1 54
1587920568853 1 55
1587920575008 1 56
1587920581197 1 57
1587920587433 1 58
1587920593528 1 59
1587920599760 1 60
1587920605919 1 61
1587920612109 1 62
1587920618277 1 63
1587920625125 1 64
1587920631291 1 65
1587920637469 1 66
1587920643674 1 67
1587920649866 1 68
1587920656137 1 69
1587920662328 1 70
1587920668512 1 71
1587920674663 1 72
1587920680867 1 73
1587920687076 1 74
1587920693303 1 75
1587920699507 1 76
1587920705708 1 77
1587920711865 1 78
1587920718056 1 79
1587920724333 1 80
1587920730515 1 81
1587920736771 1 82
1587920742992 1 83
1587920749165 1 84
1587920755389 1 85
1587920761649 1 86
1587920767929 1 87
1587920774165 1 88
1587920780383 1 89
1587920786593 1 90
1587920792769 1 91
1587920799045 1 92
1587920805961 1 93
1587920812197 1 94
1587920818380 1 95
1587920824613 1 96
1587920830946 1 97
1587920837141 1 98
1587920843323 1 99
1587920849562 1 100
1587920855729 1 101
1587920861894 1 102
1587920868049 1 103
1587920874193 1 104
1587920880346 1 105
1587920886561 1 106
1587920892746 1 107
1587920898911 1 108
1587920905069 1 109
1587920911232 1 110
1587920917399 1 111
1587920923587 1 112
1587920929802 1 113
1587920936013 1 114
1587920942213 1 115
1587920948384 1 116
1587920954628 1 117
1587920960804 1 118
1587920966985 1 119
1587920973239 1 120
1587920979411 1 121
1587920986058 1 122
1587920992225 1 123
1587920998390 1 124
1587921004582 1 125
1587921010762 1 126
1587921016959 1 127
1587921023153 1 128
1587921029382 1 129
1587921035629 1 130
1587921041866 1 131
1587921048097 1 132
1587921054373 1 133
1587921060637 1 134
1587921066921 1 135
1587921073135 1 136
1587921079355 1 137
1587921085542 1 138
1587921091761 1 139
1587921098035 1 140
1587921104236 1 141
1587921110453 1 142
1587921116663 1 143
1587921122922 1 144
1587921129196 1 145
1587921135422 1 146
1587921141669 1 147
1587921147894 1 148
1587921154099 1 149
1587921160480 1 150
1587921167369 1 151
1587921173645 1 152
1587921179905 1 153
1587921186160 1 154
1587921192425 1 155
1587921198701 1 156
1587921204961 1 157
1587921211217 1 158
1587921217469 1 159
1587921223789 1 160
1587921230044 1 161
1587921236299 1 162
1587921242573 1 163
1587921248831 1 164
1587921255086 1 165
1587921261345 1 166
1587921267633 1 167
1587921273905 1 168
1587921280181 1 169
1587921286461 1 170
1587921292733 1 171
1587921298998 1 172
1587921305313 1 173
1587921311627 1 174
1587921317926 1 175
1587921324209 1 176
1587921330481 1 177
1587921336762 1 178
1587921343557 1 179
1587921349913 1 180
1587921356209 1 181
1587921362526 1 182
1587921368821 1 183
1587921375112 1 184
1587921381410 1 185
1587921387702 1 186
1587921393992 1 187
1587921400308 1 188
1587921406625 1 189
1587921412935 1 190
1587921419248 1 191
1587921425583 1 192
1587921431916 1 193
1587921438218 1 194
1587921444558 1 195
1587921450882 1 196
1587921457237 1 197
1587921463598 1 198
1587921469970 1 199
1587921476391 1 200
1587921482819 1 201
1587921489284 1 202
1587921495645 1 203
1587921502010 1 204
1587921508391 1 205
1587921514738 1 206
1587921521303 1 207
1587921528053 1 208
1587921534409 1 209
1587921540757 1 210
1587921547161 1 211
1587921553525 1 212
1587921559888 1 213
1587921566250 1 214
1587921572621 1 215
1587921578993 1 216
1587921585358 1 217
1587921591733 1 218
1587921598108 1 219
1587921604593 1 220
1587921610981 1 221
1587921617390 1 222
1587921623777 1 223
1587921630157 1 224
1587921636553 1 225
1587921642942 1 226
1587921649337 1 227
1587921655721 1 228
1587921662141 1 229
1587921668540 1 230
1587921674961 1 231
1587921681365 1 232
1587921687755 1 233
1587921694172 1 234
1587921700788 1 235
1587921707637 1 236
1587921714175 1 237
1587921720737 1 238
1587921727334 1 239
1587921733936 1 240
1587921740529 1 241
1587921747080 1 242
1587921753697 1 243
1587921760289 1 244
1587921766869 1 245
1587921773429 1 246
1587921780057 1 247
1587921786691 1 248
1587921793273 1 249
1587921799820 1 250
1587921806357 1 251
1587921812941 1 252
1587921819569 1 253
1587921826138 1 254
1587921832678 1 255
1587921839230 1 256
1587921845845 1 257
1587921852438 1 258
1587921859053 1 259
1587921865725 1 260
1587921872286 1 261
1587921878851 1 262
1587921886098 1 263
1587921892761 1 264
1587921899365 1 265
1587921905997 1 266
1587921912626 1 267
1587921919281 1 268
1587921925897 1 269
1587921932508 1 270
1587921939101 1 271
1587921945693 1 272
1587921952320 1 273
1587921958917 1 274
1587921965621 1 275
1587921972277 1 276
1587921978853 1 277
1587921985458 1 278
1587921992088 1 279
1587921998784 1 280
1587922005397 1 281
1587922012065 1 282
1587922018777 1 283
1587922025585 1 284
1587922032251 1 285
1587922039033 1 286
1587922045694 1 287
1587922052342 1 288
1587922059013 1 289
1587922066367 1 290
1587922073082 1 291
1587922079826 1 292
1587922086497 1 293
1587922093117 1 294
1587922099854 1 295
1587922106463 1 296
1587922113077 1 297
1587922119695 1 298
1587922126309 1 299
1587922133020 1 300
1587922139673 1 301
1587922146335 1 302
1587922152988 1 303
1587922159705 1 304
1587922166425 1 305
1587922173129 1 306
1587922179908 1 307
1587922186706 1 308
1587922193464 1 309
1587922200261 1 310
1587922207046 1 311
1587922213793 1 312
1587922220503 1 313
1587922227237 1 314
1587922233982 1 315
1587922241080 1 316
1587922248233 1 317
1587922255013 1 318
1587922261809 1 319
1587922268717 1 320
1587922275477 1 321
1587922282257 1 322
1587922289160 1 323
1587922295997 1 324
1587922302861 1 325
1587922309690 1 326
1587922316486 1 327
1587922323338 1 328
1587922330141 1 329
1587922336988 1 330
1587922343793 1 331
1587922350602 1 332
1587922357463 1 333
1587922364291 1 334
1587922371112 1 335
1587922377937 1 336
1587922384829 1 337
1587922391698 1 338
1587922398588 1 339
1587922405542 1 340
1587922412388 1 341
1587922419321 1 342
1587922426761 1 343
1587922433625 1 344
1587922440512 1 345
1587922447413 1 346
1587922454265 1 347
1587922461097 1 348
1587922467997 1 349
1587922474877 1 350
1587922481728 1 351
1587922488561 1 352
1587922495417 1 353
1587922502310 1 354
1587922509173 1 355
1587922516009 1 356
1587922522964 1 357
1587922529900 1 358
1587922536847 1 359
1587922543853 1 360
1587922550861 1 361
1587922557909 1 362
1587922565227 1 363
1587922573186 1 364
1587922580196 1 365
1587922587075 1 366
1587922593922 1 367
1587922601031 1 368
1587922608178 1 369
1587922615054 1 370
1587922621949 1 371
1587922628822 1 372
1587922635706 1 373
1587922642589 1 374
1587922649458 1 375
1587922656336 1 376
1587922663226 1 377
1587922670117 1 378
1587922677020 1 379
1587922684035 1 380
1587922690940 1 381
1587922697852 1 382
1587922704773 1 383
1587922711697 1 384
1587922718590 1 385
1587922725518 1 386
1587922732462 1 387
1587922739415 1 388
1587922746403 1 389
1587922753348 1 390
1587922760290 1 391
1587922767239 1 392
1587922774187 1 393
1587922781313 1 394
1587922788627 1 395
1587922795603 1 396
1587922802610 1 397
1587922809582 1 398
1587922816548 1 399
1587922823638 1 400
1587922830636 1 401
1587922837616 1 402
1587922844589 1 403
1587922851587 1 404
1587922858584 1 405
1587922865674 1 406
1587922872723 1 407
1587922879725 1 408
1587922886904 1 409
1587922893929 1 410
1587922900956 1 411
1587922907968 1 412
1587922915013 1 413
1587922922068 1 414
1587922929165 1 415
1587922936213 1 416
1587922943243 1 417
1587922950293 1 418
1587922957342 1 419
1587922965176 1 420
1587922972267 1 421
1587922979317 1 422
1587922986469 1 423
1587922993603 1 424
1587923000738 1 425
1587923007841 1 426
1587923014954 1 427
1587923022050 1 428
1587923029135 1 429
1587923036254 1 430
1587923043429 1 431
1587923050588 1 432
1587923057713 1 433
1587923064824 1 434
1587923071944 1 435
1587923079068 1 436
1587923086198 1 437
1587923093355 1 438
1587923100522 1 439
1587923107786 1 440
1587923114966 1 441
1587923122114 1 442
1587923129261 1 443
1587923136425 1 444
1587923144214 1 445
1587923151397 1 446
1587923158558 1 447
1587923165763 1 448
1587923172939 1 449
1587923180117 1 450
1587923187303 1 451
1587923194508 1 452
1587923201735 1 453
1587923208934 1 454
1587923216143 1 455
1587923223401 1 456
1587923230672 1 457
1587923237974 1 458
1587923245297 1 459
1587923252622 1 460
1587923259851 1 461
1587923267109 1 462
1587923274355 1 463
1587923281621 1 464
1587923288901 1 465
1587923296151 1 466
1587923303432 1 467
1587923310693 1 468
1587923317963 1 469
1587923325863 1 470
1587923333153 1 471
1587923340445 1 472
1587923347773 1 473
1587923355063 1 474
1587923362373 1 475
1587923369694 1 476
1587923377028 1 477
1587923384338 1 478
1587923391660 1 479
1587923399086 1 480
1587923406459 1 481
1587923413808 1 482
1587923421156 1 483
1587923428515 1 484
1587923435846 1 485
1587923443205 1 486
1587923450547 1 487
1587923457895 1 488
1587923465298 1 489
1587923472670 1 490
1587923480045 1 491
1587923487432 1 492
1587923494809 1 493
1587923502737 1 494
1587923510266 1 495
1587923517652 1 496
1587923525080 1 497
1587923532473 1 498
1587923539895 1 499
1587923547420 1 500
1587923554862 1 501
1587923562266 1 502
1587923569686 1 503
1587923577108 1 504
1587923584547 1 505
1587923591989 1 506
1587923599427 1 507
1587923606903 1 508
1587923614382 1 509
1587923621859 1 510
1587923629397 1 511
1587923636891 1 512
1587923644385 1 513
1587923651870 1 514
1587923659341 1 515
1587923666816 1 516
1587923674285 1 517
1587923682087 1 518
1587923689836 1 519
1587923697464 1 520
1587923705030 1 521
1587923712537 1 522
1587923720060 1 523
1587923727579 1 524
1587923735117 1 525
1587923742637 1 526
1587923750159 1 527
1587923757706 1 528
1587923765298 1 529
1587923772906 1 530
1587923780443 1 531
1587923787995 1 532
1587923795555 1 533
1587923803129 1 534
1587923810683 1 535
1587923818257 1 536
1587923825909 1 537
1587923833530 1 538
1587923841120 1 539
1587923848817 1 540
1587923856438 1 541
1587923864579 1 542
1587923872176 1 543
1587923879768 1 544
1587923887418 1 545
1587923895043 1 546
1587923902880 1 547
1587923910497 1 548
1587923918134 1 549
1587923925780 1 550
1587923933438 1 551
1587923941081 1 552
1587923948755 1 553
1587923956409 1 554
1587923964075 1 555
1587923971737 1 556
1587923979401 1 557
1587923987070 1 558
1587923994759 1 559
1587924002593 1 560
1587924010312 1 561
1587924018043 1 562
1587924025845 1 563
1587924033608 1 564
1587924041491 1 565
1587924049518 1 566
1587924057245 1 567
1587924065010 1 568
1587924072732 1 569
1587924080467 1 570
1587924088194 1 571
1587924095930 1 572
1587924103674 1 573
1587924111438 1 574
1587924119233 1 575
1587924127018 1 576
1587924134798 1 577
1587924142558 1 578
1587924150328 1 579
1587924158207 1 580
1587924165971 1 581
1587924173728 1 582
1587924181517 1 583
1587924189325 1 584
1587924197142 1 585
1587924204954 1 586
1587924212760 1 587
1587924220689 1 588
1587924228907 1 589
1587924236742 1 590
1587924244611 1 591
1587924252470 1 592
1587924260316 1 593
1587924268179 1 594
1587924276052 1 595
1587924283934 1 596
1587924291795 1 597
1587924299670 1 598
1587924307597 1 599
1587924315601 1 600
1587924323531 1 601
1587924331430 1 602
1587924339338 1 603
1587924347248 1 604
1587924355176 1 605
1587924363110 1 606
1587924371008 1 607
1587924378906 1 608
1587924386835 1 609
1587924394759 1 610
1587924403185 1 611
1587924411096 1 612
1587924419002 1 613
1587924426973 1 614
1587924434909 1 615
1587924442861 1 616
1587924450772 1 617
1587924458722 1 618
1587924466684 1 619
1587924474745 1 620
1587924482730 1 621
1587924490684 1 622
1587924498647 1 623
1587924506617 1 624
1587924514580 1 625
1587924522580 1 626
1587924530566 1 627
1587924538561 1 628
1587924546631 1 629
1587924554640 1 630
1587924562630 1 631
1587924570639 1 632
1587924578689 1 633
1587924587282 1 634
1587924595394 1 635
1587924603509 1 636
1587924611540 1 637
1587924619580 1 638
1587924627634 1 639
1587924635799 1 640
1587924643865 1 641
1587924651895 1 642
1587924659949 1 643
1587924668098 1 644
1587924676157 1 645
1587924684230 1 646
1587924692305 1 647
1587924700406 1 648
1587924708493 1 649
1587924716574 1 650
1587924724736 1 651
1587924732870 1 652
1587924740959 1 653
1587924749068 1 654
1587924757170 1 655
1587924765792 1 656
1587924773908 1 657
1587924782046 1 658
1587924790189 1 659
1587924798439 1 660
1587924806581 1 661
1587924814760 1 662
1587924822963 1 663
1587924831245 1 664
1587924839443 1 665
1587924847646 1 666
1587924855883 1 667
1587924864118 1 668
1587924872357 1 669
1587924880589 1 670
1587924888830 1 671
1587924897079 1 672
1587924905318 1 673
1587924913536 1 674
1587924921758 1 675
1587924929974 1 676
1587924938224 1 677
1587924947073 1 678
1587924955358 1 679
1587924963730 1 680
1587924971964 1 681
1587924980219 1 682
1587924988450 1 683
1587924996708 1 684
1587925004996 1 685
1587925013242 1 686
1587925021551 1 687
1587925029880 1 688
1587925038188 1 689
1587925046477 1 690
1587925054769 1 691
1587925063062 1 692
1587925071356 1 693
1587925079641 1 694
1587925087990 1 695
1587925096310 1 696
1587925104620 1 697
1587925112936 1 698
1587925121514 1 699
1587925130258 1 700
1587925138618 1 701
1587925146977 1 702
1587925155335 1 703
1587925163700 1 704
1587925172069 1 705
1587925180433 1 706
1587925188841 1 707
1587925197285 1 708
1587925205786 1 709
1587925214334 1 710
1587925222817 1 711
1587925231228 1 712
1587925239683 1 713
1587925248134 1 714
1587925256605 1 715
1587925265108 1 716
1587925273645 1 717
1587925282145 1 718
1587925290633 1 719
1587925299252 1 720
1587925308152 1 721
1587925316845 1 722
1587925325330 1 723
1587925333793 1 724
1587925342265 1 725
1587925350765 1 726
1587925359228 1 727
1587925367793 1 728
1587925376301 1 729
1587925384852 1 730
1587925393388 1 731
1587925401953 1 732
1587925410535 1 733
1587925419085 1 734
1587925427642 1 735
1587925436241 1 736
1587925444821 1 737
1587925453405 1 738
