1587920204914 0.0 1
1587920212183 0.4499999899417162 2
1587920219450 0.5599999874830246 3
1587920226863 0.8599999807775021 4
1587920234163 0.25999999418854713 5
1587920241232 0.2699999939650297 6
1587920248085 0.46999998949468136 7
1587920255557 0.41999999061226845 8
1587920262726 0.05999999865889549 9
1587920270339 0.0 10
1587920277557 0.06999999843537807 11
1587920284684 0.6099999863654375 12
1587920291866 0.3199999928474426 13
1587920299101 0.0 14
1587920306570 0.0 15
1587920313848 0.05999999865889549 16
1587920321078 0.0 17
1587920328269 0.0 18
1587920335545 0.0 19
1587920342780 0.0 20
1587920349846 0.0 21
1587920356944 0.0 22
1587920364030 0.0 23
1587920371108 0.0 24
1587920378084 0.0 25
1587920385030 0.0 26
1587920392357 0.41999999061226845 27
1587920399389 0.0 28
1587920406625 0.12999999709427357 29
1587920413505 0.0 30
1587920419785 0.46999998949468136 31
1587920425935 0.0 32
1587920432097 0.29999999329447746 33
1587920438227 0.8299999814480543 34
1587920445063 0.6599999852478504 35
1587920451245 0.4499999899417162 36
1587920457429 0.3199999928474426 37
1587920463609 0.7699999827891588 38
1587920469773 0.41999999061226845 39
1587920476022 0.0 40
1587920482193 0.2299999948590994 41
1587920488402 0.0 42
1587920494637 0.23999999463558197 43
1587920500833 0.6799999848008156 44
1587920506960 0.0 45
1587920513121 0.12999999709427357 46
1587920519290 0.0 47
1587920525487 0.24999999441206455 48
1587920531647 0.6299999859184027 49
1587920537801 0.46999998949468136 50
1587920543979 0.7099999841302633 51
1587920550217 2.269999949261546 52
1587920556428 1.6899999622255564 53
1587920562629 0.979999978095293 54
1587920568853 0.3999999910593033 55
1587920575008 1.0199999772012234 56
1587920581197 0.3399999924004078 57
1587920587433 1.1199999749660492 58
1587920593528 0.909999979659915 59
1587920599760 1.409999968484044 60
1587920605919 0.5999999865889549 61
1587920612109 0.08999999798834324 62
1587920618277 0.6599999852478504 63
1587920625125 0.2699999939650297 64
1587920631291 1.7799999602138996 65
1587920637469 1.459999967366457 66
1587920643674 0.40999999083578587 67
1587920649866 0.47999998927116394 68
1587920656137 0.7799999825656414 69
1587920662328 1.9899999555200338 70
1587920668512 1.459999967366457 71
1587920674663 2.339999947696924 72
1587920680867 1.099999975413084 73
1587920687076 1.3199999704957008 74
1587920693303 0.8999999798834324 75
1587920699507 1.0599999763071537 76
1587920705708 0.7499999832361937 77
1587920711865 0.9899999778717756 78
1587920718056 0.6499999854713678 79
1587920724333 2.6399999409914017 80
1587920730515 1.9199999570846558 81
1587920736771 1.1899999734014273 82
1587920742992 0.7799999825656414 83
1587920749165 0.8299999814480543 84
1587920755389 1.4899999666959047 85
1587920761649 1.2099999729543924 86
1587920767929 0.6599999852478504 87
1587920774165 1.0499999765306711 88
1587920780383 0.5299999881535769 89
1587920786593 0.7999999821186066 90
1587920792769 1.1099999751895666 91
1587920799045 0.8499999810010195 92
1587920805961 2.869999935850501 93
1587920812197 0.3299999926239252 94
1587920818380 0.8799999803304672 95
1587920824613 1.339999970048666 96
1587920830946 2.3599999472498894 97
1587920837141 1.6099999640136957 98
1587920843323 1.0699999760836363 99
1587920849562 0.669999985024333 100
1587920855729 1.4699999671429396 101
1587920861894 1.6799999624490738 102
1587920868049 3.2599999271333218 103
1587920874193 1.7999999597668648 104
1587920880346 1.6299999635666609 105
1587920886561 0.7699999827891588 106
1587920892746 1.029999976977706 107
1587920898911 1.8599999584257603 108
1587920905069 0.4599999897181988 109
1587920911232 1.4199999682605267 110
1587920917399 1.959999956190586 111
1587920923587 0.2299999948590994 112
1587920929802 1.0099999774247408 113
1587920936013 1.9099999573081732 114
1587920942213 1.9099999573081732 115
1587920948384 1.169999973848462 116
1587920954628 1.1099999751895666 117
1587920960804 1.5399999655783176 118
1587920966985 3.3799999244511127 119
1587920973239 1.8999999575316906 120
1587920979411 1.3499999698251486 121
1587920986058 3.4299999233335257 122
1587920992225 1.7899999599903822 123
1587920998390 1.6899999622255564 124
1587921004582 1.339999970048666 125
1587921010762 1.269999971613288 126
1587921016959 1.6099999640136957 127
1587921023153 0.8599999807775021 128
1587921029382 4.8699998911470175 129
1587921035629 1.81999995931983 130
1587921041866 1.3299999702721834 131
1587921048097 2.1599999517202377 132
1587921054373 2.2399999499320984 133
1587921060637 2.12999995239079 134
1587921066921 0.0 135
1587921073135 1.4999999664723873 136
1587921079355 1.5899999644607306 137
1587921085542 0.669999985024333 138
1587921091761 1.8299999590963125 139
1587921098035 1.8099999595433474 140
1587921104236 0.9499999787658453 141
1587921110453 1.649999963119626 142
1587921116663 1.169999973848462 143
1587921122922 1.1299999747425318 144
1587921129196 1.8499999586492777 145
1587921135422 1.6399999633431435 146
1587921141669 1.649999963119626 147
1587921147894 2.2399999499320984 148
1587921154099 2.509999943897128 149
1587921160480 1.6199999637901783 150
1587921167369 1.5699999649077654 151
1587921173645 1.9099999573081732 152
1587921179905 1.81999995931983 153
1587921186160 1.1399999745190144 154
1587921192425 2.5299999434500933 155
1587921198701 0.7599999830126762 156
1587921204961 1.6099999640136957 157
1587921211217 0.25999999418854713 158
1587921217469 2.869999935850501 159
1587921223789 2.269999949261546 160
1587921230044 2.1599999517202377 161
1587921236299 1.9699999559670687 162
1587921242573 1.7799999602138996 163
1587921248831 1.0199999772012234 164
1587921255086 0.9299999792128801 165
1587921261345 1.6699999626725912 166
1587921267633 1.1199999749660492 167
1587921273905 0.11999999731779099 168
1587921280181 1.699999962002039 169
1587921286461 0.789999982342124 170
1587921292733 1.9299999568611383 171
1587921298998 1.50999996624887 172
1587921305313 1.9199999570846558 173
1587921311627 1.4999999664723873 174
1587921317926 0.6799999848008156 175
1587921324209 2.0699999537318945 176
1587921330481 2.0999999530613422 177
1587921336762 1.81999995931983 178
1587921343557 1.699999962002039 179
1587921349913 2.319999948143959 180
1587921356209 2.1899999510496855 181
1587921362526 1.6099999640136957 182
1587921368821 2.3999999463558197 183
1587921375112 1.0499999765306711 184
1587921381410 0.909999979659915 185
1587921387702 1.4699999671429396 186
1587921393992 1.1099999751895666 187
1587921400308 1.9999999552965164 188
1587921406625 2.969999933615327 189
1587921412935 2.029999954625964 190
1587921419248 2.389999946579337 191
1587921425583 1.4499999675899744 192
1587921431916 2.0899999532848597 193
1587921438218 1.099999975413084 194
1587921444558 2.899999935179949 195
1587921450882 2.939999934285879 196
1587921457237 2.009999955072999 197
1587921463598 1.339999970048666 198
1587921469970 1.8099999595433474 199
1587921476391 1.1299999747425318 200
1587921482819 3.2699999269098043 201
1587921489284 2.2399999499320984 202
1587921495645 2.059999953955412 203
1587921502010 1.4999999664723873 204
1587921508391 1.4899999666959047 205
1587921514738 8.369999812915921 206
1587921521303 1.1599999740719795 207
1587921528053 0.4999999888241291 208
1587921534409 2.2199999503791332 209
1587921540757 3.2899999264627695 210
1587921547161 2.4499999452382326 211
1587921553525 2.319999948143959 212
1587921559888 2.2199999503791332 213
1587921566250 1.81999995931983 214
1587921572621 1.6599999628961086 215
1587921578993 1.7499999608844519 216
1587921585358 1.7999999597668648 217
1587921591733 1.5499999653548002 218
1587921598108 4.889999890699983 219
1587921604593 2.109999952837825 220
1587921610981 2.6399999409914017 221
1587921617390 1.289999971166253 222
1587921623777 2.849999936297536 223
1587921630157 1.099999975413084 224
1587921636553 3.689999917522073 225
1587921642942 1.3499999698251486 226
1587921649337 3.179999928921461 227
1587921655721 1.8099999595433474 228
1587921662141 6.869999846443534 229
1587921668540 2.0499999541789293 230
1587921674961 2.6899999398738146 231
1587921681365 0.7099999841302633 232
1587921687755 0.7799999825656414 233
1587921694172 2.0199999548494816 234
1587921700788 2.43999994546175 235
1587921707637 2.3299999479204416 236
1587921714175 1.0399999767541885 237
1587921720737 2.2199999503791332 238
1587921727334 2.609999941661954 239
1587921733936 3.609999919310212 240
1587921740529 1.4799999669194221 241
1587921747080 1.2399999722838402 242
1587921753697 1.3499999698251486 243
1587921760289 2.0699999537318945 244
1587921766869 1.3099999707192183 245
1587921773429 2.2099999506026506 246
1587921780057 0.9999999776482582 247
1587921786691 1.4799999669194221 248
1587921793273 3.5099999215453863 249
1587921799820 0.8499999810010195 250
1587921806357 1.7199999615550041 251
1587921812941 1.2599999718368053 252
1587921819569 2.4999999441206455 253
1587921826138 2.269999949261546 254
1587921832678 0.0 255
1587921839230 1.1299999747425318 256
1587921845845 3.539999920874834 257
1587921852438 2.339999947696924 258
1587921859053 1.4999999664723873 259
1587921865725 2.079999953508377 260
1587921872286 2.74999993853271 261
1587921878851 0.6499999854713678 262
1587921886098 2.2899999488145113 263
1587921892761 2.009999955072999 264
1587921899365 1.6899999622255564 265
1587921905997 1.4899999666959047 266
1587921912626 1.7099999617785215 267
1587921919281 1.5499999653548002 268
1587921925897 1.7199999615550041 269
1587921932508 2.43999994546175 270
1587921939101 2.0499999541789293 271
1587921945693 2.659999940544367 272
1587921952320 1.4799999669194221 273
1587921958917 2.199999950826168 274
1587921965621 2.0999999530613422 275
1587921972277 3.829999914392829 276
1587921978853 3.0799999311566353 277
1587921985458 4.7499998938292265 278
1587921992088 1.339999970048666 279
1587921998784 3.5799999199807644 280
1587922005397 2.6199999414384365 281
1587922012065 0.9699999783188105 282
1587922018777 4.059999909251928 283
1587922025585 0.8399999812245369 284
1587922032251 1.9199999570846558 285
1587922039033 1.579999964684248 286
1587922045694 1.3099999707192183 287
1587922052342 1.1899999734014273 288
1587922059013 2.319999948143959 289
1587922066367 2.4299999456852674 290
1587922073082 3.5999999195337296 291
1587922079826 2.6499999407678843 292
1587922086497 2.539999943226576 293
1587922093117 2.1899999510496855 294
1587922099854 2.249999949708581 295
1587922106463 1.8299999590963125 296
1587922113077 4.169999906793237 297
1587922119695 2.2599999494850636 298
1587922126309 1.5999999642372131 299
1587922133020 1.9199999570846558 300
1587922139673 2.2199999503791332 301
1587922146335 0.8399999812245369 302
1587922152988 1.6099999640136957 303
1587922159705 1.8699999582022429 304
1587922166425 1.7999999597668648 305
1587922173129 3.8399999141693115 306
1587922179908 3.2699999269098043 307
1587922186706 3.849999913945794 308
1587922193464 2.699999939650297 309
1587922200261 3.879999913275242 310
1587922207046 2.3099999483674765 311
1587922213793 4.029999909922481 312
1587922220503 2.659999940544367 313
1587922227237 2.8099999371916056 314
1587922233982 1.959999956190586 315
1587922241080 2.299999948590994 316
1587922248233 0.2699999939650297 317
1587922255013 2.579999942332506 318
1587922261809 2.539999943226576 319
1587922268717 2.3999999463558197 320
1587922275477 1.1899999734014273 321
1587922282257 0.1599999964237213 322
1587922289160 1.6599999628961086 323
1587922295997 2.74999993853271 324
1587922302861 2.7599999383091927 325
1587922309690 1.5599999651312828 326
1587922316486 3.2899999264627695 327
1587922323338 9.199999794363976 328
1587922330141 5.14999988488853 329
1587922336988 3.2599999271333218 330
1587922343793 2.729999938979745 331
1587922350602 1.5499999653548002 332
1587922357463 9.549999786540866 333
1587922364291 1.7299999613314867 334
1587922371112 2.5299999434500933 335
1587922377937 1.939999956637621 336
1587922384829 3.4399999231100082 337
1587922391698 2.539999943226576 338
1587922398588 3.519999921321869 339
1587922405542 1.2599999718368053 340
1587922412388 3.0699999313801527 341
1587922419321 3.469999922439456 342
1587922426761 5.669999873265624 343
1587922433625 3.5999999195337296 344
1587922440512 1.3599999696016312 345
1587922447413 2.939999934285879 346
1587922454265 2.559999942779541 347
1587922461097 3.4799999222159386 348
1587922467997 2.3999999463558197 349
1587922474877 2.779999937862158 350
1587922481728 1.4299999680370092 351
1587922488561 2.349999947473407 352
1587922495417 2.4799999445676804 353
1587922502310 1.4399999678134918 354
1587922509173 2.2099999506026506 355
1587922516009 4.6299998965114355 356
1587922522964 2.729999938979745 357
1587922529900 3.7899999152868986 358
1587922536847 3.9899999108165503 359
1587922543853 1.6299999635666609 360
1587922550861 2.4099999461323023 361
1587922557909 3.4099999237805605 362
1587922565227 1.7499999608844519 363
1587922573186 2.3799999468028545 364
1587922580196 5.129999885335565 365
1587922587075 4.969999888911843 366
1587922593922 4.189999906346202 367
1587922601031 3.4299999233335257 368
1587922608178 3.9799999110400677 369
1587922615054 4.329999903216958 370
1587922621949 3.05999993160367 371
1587922628822 1.6699999626725912 372
1587922635706 2.0999999530613422 373
1587922642589 1.7099999617785215 374
1587922649458 3.6299999188631773 375
1587922656336 5.319999881088734 376
1587922663226 3.4599999226629734 377
1587922670117 0.46999998949468136 378
1587922677020 1.7599999606609344 379
1587922684035 3.729999916628003 380
1587922690940 1.8999999575316906 381
1587922697852 1.7499999608844519 382
1587922704773 2.079999953508377 383
1587922711697 3.01999993249774 384
1587922718590 0.8399999812245369 385
1587922725518 2.5699999425560236 386
1587922732462 2.389999946579337 387
1587922739415 2.629999941214919 388
1587922746403 2.1399999521672726 389
1587922753348 2.899999935179949 390
1587922760290 3.999999910593033 391
1587922767239 2.9599999338388443 392
1587922774187 1.9699999559670687 393
1587922781313 1.579999964684248 394
1587922788627 4.279999904334545 395
1587922795603 1.4699999671429396 396
1587922802610 3.6999999172985554 397
1587922809582 3.9399999119341373 398
1587922816548 1.3999999687075615 399
1587922823638 4.929999889805913 400
1587922830636 2.3599999472498894 401
1587922837616 2.0499999541789293 402
1587922844589 2.3299999479204416 403
1587922851587 0.7799999825656414 404
1587922858584 3.279999926686287 405
1587922865674 2.539999943226576 406
1587922872723 2.349999947473407 407
1587922879725 2.059999953955412 408
1587922886904 2.109999952837825 409
1587922893929 4.229999905452132 410
1587922900956 2.3299999479204416 411
1587922907968 2.6399999409914017 412
1587922915013 3.089999930933118 413
1587922922068 2.0199999548494816 414
1587922929165 3.0299999322742224 415
1587922936213 4.239999905228615 416
1587922943243 3.129999930039048 417
1587922950293 2.9599999338388443 418
1587922957342 3.089999930933118 419
1587922965176 3.4299999233335257 420
1587922972267 1.7199999615550041 421
1587922979317 1.1299999747425318 422
1587922986469 2.3999999463558197 423
1587922993603 2.269999949261546 424
1587923000738 2.3799999468028545 425
1587923007841 2.5499999430030584 426
1587923014954 3.4399999231100082 427
1587923022050 4.29999990388751 428
1587923029135 4.8799998909235 429
1587923036254 3.249999927356839 430
1587923043429 3.4799999222159386 431
1587923050588 1.8799999579787254 432
1587923057713 3.9799999110400677 433
1587923064824 2.849999936297536 434
1587923071944 2.3999999463558197 435
1587923079068 1.0699999760836363 436
1587923086198 5.219999883323908 437
1587923093355 2.4499999452382326 438
1587923100522 1.9099999573081732 439
1587923107786 2.819999936968088 440
1587923114966 2.869999935850501 441
1587923122114 2.459999945014715 442
1587923129261 2.0399999544024467 443
1587923136425 0.8699999805539846 444
1587923144214 2.4099999461323023 445
1587923151397 1.2499999720603228 446
1587923158558 2.179999951273203 447
1587923165763 2.339999947696924 448
1587923172939 1.8099999595433474 449
1587923180117 4.069999909028411 450
1587923187303 4.769999893382192 451
1587923194508 6.599999852478504 452
1587923201735 2.699999939650297 453
1587923208934 2.9599999338388443 454
1587923216143 0.9299999792128801 455
1587923223401 4.249999905005097 456
1587923230672 2.4499999452382326 457
1587923237974 2.009999955072999 458
1587923245297 1.7899999599903822 459
1587923252622 1.8999999575316906 460
1587923259851 3.1399999298155308 461
1587923267109 3.2899999264627695 462
1587923274355 0.7299999836832285 463
1587923281621 2.12999995239079 464
1587923288901 4.729999894276261 465
1587923296151 2.0199999548494816 466
1587923303432 4.249999905005097 467
1587923310693 2.6899999398738146 468
1587923317963 4.349999902769923 469
1587923325863 1.889999957755208 470
1587923333153 3.1499999295920134 471
1587923340445 3.3299999255687 472
1587923347773 2.9799999333918095 473
1587923355063 4.649999896064401 474
1587923362373 1.0399999767541885 475
1587923369694 0.5199999883770943 476
1587923377028 1.2999999709427357 477
1587923384338 1.6199999637901783 478
1587923391660 2.2799999490380287 479
1587923399086 0.8699999805539846 480
1587923406459 1.3699999693781137 481
1587923413808 2.7899999376386404 482
1587923421156 2.4799999445676804 483
1587923428515 3.039999932050705 484
1587923435846 1.4699999671429396 485
1587923443205 2.299999948590994 486
1587923450547 3.179999928921461 487
1587923457895 0.6099999863654375 488
1587923465298 1.769999960437417 489
1587923472670 4.029999909922481 490
1587923480045 2.6699999403208494 491
1587923487432 2.2899999488145113 492
1587923494809 2.9599999338388443 493
1587923502737 2.2399999499320984 494
1587923510266 2.3299999479204416 495
1587923517652 1.7099999617785215 496
1587923525080 1.3199999704957008 497
1587923532473 1.6099999640136957 498
1587923539895 5.7299998719245195 499
1587923547420 3.3099999260157347 500
1587923554862 1.699999962002039 501
1587923562266 1.4399999678134918 502
1587923569686 1.6699999626725912 503
1587923577108 2.459999945014715 504
1587923584547 3.659999918192625 505
1587923591989 1.099999975413084 506
1587923599427 1.9899999555200338 507
1587923606903 3.349999925121665 508
1587923614382 1.699999962002039 509
1587923621859 3.449999922886491 510
1587923629397 2.5899999421089888 511
1587923636891 3.3899999242275953 512
1587923644385 3.01999993249774 513
1587923651870 3.419999923557043 514
1587923659341 0.1099999975413084 515
1587923666816 2.3999999463558197 516
1587923674285 2.989999933168292 517
1587923682087 3.3399999253451824 518
1587923689836 1.6299999635666609 519
1587923697464 1.81999995931983 520
1587923705030 3.5599999204277992 521
1587923712537 2.5899999421089888 522
1587923720060 1.409999968484044 523
1587923727579 2.6499999407678843 524
1587923735117 0.979999978095293 525
1587923742637 1.3599999696016312 526
1587923750159 2.339999947696924 527
1587923757706 1.6799999624490738 528
1587923765298 0.3499999921768904 529
1587923772906 2.869999935850501 530
1587923780443 7.649999829009175 531
1587923787995 2.2099999506026506 532
1587923795555 2.229999950155616 533
1587923803129 3.5099999215453863 534
1587923810683 2.7199999392032623 535
1587923818257 3.1199999302625656 536
1587923825909 2.339999947696924 537
1587923833530 3.1199999302625656 538
1587923841120 1.9499999564141035 539
1587923848817 2.299999948590994 540
1587923856438 3.569999920204282 541
1587923864579 1.939999956637621 542
1587923872176 4.5099998991936445 543
1587923879768 2.9299999345093966 544
1587923887418 3.5799999199807644 545
1587923895043 1.5599999651312828 546
1587923902880 1.8699999582022429 547
1587923910497 2.349999947473407 548
1587923918134 2.609999941661954 549
1587923925780 2.899999935179949 550
1587923933438 1.9699999559670687 551
1587923941081 2.1599999517202377 552
1587923948755 2.8399999365210533 553
1587923956409 0.7299999836832285 554
1587923964075 3.05999993160367 555
1587923971737 2.1899999510496855 556
1587923979401 2.0499999541789293 557
1587923987070 4.8699998911470175 558
1587923994759 3.2199999280273914 559
1587924002593 1.839999958872795 560
1587924010312 4.179999906569719 561
1587924018043 1.6799999624490738 562
1587924025845 0.8599999807775021 563
1587924033608 0.6399999856948853 564
1587924041491 3.209999928250909 565
1587924049518 2.539999943226576 566
1587924057245 3.4599999226629734 567
1587924065010 2.7699999380856752 568
1587924072732 2.43999994546175 569
1587924080467 2.5999999418854713 570
1587924088194 2.5499999430030584 571
1587924095930 4.789999892935157 572
1587924103674 3.129999930039048 573
1587924111438 0.6199999861419201 574
1587924119233 4.789999892935157 575
1587924127018 5.2999998815357685 576
1587924134798 3.7899999152868986 577
1587924142558 2.74999993853271 578
1587924150328 2.6899999398738146 579
1587924158207 1.339999970048666 580
1587924165971 2.419999945908785 581
1587924173728 2.679999940097332 582
1587924181517 2.029999954625964 583
1587924189325 3.1999999284744263 584
1587924197142 1.839999958872795 585
1587924204954 3.299999926239252 586
1587924212760 6.589999852702022 587
1587924220689 2.659999940544367 588
1587924228907 2.4799999445676804 589
1587924236742 3.8199999146163464 590
1587924244611 2.009999955072999 591
1587924252470 1.3299999702721834 592
1587924260316 2.8799999356269836 593
1587924268179 3.589999919757247 594
1587924276052 1.9099999573081732 595
1587924283934 2.899999935179949 596
1587924291795 1.9099999573081732 597
1587924299670 1.9199999570846558 598
1587924307597 1.9499999564141035 599
1587924315601 1.8699999582022429 600
1587924323531 0.42999999038875103 601
1587924331430 3.6999999172985554 602
1587924339338 3.849999913945794 603
1587924347248 1.6199999637901783 604
1587924355176 3.6199999190866947 605
1587924363110 1.219999972730875 606
1587924371008 2.8799999356269836 607
1587924378906 2.079999953508377 608
1587924386835 1.269999971613288 609
1587924394759 1.4899999666959047 610
1587924403185 2.12999995239079 611
1587924411096 3.919999912381172 612
1587924419002 2.059999953955412 613
1587924426973 1.5499999653548002 614
1587924434909 2.5699999425560236 615
1587924442861 1.8999999575316906 616
1587924450772 3.3399999253451824 617
1587924458722 2.369999947026372 618
1587924466684 3.689999917522073 619
1587924474745 0.8699999805539846 620
1587924482730 1.3599999696016312 621
1587924490684 1.1999999731779099 622
1587924498647 1.339999970048666 623
1587924506617 3.63999991863966 624
1587924514580 1.3199999704957008 625
1587924522580 3.6699999179691076 626
1587924530566 2.009999955072999 627
1587924538561 2.609999941661954 628
1587924546631 2.3599999472498894 629
1587924554640 1.769999960437417 630
1587924562630 6.619999852031469 631
1587924570639 0.789999982342124 632
1587924578689 1.339999970048666 633
1587924587282 1.699999962002039 634
1587924595394 1.289999971166253 635
1587924603509 0.2199999950826168 636
1587924611540 0.9299999792128801 637
1587924619580 0.9599999785423279 638
1587924627634 1.9099999573081732 639
1587924635799 2.269999949261546 640
1587924643865 1.6599999628961086 641
1587924651895 1.6199999637901783 642
1587924659949 2.029999954625964 643
1587924668098 1.8999999575316906 644
1587924676157 3.7899999152868986 645
1587924684230 1.8499999586492777 646
1587924692305 2.919999934732914 647
1587924700406 0.8999999798834324 648
1587924708493 1.3799999691545963 649
1587924716574 2.7199999392032623 650
1587924724736 3.6499999184161425 651
1587924732870 1.0499999765306711 652
1587924740959 2.3799999468028545 653
1587924749068 1.219999972730875 654
1587924757170 4.039999909698963 655
1587924765792 2.389999946579337 656
1587924773908 1.1899999734014273 657
1587924782046 2.0899999532848597 658
1587924790189 2.4299999456852674 659
1587924798439 2.489999944344163 660
1587924806581 2.2199999503791332 661
1587924814760 2.12999995239079 662
1587924822963 2.369999947026372 663
1587924831245 1.7099999617785215 664
1587924839443 3.05999993160367 665
1587924847646 2.6399999409914017 666
1587924855883 3.5499999206513166 667
1587924864118 1.8999999575316906 668
1587924872357 3.3799999244511127 669
1587924880589 2.7399999387562275 670
1587924888830 2.609999941661954 671
1587924897079 1.2799999713897705 672
1587924905318 0.6199999861419201 673
1587924913536 1.7099999617785215 674
1587924921758 1.4399999678134918 675
1587924929974 1.5899999644607306 676
1587924938224 1.6299999635666609 677
1587924947073 1.459999967366457 678
1587924955358 2.1699999514967203 679
1587924963730 2.609999941661954 680
1587924971964 2.0399999544024467 681
1587924980219 1.7999999597668648 682
1587924988450 2.9099999349564314 683
1587924996708 1.219999972730875 684
1587925004996 1.2299999725073576 685
1587925013242 2.059999953955412 686
1587925021551 4.889999890699983 687
1587925029880 1.8099999595433474 688
1587925038188 1.3099999707192183 689
1587925046477 0.9599999785423279 690
1587925054769 3.129999930039048 691
1587925063062 0.4999999888241291 692
1587925071356 2.7899999376386404 693
1587925079641 2.6499999407678843 694
1587925087990 1.4799999669194221 695
1587925096310 3.5499999206513166 696
1587925104620 0.9599999785423279 697
1587925112936 1.1999999731779099 698
1587925121514 1.9999999552965164 699
1587925130258 3.039999932050705 700
1587925138618 2.3799999468028545 701
1587925146977 3.779999915510416 702
1587925155335 1.5199999660253525 703
1587925163700 4.339999902993441 704
1587925172069 3.2599999271333218 705
1587925180433 1.9499999564141035 706
1587925188841 2.4099999461323023 707
1587925197285 3.01999993249774 708
1587925205786 1.579999964684248 709
1587925214334 2.9799999333918095 710
1587925222817 1.9999999552965164 711
1587925231228 1.459999967366457 712
1587925239683 2.5699999425560236 713
1587925248134 4.409999901428819 714
1587925256605 2.2399999499320984 715
1587925265108 1.7799999602138996 716
1587925273645 0.8799999803304672 717
1587925282145 2.659999940544367 718
1587925290633 0.9699999783188105 719
1587925299252 1.0899999756366014 720
1587925308152 2.0899999532848597 721
1587925316845 1.699999962002039 722
1587925325330 3.6999999172985554 723
1587925333793 3.5599999204277992 724
1587925342265 1.0399999767541885 725
1587925350765 2.939999934285879 726
1587925359228 1.9099999573081732 727
1587925367793 2.7199999392032623 728
1587925376301 0.7499999832361937 729
1587925384852 1.1799999736249447 730
1587925393388 2.5199999436736107 731
1587925401953 2.1599999517202377 732
1587925410535 2.0999999530613422 733
1587925419085 2.369999947026372 734
1587925427642 1.409999968484044 735
1587925436241 3.229999927803874 736
1587925444821 1.8699999582022429 737
1587925453405 1.289999971166253 738
