1588076448185 1001 1
1588076452646 1001 2
1588076457118 1001 3
1588076461592 1001 4
1588076466106 1001 5
1588076470588 1001 6
1588076475251 1001 7
1588076480101 1001 8
1588076484610 1001 9
1588076489154 1001 10
1588076493621 1001 11
1588076498113 1001 12
1588076502638 1001 13
1588076507269 1001 14
1588076511903 1001 15
1588076516542 1001 16
1588076521157 1001 17
1588076525723 1001 18
1588076530224 1001 19
1588076534748 1001 20
1588076539245 1001 21
1588076543824 1001 22
1588076548334 1001 23
1588076552858 1001 24
1588076557453 1001 25
1588076561965 1001 26
1588076566475 1001 27
1588076571046 1001 28
1588076575633 1001 29
1588076580144 1001 30
1588076584776 1001 31
1588076589302 1001 32
1588076593817 1001 33
1588076598340 1001 34
1588076602905 1001 35
1588076607449 1001 36
1588076611957 1001 37
1588076616514 1001 38
1588076621014 1001 39
1588076625569 1001 40
1588076630128 1001 41
1588076634621 1001 42
1588076639117 1001 43
1588076643645 1001 44
1588076648160 1001 45
1588076652673 1001 46
1588076657703 1001 47
1588076662213 1001 48
1588076666804 1001 49
1588076671345 1001 50
1588076675883 1001 51
1588076680535 1001 52
1588076685183 1001 53
1588076689769 1001 54
1588076694328 1001 55
1588076698886 1001 56
1588076703548 1001 57
1588076708071 1001 58
1588076712673 1001 59
1588076717207 1001 60
1588076721723 1001 61
1588076726242 1001 62
1588076730789 1001 63
1588076735362 1001 64
1588076739995 1001 65
1588076744612 1001 66
1588076749163 1001 67
1588076753708 1001 68
1588076758355 1001 69
1588076763065 1001 70
1588076767638 1001 71
1588076772174 1001 72
1588076776708 1001 73
1588076781280 1001 74
1588076785861 1001 75
1588076790474 1001 76
1588076795077 1001 77
1588076799726 1001 78
1588076804382 1001 79
1588076809042 1001 80
1588076813703 1001 81
1588076818335 1001 82
1588076822984 1001 83
1588076827625 1001 84
1588076832215 1001 85
1588076837379 1001 86
1588076841999 1001 87
1588076846651 1001 88
1588076851289 1001 89
1588076855858 1001 90
1588076860407 1001 91
1588076864962 1001 92
1588076869557 1001 93
1588076874220 1001 94
1588076878806 1001 95
1588076883393 1001 96
1588076887956 1001 97
1588076892512 1001 98
1588076897072 1001 99
1588076901636 1001 100
1588076906224 1001 101
1588076910774 1001 102
1588076915330 1001 103
1588076919886 1001 104
1588076924459 1001 105
1588076929061 1001 106
1588076933659 1001 107
1588076938253 1001 108
1588076942863 1001 109
1588076947453 1001 110
1588076952026 1001 111
1588076956614 1001 112
1588076961203 1001 113
1588076965811 1001 114
1588076970488 1001 115
1588076975058 1001 116
1588076979634 1001 117
1588076984211 1001 118
1588076988795 1001 119
1588076993390 1001 120
1588076997960 1001 121
1588077002575 1001 122
1588077007168 1001 123
1588077011774 1001 124
1588077016811 1001 125
1588077021551 1001 126
1588077026169 1001 127
1588077030883 1001 128
1588077035547 1001 129
1588077040219 1001 130
1588077044911 1001 131
1588077049625 1001 132
1588077054298 1001 133
1588077059028 1001 134
1588077063787 1001 135
1588077068467 1001 136
1588077073071 1001 137
1588077077693 1001 138
1588077082299 1001 139
1588077086931 1001 140
1588077091682 1001 141
1588077096342 1001 142
1588077100954 1001 143
1588077105572 1001 144
1588077110210 1001 145
1588077114853 1001 146
1588077119559 1001 147
1588077124208 1001 148
1588077128834 1001 149
1588077133464 1001 150
1588077138088 1001 151
1588077142782 1001 152
1588077147408 1001 153
1588077152035 1001 154
1588077156696 1001 155
1588077161318 1001 156
1588077165976 1001 157
1588077170654 1001 158
1588077175376 1001 159
1588077180108 1001 160
1588077184888 1001 161
1588077189667 1001 162
1588077194345 1001 163
1588077199449 1001 164
1588077204087 1001 165
1588077208736 1001 166
1588077213367 1001 167
1588077218002 1001 168
1588077222642 1001 169
1588077227294 1001 170
1588077231963 1001 171
1588077236622 1001 172
1588077241283 1001 173
1588077245949 1001 174
1588077250622 1001 175
1588077255301 1001 176
1588077259971 1001 177
1588077264643 1001 178
1588077269299 1001 179
1588077274074 1001 180
1588077278749 1001 181
1588077283408 1001 182
1588077288151 1001 183
1588077292929 1001 184
1588077297708 1001 185
1588077302462 1001 186
1588077307126 1001 187
1588077311834 1001 188
1588077316533 1001 189
1588077321350 1001 190
1588077326138 1001 191
1588077330927 1001 192
1588077335744 1001 193
1588077340566 1001 194
1588077345380 1001 195
1588077350232 1001 196
1588077355063 1001 197
1588077359861 1001 198
1588077364720 1001 199
1588077369423 1001 200
1588077374121 1001 201
1588077379402 1001 202
1588077384181 1001 203
1588077388974 1001 204
1588077393784 1001 205
1588077398590 1001 206
1588077403427 1001 207
1588077408195 1001 208
1588077412886 1001 209
1588077417591 1001 210
1588077422423 1001 211
1588077427276 1001 212
1588077432044 1001 213
1588077436799 1001 214
1588077441599 1001 215
1588077446390 1001 216
1588077451245 1001 217
1588077456103 1001 218
1588077460911 1001 219
1588077465739 1001 220
1588077470580 1001 221
1588077475405 1001 222
1588077480137 1001 223
1588077484890 1001 224
1588077489618 1001 225
1588077494385 1001 226
1588077499217 1001 227
1588077503988 1001 228
1588077508712 1001 229
1588077513441 1001 230
1588077518181 1001 231
1588077522928 1001 232
1588077527692 1001 233
1588077532444 1001 234
1588077537199 1001 235
1588077541954 1001 236
1588077546720 1001 237
1588077551465 1001 238
1588077556544 1001 239
1588077561455 1001 240
1588077566203 1001 241
1588077570962 1001 242
1588077575713 1001 243
1588077580464 1001 244
1588077585219 1001 245
1588077589974 1001 246
1588077594738 1001 247
1588077599603 1001 248
1588077604482 1001 249
1588077609412 1001 250
1588077614209 1001 251
1588077618995 1001 252
1588077623762 1001 253
1588077628537 1001 254
1588077633417 1001 255
1588077638255 1001 256
1588077643031 1001 257
1588077647799 1001 258
1588077652586 1001 259
1588077657381 1001 260
1588077662306 1001 261
1588077667159 1001 262
1588077671982 1001 263
1588077676784 1001 264
1588077681696 1001 265
1588077686511 1001 266
1588077691297 1001 267
1588077696091 1001 268
1588077700885 1001 269
1588077705707 1001 270
1588077710497 1001 271
1588077715301 1001 272
1588077720118 1001 273
1588077724951 1001 274
1588077729784 1001 275
1588077734694 1001 276
1588077739989 1001 277
1588077744904 1001 278
1588077749770 1001 279
1588077754608 1001 280
1588077759433 1001 281
1588077764268 1001 282
1588077769103 1001 283
1588077773947 1001 284
1588077778805 1001 285
1588077783689 1001 286
1588077788634 1001 287
1588077793584 1001 288
1588077798545 1001 289
1588077803560 1001 290
1588077808504 1001 291
1588077813469 1001 292
1588077818428 1001 293
1588077823407 1001 294
1588077828399 1001 295
1588077833345 1001 296
1588077838352 1001 297
1588077843338 1001 298
1588077848218 1001 299
1588077853113 1001 300
1588077857998 1001 301
1588077862889 1001 302
1588077867879 1001 303
1588077872838 1001 304
1588077877736 1001 305
1588077882724 1001 306
1588077887606 1001 307
1588077892479 1001 308
1588077897352 1001 309
1588077902271 1001 310
1588077907171 1001 311
1588077912070 1001 312
1588077917495 1001 313
1588077922401 1001 314
1588077927464 1001 315
1588077932521 1001 316
1588077937551 1001 317
1588077942592 1001 318
1588077947700 1001 319
1588077952695 1001 320
1588077957659 1001 321
1588077962715 1001 322
1588077967723 1001 323
1588077972794 1001 324
1588077977751 1001 325
1588077982700 1001 326
1588077987816 1001 327
1588077992955 1001 328
1588077997935 1001 329
1588078003003 1001 330
1588078008045 1001 331
1588078012991 1001 332
1588078018015 1001 333
1588078023073 1001 334
1588078028057 1001 335
1588078033029 1001 336
1588078037992 1001 337
1588078043023 1001 338
1588078048018 1001 339
1588078053003 1001 340
1588078057979 1001 341
1588078063036 1001 342
1588078068112 1001 343
1588078073082 1001 344
1588078078091 1001 345
1588078083121 1001 346
1588078088091 1001 347
1588078093067 1001 348
1588078098506 1001 349
1588078103555 1001 350
1588078108680 1001 351
1588078113782 1001 352
1588078118768 1001 353
1588078123760 1001 354
1588078128757 1001 355
1588078133750 1001 356
1588078138738 1001 357
1588078143768 1001 358
1588078148762 1001 359
1588078153789 1001 360
1588078158787 1001 361
1588078163778 1001 362
1588078168792 1001 363
1588078173801 1001 364
1588078178827 1001 365
1588078183830 1001 366
1588078188844 1001 367
1588078193869 1001 368
1588078198886 1001 369
1588078203957 1001 370
1588078208999 1001 371
1588078214042 1001 372
1588078219071 1001 373
1588078224185 1001 374
1588078229305 1001 375
1588078234429 1001 376
1588078239567 1001 377
1588078244754 1001 378
1588078249942 1001 379
1588078255124 1001 380
1588078260278 1001 381
1588078265414 1001 382
1588078270469 1001 383
1588078275779 1001 384
1588078281109 1001 385
1588078286174 1001 386
1588078291244 1001 387
1588078296347 1001 388
1588078301419 1001 389
1588078306500 1001 390
1588078311562 1001 391
1588078316634 1001 392
1588078321851 1001 393
1588078327075 1001 394
1588078332291 1001 395
1588078337380 1001 396
1588078342468 1001 397
1588078347568 1001 398
1588078352660 1001 399
1588078357763 1001 400
1588078362872 1001 401
1588078368105 1001 402
1588078373201 1001 403
1588078378296 1001 404
1588078383436 1001 405
1588078388531 1001 406
1588078393604 1001 407
1588078398726 1001 408
1588078403852 1001 409
1588078408969 1001 410
1588078414063 1001 411
1588078419152 1001 412
1588078424289 1001 413
1588078429515 1001 414
1588078434717 1001 415
1588078439829 1001 416
1588078444964 1001 417
1588078450182 1001 418
1588078455596 1001 419
1588078461154 1001 420
1588078466341 1001 421
1588078471467 1001 422
1588078476586 1001 423
1588078481710 1001 424
1588078486862 1001 425
1588078492132 1001 426
1588078497398 1001 427
1588078502690 1001 428
1588078507851 1001 429
1588078513013 1001 430
1588078518160 1001 431
1588078523309 1001 432
1588078528465 1001 433
1588078533611 1001 434
1588078538778 1001 435
1588078544035 1001 436
1588078549199 1001 437
1588078554362 1001 438
1588078559510 1001 439
1588078564716 1001 440
1588078569895 1001 441
1588078575084 1001 442
1588078580313 1001 443
1588078585520 1001 444
1588078590826 1001 445
1588078596155 1001 446
1588078601461 1001 447
1588078606733 1001 448
1588078612002 1001 449
1588078617204 1001 450
1588078622451 1001 451
1588078627725 1001 452
1588078632989 1001 453
1588078638631 1001 454
1588078643876 1001 455
1588078649168 1001 456
1588078654502 1001 457
1588078659784 1001 458
1588078665162 1001 459
1588078670414 1001 460
1588078675627 1001 461
1588078680840 1001 462
1588078686079 1001 463
1588078691306 1001 464
1588078696551 1001 465
1588078701855 1001 466
1588078707076 1001 467
1588078712302 1001 468
1588078717537 1001 469
1588078722784 1001 470
1588078728025 1001 471
1588078733270 1001 472
1588078738575 1001 473
1588078743987 1001 474
1588078749304 1001 475
1588078754572 1001 476
1588078759873 1001 477
1588078765188 1001 478
1588078770545 1001 479
1588078775937 1001 480
1588078781207 1001 481
1588078786485 1001 482
1588078791753 1001 483
1588078797029 1001 484
1588078802371 1001 485
1588078807686 1001 486
1588078812986 1001 487
1588078818785 1001 488
1588078824084 1001 489
1588078829406 1001 490
1588078834705 1001 491
1588078840029 1001 492
1588078845365 1001 493
1588078850717 1001 494
1588078856125 1001 495
1588078861509 1001 496
1588078867016 1001 497
1588078872617 1001 498
1588078878107 1001 499
1588078883619 1001 500
1588078889033 1001 501
1588078894422 1001 502
1588078899826 1001 503
1588078905230 1001 504
1588078910653 1001 505
1588078916054 1001 506
1588078921474 1001 507
1588078926878 1001 508
1588078932304 1001 509
1588078937794 1001 510
1588078943208 1001 511
1588078948645 1001 512
1588078954096 1001 513
1588078959519 1001 514
1588078964951 1001 515
1588078970386 1001 516
1588078975824 1001 517
1588078981281 1001 518
1588078986750 1001 519
1588078992231 1001 520
1588078998138 1001 521
1588079003581 1001 522
1588079009050 1001 523
1588079014505 1001 524
1588079019983 1001 525
1588079025462 1001 526
1588079030939 1001 527
1588079036414 1001 528
1588079041909 1001 529
1588079047520 1001 530
1588079053095 1001 531
1588079058565 1001 532
1588079064043 1001 533
1588079069552 1001 534
1588079075078 1001 535
1588079080569 1001 536
1588079086057 1001 537
1588079091718 1001 538
1588079097224 1001 539
1588079102775 1001 540
1588079108288 1001 541
1588079113849 1001 542
1588079119405 1001 543
1588079125032 1001 544
1588079130660 1001 545
1588079136336 1001 546
1588079141983 1001 547
1588079147610 1001 548
1588079153212 1001 549
1588079158851 1001 550
1588079164537 1001 551
1588079170212 1001 552
1588079176110 1001 553
1588079181863 1001 554
1588079187446 1001 555
1588079193045 1001 556
1588079198748 1001 557
1588079204442 1001 558
1588079210117 1001 559
1588079215771 1001 560
1588079221411 1001 561
1588079227098 1001 562
1588079232656 1001 563
1588079238200 1001 564
1588079243770 1001 565
1588079249335 1001 566
1588079254913 1001 567
1588079260468 1001 568
1588079266016 1001 569
1588079271603 1001 570
1588079277194 1001 571
1588079282810 1001 572
1588079288436 1001 573
1588079294017 1001 574
1588079299586 1001 575
1588079305168 1001 576
1588079310750 1001 577
1588079316322 1001 578
1588079321897 1001 579
1588079327510 1001 580
1588079333105 1001 581
1588079338698 1001 582
1588079344312 1001 583
1588079349892 1001 584
1588079355716 1001 585
1588079361599 1001 586
1588079367221 1001 587
1588079372828 1001 588
1588079378435 1001 589
1588079384174 1001 590
1588079389900 1001 591
1588079395655 1001 592
1588079401327 1001 593
1588079406968 1001 594
1588079412618 1001 595
1588079418244 1001 596
1588079423877 1001 597
1588079429507 1001 598
1588079435195 1001 599
1588079440843 1001 600
1588079446493 1001 601
1588079452149 1001 602
1588079457795 1001 603
1588079463467 1001 604
1588079469144 1001 605
1588079474854 1001 606
1588079480611 1001 607
1588079486279 1001 608
1588079491945 1001 609
1588079497631 1001 610
1588079503307 1001 611
1588079508973 1001 612
1588079514635 1001 613
1588079520314 1001 614
1588079526023 1001 615
1588079531747 1001 616
1588079537996 1001 617
1588079543737 1001 618
1588079549477 1001 619
1588079555291 1001 620
1588079561065 1001 621
1588079566997 1001 622
1588079572730 1001 623
1588079578515 1001 624
1588079584262 1001 625
1588079589983 1001 626
1588079595785 1001 627
1588079601594 1001 628
1588079607448 1001 629
1588079613328 1001 630
1588079619106 1001 631
1588079624831 1001 632
1588079630541 1001 633
1588079636272 1001 634
1588079642021 1001 635
1588079647744 1001 636
1588079653470 1001 637
1588079659206 1001 638
1588079664967 1001 639
1588079670793 1001 640
1588079676607 1001 641
1588079682391 1001 642
1588079688245 1001 643
1588079694155 1001 644
1588079700033 1001 645
1588079705912 1001 646
1588079711836 1001 647
1588079718081 1001 648
1588079723973 1001 649
1588079729910 1001 650
1588079735805 1001 651
1588079741637 1001 652
1588079747538 1001 653
1588079753423 1001 654
1588079759281 1001 655
1588079765155 1001 656
1588079771021 1001 657
1588079776881 1001 658
1588079782740 1001 659
1588079788623 1001 660
1588079794566 1001 661
1588079800468 1001 662
1588079806255 1001 663
1588079812151 1001 664
1588079817961 1001 665
1588079823804 1001 666
1588079829602 1001 667
1588079835442 1001 668
1588079841371 1001 669
1588079847275 1001 670
1588079853089 1001 671
1588079858908 1001 672
1588079864732 1001 673
1588079870546 1001 674
1588079876375 1001 675
1588079882301 1001 676
1588079888203 1001 677
1588079894032 1001 678
1588079900330 1001 679
1588079906201 1001 680
1588079912058 1001 681
1588079917944 1001 682
1588079923774 1001 683
1588079929644 1001 684
1588079935488 1001 685
1588079941287 1001 686
1588079947125 1001 687
1588079952936 1001 688
1588079958725 1001 689
1588079964578 1001 690
1588079970467 1001 691
1588079976323 1001 692
1588079982240 1001 693
1588079988110 1001 694
1588079994104 1001 695
1588080000071 1001 696
1588080005973 1001 697
1588080011955 1001 698
1588080017916 1001 699
1588080023791 1001 700
1588080029760 1001 701
1588080035725 1001 702
1588080041640 1001 703
1588080047528 1001 704
1588080053471 1001 705
1588080059291 1001 706
1588080065183 1001 707
1588080071113 1001 708
1588080077508 1001 709
1588080083646 1001 710
1588080089646 1001 711
1588080095593 1001 712
1588080101445 1001 713
1588080107388 1001 714
1588080113323 1001 715
1588080119326 1001 716
1588080125407 1001 717
1588080131335 1001 718
1588080137199 1001 719
1588080143189 1001 720
1588080149146 1001 721
1588080155122 1001 722
1588080161008 1001 723
1588080166903 1001 724
1588080172873 1001 725
1588080178808 1001 726
1588080184807 1001 727
1588080190809 1001 728
1588080196819 1001 729
1588080202847 1001 730
1588080208838 1001 731
1588080214782 1001 732
1588080220819 1001 733
1588080226736 1001 734
1588080232658 1001 735
1588080238565 1001 736
1588080244499 1001 737
1588080250418 1001 738
1588080256750 1001 739
1588080262930 1001 740
1588080268931 1001 741
1588080274870 1001 742
1588080280799 1001 743
1588080286804 1001 744
1588080292875 1001 745
1588080298909 1001 746
1588080304984 1001 747
1588080310925 1001 748
1588080316880 1001 749
1588080322839 1001 750
1588080328815 1001 751
1588080334754 1001 752
1588080340716 1001 753
1588080346688 1001 754
1588080352691 1001 755
1588080358747 1001 756
1588080364834 1001 757
1588080370930 1001 758
1588080376956 1001 759
1588080382962 1001 760
1588080388948 1001 761
1588080394957 1001 762
1588080400999 1001 763
1588080406985 1001 764
1588080413070 1001 765
1588080419194 1001 766
1588080425225 1001 767
1588080431317 1001 768
1588080437713 1001 769
1588080443745 1001 770
1588080449828 1001 771
1588080455959 1001 772
1588080461981 1001 773
1588080468075 1001 774
1588080474185 1001 775
1588080480204 1001 776
1588080486268 1001 777
1588080492318 1001 778
1588080498429 1001 779
1588080504513 1001 780
1588080510650 1001 781
1588080516819 1001 782
1588080522944 1001 783
1588080529092 1001 784
1588080535158 1001 785
1588080541220 1001 786
1588080547282 1001 787
1588080553449 1001 788
1588080559501 1001 789
1588080565572 1001 790
1588080571634 1001 791
1588080577688 1001 792
1588080583731 1001 793
1588080589810 1001 794
1588080595904 1001 795
1588080601989 1001 796
1588080608071 1001 797
1588080614172 1001 798
1588080620727 1001 799
1588080626983 1001 800
1588080633170 1001 801
1588080639246 1001 802
1588080645377 1001 803
1588080651555 1001 804
1588080657690 1001 805
1588080663798 1001 806
1588080670012 1001 807
1588080676245 1001 808
1588080682426 1001 809
1588080688595 1001 810
1588080694802 1001 811
1588080700901 1001 812
1588080707008 1001 813
1588080713114 1001 814
1588080719245 1001 815
1588080725385 1001 816
1588080731626 1001 817
1588080737755 1001 818
1588080743890 1001 819
1588080750040 1001 820
1588080756162 1001 821
1588080762301 1001 822
1588080768577 1001 823
1588080774859 1001 824
1588080781084 1001 825
1588080787245 1001 826
1588080793403 1001 827
1588080799982 1001 828
1588080806209 1001 829
1588080812473 1001 830
1588080818705 1001 831
1588080824852 1001 832
1588080831087 1001 833
1588080837353 1001 834
1588080843561 1001 835
1588080849854 1001 836
1588080856033 1001 837
1588080862200 1001 838
1588080868374 1001 839
1588080874553 1001 840
1588080880825 1001 841
1588080887066 1001 842
1588080893261 1001 843
1588080899433 1001 844
1588080905666 1001 845
1588080911871 1001 846
1588080918074 1001 847
1588080924278 1001 848
1588080930505 1001 849
1588080936738 1001 850
1588080943027 1001 851
1588080949229 1001 852
1588080955429 1001 853
1588080961656 1001 854
1588080967883 1001 855
1588080974152 1001 856
1588080980827 1001 857
1588080987054 1001 858
1588080993346 1001 859
1588080999764 1001 860
1588081006024 1001 861
1588081012435 1001 862
1588081018790 1001 863
1588081025364 1001 864
1588081031844 1001 865
1588081038294 1001 866
1588081044768 1001 867
1588081051276 1001 868
1588081057807 1001 869
1588081064301 1001 870
1588081070684 1001 871
1588081077143 1001 872
1588081083552 1001 873
1588081089960 1001 874
1588081096360 1001 875
1588081102738 1001 876
1588081109220 1001 877
1588081115704 1001 878
1588081122105 1001 879
1588081128538 1001 880
1588081134956 1001 881
1588081141352 1001 882
1588081147753 1001 883
1588081154207 1001 884
1588081161092 1001 885
1588081167511 1001 886
1588081173947 1001 887
1588081180460 1001 888
1588081187041 1001 889
1588081193575 1001 890
1588081200141 1001 891
1588081206659 1001 892
1588081213171 1001 893
1588081219636 1001 894
1588081226116 1001 895
1588081232683 1001 896
1588081239237 1001 897
1588081245786 1001 898
1588081252343 1001 899
1588081258854 1001 900
1588081265543 1001 901
1588081272054 1001 902
1588081278501 1001 903
1588081284955 1001 904
1588081291423 1001 905
1588081297879 1001 906
1588081304313 1001 907
1588081310859 1001 908
1588081317388 1001 909
1588081323880 1001 910
1588081330358 1001 911
1588081337357 1001 912
1588081343902 1001 913
1588081350369 1001 914
1588081356854 1001 915
1588081363368 1001 916
1588081369969 1001 917
1588081376477 1001 918
1588081382991 1001 919
1588081389513 1001 920
1588081396116 1001 921
1588081402686 1001 922
1588081409530 1001 923
1588081416094 1001 924
1588081422761 1001 925
1588081429414 1001 926
1588081435970 1001 927
1588081442570 1001 928
1588081449308 1001 929
1588081455963 1001 930
1588081462481 1001 931
1588081469069 1001 932
1588081475701 1001 933
1588081482239 1001 934
1588081488873 1001 935
1588081495554 1001 936
1588081502253 1001 937
1588081508845 1001 938
1588081515746 1001 939
1588081522646 1001 940
1588081529270 1001 941
1588081535862 1001 942
1588081542579 1001 943
1588081549293 1001 944
1588081556008 1001 945
1588081562655 1001 946
1588081569221 1001 947
1588081575789 1001 948
1588081582358 1001 949
1588081589044 1001 950
1588081595673 1001 951
1588081602231 1001 952
1588081608793 1001 953
1588081615418 1001 954
1588081622109 1001 955
1588081628733 1001 956
1588081635322 1001 957
1588081641910 1001 958
1588081648485 1001 959
1588081655084 1001 960
1588081661649 1001 961
1588081668236 1001 962
1588081674845 1001 963
1588081681463 1001 964
1588081688113 1001 965
1588081694874 1001 966
1588081701776 1001 967
1588081708390 1001 968
1588081715038 1001 969
1588081721698 1001 970
1588081728394 1001 971
1588081735209 1001 972
1588081742066 1001 973
1588081748871 1001 974
1588081755691 1001 975
1588081762474 1001 976
1588081769240 1001 977
1588081775944 1001 978
1588081782686 1001 979
1588081789324 1001 980
1588081795946 1001 981
1588081802722 1001 982
1588081809541 1001 983
1588081816355 1001 984
1588081823062 1001 985
1588081829856 1001 986
1588081836628 1001 987
1588081843357 1001 988
1588081850016 1001 989
1588081856793 1001 990
1588081863622 1001 991
1588081870521 1001 992
1588081877733 1001 993
1588081884550 1001 994
1588081891293 1001 995
1588081898040 1001 996
1588081904742 1001 997
1588081911447 1001 998
1588081918153 1001 999
1588081924919 1001 1000
1588081931720 1001 1001
1588081938426 1001 1002
1588081945180 1001 1003
1588081952022 1001 1004
1588081958740 1001 1005
1588081965463 1001 1006
1588081972221 1001 1007
1588081979065 1001 1008
1588081985980 1001 1009
1588081992880 1001 1010
1588081999692 1001 1011
1588082006423 1001 1012
1588082013178 1001 1013
1588082020030 1001 1014
1588082026918 1001 1015
1588082033686 1001 1016
1588082040484 1001 1017
1588082047310 1001 1018
1588082054165 1001 1019
1588082061258 1001 1020
1588082067979 1001 1021
1588082074724 1001 1022
1588082081461 1001 1023
1588082088196 1001 1024
1588082094930 1001 1025
1588082101680 1001 1026
1588082108422 1001 1027
1588082115155 1001 1028
1588082121892 1001 1029
1588082128709 1001 1030
1588082135597 1001 1031
1588082142440 1001 1032
1588082149170 1001 1033
1588082155993 1001 1034
1588082162924 1001 1035
1588082169876 1001 1036
1588082176743 1001 1037
1588082183483 1001 1038
1588082190230 1001 1039
1588082197076 1001 1040
1588082204050 1001 1041
1588082210924 1001 1042
1588082217677 1001 1043
1588082224571 1001 1044
1588082231317 1001 1045
1588082238575 1001 1046
1588082245435 1001 1047
1588082252247 1001 1048
1588082259136 1001 1049
1588082265957 1001 1050
1588082272781 1001 1051
1588082279515 1001 1052
1588082286267 1001 1053
1588082293077 1001 1054
1588082299936 1001 1055
1588082306851 1001 1056
1588082313746 1001 1057
1588082320512 1001 1058
1588082327269 1001 1059
1588082334176 1001 1060
1588082341037 1001 1061
1588082347912 1001 1062
1588082354788 1001 1063
1588082361523 1001 1064
1588082368286 1001 1065
1588082375047 1001 1066
1588082381792 1001 1067
1588082388641 1001 1068
1588082395450 1001 1069
1588082402227 1001 1070
1588082408995 1001 1071
1588082416010 1001 1072
1588082422966 1001 1073
1588082429729 1001 1074
1588082436494 1001 1075
1588082443224 1001 1076
1588082449971 1001 1077
1588082456726 1001 1078
1588082463476 1001 1079
1588082470274 1001 1080
1588082477037 1001 1081
1588082483803 1001 1082
1588082490549 1001 1083
1588082497318 1001 1084
1588082504089 1001 1085
1588082510817 1001 1086
1588082517546 1001 1087
1588082524289 1001 1088
1588082531021 1001 1089
1588082537741 1001 1090
1588082544478 1001 1091
1588082551230 1001 1092
1588082557940 1001 1093
1588082564647 1001 1094
1588082571393 1001 1095
1588082578251 1001 1096
1588082585106 1001 1097
1588082591937 1001 1098
1588082599041 1001 1099
1588082605859 1001 1100
1588082612671 1001 1101
1588082619397 1001 1102
1588082626171 1001 1103
1588082632958 1001 1104
1588082639847 1001 1105
1588082646605 1001 1106
1588082653328 1001 1107
1588082660046 1001 1108
1588082666787 1001 1109
1588082673548 1001 1110
1588082680300 1001 1111
1588082687045 1001 1112
1588082693784 1001 1113
1588082700516 1001 1114
1588082707309 1001 1115
1588082714191 1001 1116
1588082721092 1001 1117
1588082727879 1001 1118
1588082734625 1001 1119
1588082741507 1001 1120
1588082748365 1001 1121
1588082755086 1001 1122
1588082761926 1001 1123
1588082768830 1001 1124
1588082775754 1001 1125
1588082782772 1001 1126
1588082789525 1001 1127
1588082796243 1001 1128
1588082803030 1001 1129
1588082809956 1001 1130
1588082816890 1001 1131
1588082823764 1001 1132
1588082830665 1001 1133
1588082837470 1001 1134
1588082844248 1001 1135
1588082851092 1001 1136
1588082857826 1001 1137
1588082864569 1001 1138
1588082871375 1001 1139
1588082878131 1001 1140
1588082884930 1001 1141
1588082891740 1001 1142
1588082898608 1001 1143
1588082905390 1001 1144
1588082912242 1001 1145
1588082919030 1001 1146
1588082925762 1001 1147
1588082932507 1001 1148
1588082939309 1001 1149
1588082946077 1001 1150
1588082952909 1001 1151
1588082959992 1001 1152
1588082966703 1001 1153
1588082973471 1001 1154
1588082980244 1001 1155
1588082986980 1001 1156
1588082993792 1001 1157
1588083000659 1001 1158
1588083007540 1001 1159
1588083014455 1001 1160
1588083021310 1001 1161
1588083028183 1001 1162
1588083035022 1001 1163
1588083041808 1001 1164
1588083048659 1001 1165
1588083055406 1001 1166
1588083062335 1001 1167
1588083069218 1001 1168
1588083076030 1001 1169
1588083082904 1001 1170
1588083089826 1001 1171
1588083096580 1001 1172
1588083103323 1001 1173
1588083110082 1001 1174
1588083117008 1001 1175
1588083123792 1001 1176
1588083130540 1001 1177
1588083137689 1001 1178
1588083144449 1001 1179
1588083151234 1001 1180
1588083157986 1001 1181
1588083164697 1001 1182
1588083171431 1001 1183
1588083178140 1001 1184
1588083184942 1001 1185
1588083191748 1001 1186
1588083198507 1001 1187
1588083205263 1001 1188
1588083211987 1001 1189
1588083218792 1001 1190
1588083225571 1001 1191
1588083232293 1001 1192
1588083239042 1001 1193
1588083245799 1001 1194
1588083252526 1001 1195
1588083259228 1001 1196
1588083265948 1001 1197
1588083272663 1001 1198
1588083279552 1001 1199
1588083286318 1001 1200
1588083293365 1001 1201
1588083300114 1001 1202
1588083306871 1001 1203
1588083313594 1001 1204
1588083320720 1001 1205
1588083327443 1001 1206
1588083334186 1001 1207
1588083340998 1001 1208
1588083347802 1001 1209
1588083354581 1001 1210
1588083361391 1001 1211
1588083368159 1001 1212
1588083375063 1001 1213
1588083381932 1001 1214
1588083388681 1001 1215
1588083395400 1001 1216
1588083402114 1001 1217
1588083408858 1001 1218
1588083415673 1001 1219
1588083422422 1001 1220
1588083429141 1001 1221
1588083435854 1001 1222
1588083442641 1001 1223
1588083449418 1001 1224
1588083456199 1001 1225
1588083462969 1001 1226
1588083469715 1001 1227
1588083476471 1001 1228
1588083483377 1001 1229
1588083490198 1001 1230
1588083497436 1001 1231
1588083504174 1001 1232
1588083511016 1001 1233
1588083517926 1001 1234
1588083524858 1001 1235
1588083531665 1001 1236
1588083538400 1001 1237
1588083545145 1001 1238
1588083551874 1001 1239
1588083558637 1001 1240
1588083565361 1001 1241
1588083572214 1001 1242
1588083578974 1001 1243
1588083585791 1001 1244
1588083592610 1001 1245
1588083599499 1001 1246
1588083606405 1001 1247
1588083613151 1001 1248
1588083619918 1001 1249
1588083626732 1001 1250
1588083633577 1001 1251
1588083640382 1001 1252
1588083647323 1001 1253
1588083654151 1001 1254
1588083660934 1001 1255
1588083667804 1001 1256
1588083674693 1001 1257
1588083681761 1001 1258
1588083688525 1001 1259
1588083695386 1001 1260
1588083702261 1001 1261
1588083709079 1001 1262
1588083715811 1001 1263
1588083722560 1001 1264
1588083729306 1001 1265
1588083736064 1001 1266
1588083742810 1001 1267
1588083749545 1001 1268
1588083756291 1001 1269
1588083763026 1001 1270
1588083769762 1001 1271
1588083776497 1001 1272
1588083783291 1001 1273
1588083790083 1001 1274
1588083796859 1001 1275
1588083803681 1001 1276
1588083810537 1001 1277
1588083817331 1001 1278
1588083824153 1001 1279
1588083831034 1001 1280
1588083837912 1001 1281
1588083844677 1001 1282
1588083851538 1001 1283
1588083858845 1001 1284
1588083865700 1001 1285
1588083872557 1001 1286
1588083879375 1001 1287
1588083886116 1001 1288
1588083892848 1001 1289
1588083899594 1001 1290
1588083906500 1001 1291
1588083913414 1001 1292
1588083920286 1001 1293
1588083927139 1001 1294
1588083933897 1001 1295
1588083940643 1001 1296
1588083947418 1001 1297
1588083954167 1001 1298
1588083961049 1001 1299
1588083967935 1001 1300
1588083974854 1001 1301
1588083981733 1001 1302
1588083988520 1001 1303
1588083995339 1001 1304
1588084002243 1001 1305
1588084009132 1001 1306
1588084015971 1001 1307
1588084022866 1001 1308
1588084029657 1001 1309
1588084036687 1001 1310
1588084043591 1001 1311
1588084050588 1001 1312
1588084057503 1001 1313
1588084064296 1001 1314
1588084071151 1001 1315
1588084077941 1001 1316
1588084084743 1001 1317
1588084091583 1001 1318
1588084098316 1001 1319
1588084105067 1001 1320
1588084111969 1001 1321
1588084118732 1001 1322
1588084125480 1001 1323
1588084132232 1001 1324
1588084139111 1001 1325
1588084146060 1001 1326
1588084152865 1001 1327
1588084159617 1001 1328
1588084166459 1001 1329
1588084173342 1001 1330
1588084180213 1001 1331
1588084187029 1001 1332
1588084193941 1001 1333
1588084200753 1001 1334
1588084207655 1001 1335
1588084214473 1001 1336
1588084221601 1001 1337
1588084228351 1001 1338
1588084235069 1001 1339
1588084241819 1001 1340
1588084248630 1001 1341
1588084255446 1001 1342
1588084262365 1001 1343
1588084269145 1001 1344
1588084275986 1001 1345
1588084282847 1001 1346
1588084289661 1001 1347
1588084296491 1001 1348
1588084303380 1001 1349
1588084310249 1001 1350
1588084317015 1001 1351
1588084323772 1001 1352
1588084330533 1001 1353
1588084337403 1001 1354
1588084344249 1001 1355
1588084351095 1001 1356
1588084358001 1001 1357
1588084364876 1001 1358
1588084371745 1001 1359
1588084378674 1001 1360
1588084385474 1001 1361
1588084392221 1001 1362
1588084399418 1001 1363
1588084406267 1001 1364
1588084413093 1001 1365
1588084419830 1001 1366
1588084426559 1001 1367
1588084433304 1001 1368
1588084440163 1001 1369
1588084447070 1001 1370
1588084453829 1001 1371
1588084460676 1001 1372
1588084467572 1001 1373
1588084474438 1001 1374
1588084481276 1001 1375
1588084488089 1001 1376
1588084494911 1001 1377
1588084501651 1001 1378
1588084508452 1001 1379
1588084515230 1001 1380
1588084522046 1001 1381
1588084528864 1001 1382
1588084535615 1001 1383
1588084542366 1001 1384
1588084549133 1001 1385
1588084555926 1001 1386
1588084562751 1001 1387
1588084569629 1001 1388
1588084576701 1001 1389
1588084583585 1001 1390
1588084590341 1001 1391
1588084597154 1001 1392
1588084604006 1001 1393
1588084610833 1001 1394
1588084617715 1001 1395
1588084624583 1001 1396
1588084631336 1001 1397
1588084638077 1001 1398
1588084644810 1001 1399
1588084651572 1001 1400
1588084658390 1001 1401
1588084665170 1001 1402
1588084671936 1001 1403
1588084678693 1001 1404
1588084685521 1001 1405
1588084692357 1001 1406
1588084699088 1001 1407
1588084705838 1001 1408
1588084712740 1001 1409
1588084719569 1001 1410
1588084726337 1001 1411
1588084733080 1001 1412
1588084739825 1001 1413
1588084746596 1001 1414
1588084753374 1001 1415
1588084760647 1001 1416
1588084767381 1001 1417
1588084774137 1001 1418
1588084781003 1001 1419
1588084787931 1001 1420
1588084794858 1001 1421
1588084801671 1001 1422
1588084808433 1001 1423
1588084815198 1001 1424
1588084821977 1001 1425
1588084828710 1001 1426
1588084835454 1001 1427
1588084842185 1001 1428
1588084848919 1001 1429
1588084855683 1001 1430
1588084862433 1001 1431
1588084869189 1001 1432
1588084875960 1001 1433
1588084882705 1001 1434
1588084889470 1001 1435
1588084896230 1001 1436
1588084902964 1001 1437
1588084909704 1001 1438
1588084916447 1001 1439
1588084923326 1001 1440
1588084930210 1001 1441
1588084937332 1001 1442
1588084944158 1001 1443
1588084951000 1001 1444
1588084957763 1001 1445
1588084964607 1001 1446
1588084971471 1001 1447
1588084978373 1001 1448
1588084985315 1001 1449
1588084992200 1001 1450
1588084998987 1001 1451
1588085005750 1001 1452
1588085012497 1001 1453
1588085019238 1001 1454
1588085026009 1001 1455
1588085032776 1001 1456
1588085039517 1001 1457
1588085046298 1001 1458
1588085053049 1001 1459
1588085059897 1001 1460
1588085066734 1001 1461
1588085073524 1001 1462
1588085080371 1001 1463
1588085087192 1001 1464
1588085093972 1001 1465
1588085100711 1001 1466
1588085107491 1001 1467
1588085114332 1001 1468
1588085121580 1001 1469
1588085128374 1001 1470
1588085135124 1001 1471
1588085141886 1001 1472
1588085148711 1001 1473
1588085155486 1001 1474
1588085162392 1001 1475
1588085169194 1001 1476
1588085176039 1001 1477
1588085182858 1001 1478
1588085189638 1001 1479
1588085196489 1001 1480
1588085203241 1001 1481
1588085209990 1001 1482
1588085216791 1001 1483
1588085223701 1001 1484
1588085230582 1001 1485
1588085237349 1001 1486
1588085244119 1001 1487
1588085250868 1001 1488
1588085257670 1001 1489
1588085264441 1001 1490
1588085271182 1001 1491
1588085277932 1001 1492
1588085284763 1001 1493
1588085291515 1001 1494
1588085298646 1001 1495
1588085305406 1001 1496
1588085312154 1001 1497
1588085318912 1001 1498
1588085325781 1001 1499
1588085332654 1001 1500
1588085339547 1001 1501
1588085346459 1001 1502
1588085353304 1001 1503
1588085360021 1001 1504
1588085366891 1001 1505
1588085373668 1001 1506
1588085380412 1001 1507
1588085387155 1001 1508
1588085393890 1001 1509
1588085400633 1001 1510
1588085407401 1001 1511
1588085414214 1001 1512
1588085420928 1001 1513
1588085427672 1001 1514
1588085434433 1001 1515
1588085441312 1001 1516
1588085448095 1001 1517
1588085454843 1001 1518
1588085461663 1001 1519
1588085468484 1001 1520
1588085475606 1001 1521
1588085482778 1001 1522
1588085489546 1001 1523
1588085496363 1001 1524
1588085503187 1001 1525
1588085510041 1001 1526
1588085516847 1001 1527
1588085523611 1001 1528
1588085530474 1001 1529
1588085537271 1001 1530
1588085544018 1001 1531
1588085550768 1001 1532
1588085557625 1001 1533
1588085564536 1001 1534
1588085571411 1001 1535
1588085578277 1001 1536
1588085585174 1001 1537
1588085591917 1001 1538
1588085598770 1001 1539
1588085605614 1001 1540
1588085612499 1001 1541
1588085619321 1001 1542
1588085626081 1001 1543
1588085632881 1001 1544
1588085639770 1001 1545
1588085646724 1001 1546
1588085653615 1001 1547
1588085660823 1001 1548
1588085667648 1001 1549
1588085674500 1001 1550
1588085681275 1001 1551
1588085688050 1001 1552
1588085694822 1001 1553
1588085701590 1001 1554
1588085708542 1001 1555
1588085715446 1001 1556
1588085722233 1001 1557
1588085729085 1001 1558
1588085735991 1001 1559
1588085742918 1001 1560
1588085749810 1001 1561
1588085756683 1001 1562
1588085763543 1001 1563
1588085770417 1001 1564
1588085777346 1001 1565
1588085784233 1001 1566
1588085791080 1001 1567
1588085797964 1001 1568
1588085804832 1001 1569
1588085811718 1001 1570
1588085818590 1001 1571
1588085825531 1001 1572
1588085832434 1001 1573
1588085839633 1001 1574
1588085846396 1001 1575
1588085853141 1001 1576
1588085859899 1001 1577
1588085866794 1001 1578
1588085873668 1001 1579
1588085880530 1001 1580
1588085887503 1001 1581
1588085894338 1001 1582
1588085901097 1001 1583
1588085907853 1001 1584
1588085914610 1001 1585
1588085921366 1001 1586
1588085928144 1001 1587
1588085934896 1001 1588
1588085941645 1001 1589
1588085948445 1001 1590
1588085955285 1001 1591
1588085962060 1001 1592
1588085968796 1001 1593
1588085975552 1001 1594
1588085982426 1001 1595
1588085989253 1001 1596
1588085996005 1001 1597
1588086002882 1001 1598
1588086009697 1001 1599
1588086016929 1001 1600
1588086023978 1001 1601
1588086030819 1001 1602
1588086037588 1001 1603
1588086044333 1001 1604
1588086051108 1001 1605
1588086057869 1001 1606
1588086064765 1001 1607
1588086071550 1001 1608
1588086078378 1001 1609
1588086085270 1001 1610
1588086092161 1001 1611
1588086099031 1001 1612
1588086105951 1001 1613
1588086112838 1001 1614
1588086119734 1001 1615
1588086126656 1001 1616
1588086133498 1001 1617
1588086140401 1001 1618
1588086147304 1001 1619
1588086154152 1001 1620
1588086160898 1001 1621
1588086167645 1001 1622
1588086174532 1001 1623
1588086181472 1001 1624
1588086188367 1001 1625
1588086195276 1001 1626
1588086202334 1001 1627
1588086209135 1001 1628
1588086216058 1001 1629
1588086222966 1001 1630
1588086229849 1001 1631
1588086236771 1001 1632
1588086243644 1001 1633
1588086250394 1001 1634
1588086257219 1001 1635
1588086264021 1001 1636
1588086270855 1001 1637
1588086277759 1001 1638
1588086284547 1001 1639
1588086291356 1001 1640
1588086298207 1001 1641
1588086305034 1001 1642
1588086311933 1001 1643
1588086318806 1001 1644
1588086325728 1001 1645
1588086332636 1001 1646
1588086339532 1001 1647
1588086346305 1001 1648
1588086353087 1001 1649
1588086359908 1001 1650
1588086366757 1001 1651
1588086373630 1001 1652
1588086380993 1001 1653
1588086387874 1001 1654
1588086394722 1001 1655
1588086401593 1001 1656
1588086408447 1001 1657
1588086415389 1001 1658
1588086422307 1001 1659
1588086429178 1001 1660
1588086435952 1001 1661
1588086442714 1001 1662
1588086449464 1001 1663
1588086456218 1001 1664
1588086462988 1001 1665
1588086469768 1001 1666
1588086476548 1001 1667
1588086483351 1001 1668
1588086490165 1001 1669
1588086496935 1001 1670
1588086503705 1001 1671
1588086510524 1001 1672
1588086517387 1001 1673
1588086524241 1001 1674
1588086531143 1001 1675
1588086537937 1001 1676
1588086544709 1001 1677
1588086551435 1001 1678
1588086558635 1001 1679
1588086565465 1001 1680
1588086572297 1001 1681
1588086579165 1001 1682
1588086585956 1001 1683
1588086592737 1001 1684
1588086599621 1001 1685
1588086606542 1001 1686
1588086613313 1001 1687
1588086620115 1001 1688
1588086626921 1001 1689
1588086633722 1001 1690
1588086640563 1001 1691
1588086647411 1001 1692
1588086654177 1001 1693
1588086660934 1001 1694
1588086667730 1001 1695
1588086674488 1001 1696
1588086681292 1001 1697
1588086688112 1001 1698
1588086694893 1001 1699
1588086701773 1001 1700
1588086708765 1001 1701
1588086715629 1001 1702
1588086722532 1001 1703
1588086729321 1001 1704
1588086736419 1001 1705
1588086743452 1001 1706
1588086750317 1001 1707
1588086757150 1001 1708
1588086763972 1001 1709
1588086770818 1001 1710
1588086777674 1001 1711
1588086784424 1001 1712
1588086791186 1001 1713
1588086798001 1001 1714
1588086804829 1001 1715
1588086811727 1001 1716
1588086818552 1001 1717
1588086825411 1001 1718
1588086832202 1001 1719
1588086838995 1001 1720
1588086845858 1001 1721
1588086852670 1001 1722
1588086859367 1001 1723
1588086866046 1001 1724
1588086872729 1001 1725
1588086879423 1001 1726
1588086886186 1001 1727
1588086892945 1001 1728
1588086899676 1001 1729
1588086906408 1001 1730
1588086913136 1001 1731
1588086920343 1001 1732
1588086927058 1001 1733
1588086933750 1001 1734
1588086940469 1001 1735
1588086947239 1001 1736
1588086954015 1001 1737
1588086960679 1001 1738
1588086967382 1001 1739
1588086974092 1001 1740
1588086980761 1001 1741
1588086987456 1001 1742
1588086994131 1001 1743
1588087000806 1001 1744
1588087007514 1001 1745
1588087014181 1001 1746
1588087020846 1001 1747
1588087027538 1001 1748
1588087034253 1001 1749
1588087041066 1001 1750
1588087047833 1001 1751
1588087054562 1001 1752
1588087061310 1001 1753
1588087068151 1001 1754
1588087074977 1001 1755
1588087081726 1001 1756
1588087088497 1001 1757
1588087095408 1001 1758
1588087102336 1001 1759
1588087109111 1001 1760
1588087115806 1001 1761
1588087122593 1001 1762
1588087129389 1001 1763
1588087136144 1001 1764
1588087142913 1001 1765
1588087149693 1001 1766
1588087156542 1001 1767
1588087163260 1001 1768
1588087169953 1001 1769
1588087176746 1001 1770
1588087183562 1001 1771
1588087190333 1001 1772
1588087197176 1001 1773
1588087204026 1001 1774
1588087210860 1001 1775
1588087217643 1001 1776
1588087224354 1001 1777
1588087231134 1001 1778
1588087237861 1001 1779
1588087244641 1001 1780
1588087251329 1001 1781
1588087258031 1001 1782
1588087264733 1001 1783
1588087271411 1001 1784
1588087278530 1001 1785
1588087285233 1001 1786
1588087291934 1001 1787
1588087298636 1001 1788
1588087305343 1001 1789
1588087312048 1001 1790
1588087318760 1001 1791
1588087325555 1001 1792
1588087332224 1001 1793
1588087338976 1001 1794
1588087345820 1001 1795
1588087352462 1001 1796
1588087359145 1001 1797
1588087365817 1001 1798
1588087372570 1001 1799
1588087379317 1001 1800
1588087386096 1001 1801
1588087392839 1001 1802
1588087399561 1001 1803
1588087406221 1001 1804
1588087412983 1001 1805
1588087419739 1001 1806
1588087426386 1001 1807
1588087433221 1001 1808
1588087440010 1001 1809
1588087446885 1001 1810
1588087453715 1001 1811
1588087460893 1001 1812
1588087467668 1001 1813
1588087474481 1001 1814
1588087481316 1001 1815
1588087487998 1001 1816
1588087494708 1001 1817
1588087501434 1001 1818
1588087508250 1001 1819
1588087515163 1001 1820
1588087522079 1001 1821
1588087528960 1001 1822
1588087535741 1001 1823
1588087542489 1001 1824
1588087549259 1001 1825
1588087556044 1001 1826
1588087562814 1001 1827
1588087569616 1001 1828
1588087576337 1001 1829
1588087583101 1001 1830
1588087589911 1001 1831
1588087596851 1001 1832
1588087603763 1001 1833
1588087610585 1001 1834
1588087617445 1001 1835
1588087624326 1001 1836
1588087631067 1001 1837
1588087638296 1001 1838
1588087645120 1001 1839
1588087652072 1001 1840
1588087658989 1001 1841
1588087665764 1001 1842
1588087672655 1001 1843
1588087679463 1001 1844
1588087686408 1001 1845
1588087693274 1001 1846
1588087700177 1001 1847
1588087706995 1001 1848
1588087713869 1001 1849
1588087720766 1001 1850
1588087727515 1001 1851
1588087734258 1001 1852
1588087741070 1001 1853
1588087747871 1001 1854
1588087754656 1001 1855
1588087761418 1001 1856
1588087768170 1001 1857
1588087774934 1001 1858
1588087781772 1001 1859
1588087788550 1001 1860
1588087795327 1001 1861
1588087802118 1001 1862
1588087808879 1001 1863
1588087815772 1001 1864
1588087822793 1001 1865
1588087829563 1001 1866
1588087836323 1001 1867
1588087843092 1001 1868
1588087849921 1001 1869
1588087856736 1001 1870
1588087863707 1001 1871
1588087870610 1001 1872
1588087877477 1001 1873
1588087884367 1001 1874
1588087891184 1001 1875
1588087897950 1001 1876
1588087904732 1001 1877
1588087911499 1001 1878
1588087918371 1001 1879
1588087925329 1001 1880
1588087932104 1001 1881
1588087938936 1001 1882
1588087945706 1001 1883
1588087952451 1001 1884
1588087959236 1001 1885
1588087965997 1001 1886
1588087972758 1001 1887
1588087979494 1001 1888
1588087986276 1001 1889
1588087993076 1001 1890
1588088000174 1001 1891
1588088006924 1001 1892
1588088013818 1001 1893
1588088020709 1001 1894
1588088027613 1001 1895
1588088034551 1001 1896
1588088041361 1001 1897
1588088048242 1001 1898
1588088055037 1001 1899
1588088061813 1001 1900
1588088068733 1001 1901
1588088075553 1001 1902
1588088082478 1001 1903
1588088089310 1001 1904
1588088096108 1001 1905
1588088102907 1001 1906
1588088109775 1001 1907
1588088116673 1001 1908
1588088123545 1001 1909
1588088130415 1001 1910
1588088137335 1001 1911
1588088144248 1001 1912
1588088151045 1001 1913
1588088157899 1001 1914
1588088164798 1001 1915
1588088171718 1001 1916
1588088178958 1001 1917
1588088185740 1001 1918
1588088192581 1001 1919
1588088199528 1001 1920
1588088206286 1001 1921
1588088213031 1001 1922
1588088219835 1001 1923
1588088226780 1001 1924
1588088233719 1001 1925
1588088240496 1001 1926
1588088247238 1001 1927
1588088253982 1001 1928
1588088260776 1001 1929
1588088267659 1001 1930
1588088274482 1001 1931
1588088281267 1001 1932
1588088288061 1001 1933
1588088294977 1001 1934
1588088301929 1001 1935
1588088308823 1001 1936
1588088315785 1001 1937
1588088322626 1001 1938
1588088329420 1001 1939
1588088336272 1001 1940
1588088343165 1001 1941
1588088350058 1001 1942
1588088357320 1001 1943
1588088364165 1001 1944
1588088370951 1001 1945
1588088377875 1001 1946
1588088384791 1001 1947
1588088391581 1001 1948
1588088398461 1001 1949
1588088405390 1001 1950
1588088412257 1001 1951
1588088419149 1001 1952
1588088425997 1001 1953
1588088432890 1001 1954
1588088439818 1001 1955
1588088446718 1001 1956
1588088453526 1001 1957
1588088460288 1001 1958
1588088467051 1001 1959
1588088473853 1001 1960
1588088480597 1001 1961
1588088487430 1001 1962
1588088494311 1001 1963
1588088501147 1001 1964
1588088507932 1001 1965
1588088514790 1001 1966
1588088521611 1001 1967
1588088528407 1001 1968
1588088535414 1001 1969
1588088542564 1001 1970
1588088549331 1001 1971
1588088555971 1001 1972
1588088562554 1001 1973
1588088569283 1001 1974
1588088576021 1001 1975
1588088582661 1001 1976
1588088589386 1001 1977
1588088596094 1001 1978
1588088602790 1001 1979
1588088609558 1001 1980
1588088616289 1001 1981
1588088623021 1001 1982
1588088629892 1001 1983
1588088636597 1001 1984
1588088643350 1001 1985
1588088650014 1001 1986
1588088656613 1001 1987
1588088663154 1001 1988
1588088669694 1001 1989
1588088676259 1001 1990
1588088682770 1001 1991
1588088689297 1001 1992
1588088695922 1001 1993
1588088702485 1001 1994
1588088709071 1001 1995
1588088715840 1001 1996
1588088722628 1001 1997
1588088729197 1001 1998
1588088735731 1001 1999
1588088742321 1001 2000
1588088749185 1001 2001
1588088755715 1001 2002
1588088762276 1001 2003
1588088768789 1001 2004
1588088775359 1001 2005
1588088781906 1001 2006
1588088788556 1001 2007
1588088795245 1001 2008
1588088801914 1001 2009
1588088808465 1001 2010
1588088815019 1001 2011
1588088821615 1001 2012
1588088828308 1001 2013
1588088834982 1001 2014
1588088841679 1001 2015
1588088848330 1001 2016
1588088854941 1001 2017
1588088861468 1001 2018
1588088867996 1001 2019
1588088874524 1001 2020
1588088881058 1001 2021
1588088887683 1001 2022
1588088894222 1001 2023
1588088901219 1001 2024
1588088907741 1001 2025
1588088914255 1001 2026
1588088920771 1001 2027
1588088927298 1001 2028
1588088933852 1001 2029
1588088940474 1001 2030
1588088947070 1001 2031
1588088953608 1001 2032
1588088960131 1001 2033
1588088966659 1001 2034
1588088973254 1001 2035
1588088979939 1001 2036
1588088986557 1001 2037
1588088993292 1001 2038
1588089000028 1001 2039
1588089006700 1001 2040
1588089013382 1001 2041
1588089019896 1001 2042
1588089026407 1001 2043
1588089032939 1001 2044
1588089039565 1001 2045
1588089046164 1001 2046
1588089052832 1001 2047
1588089059527 1001 2048
1588089066137 1001 2049
1588089072767 1001 2050
1588089079867 1001 2051
1588089086516 1001 2052
1588089093153 1001 2053
1588089099887 1001 2054
1588089106543 1001 2055
1588089113079 1001 2056
1588089119640 1001 2057
1588089126310 1001 2058
1588089132865 1001 2059
1588089139425 1001 2060
1588089146046 1001 2061
1588089152680 1001 2062
1588089159213 1001 2063
1588089165764 1001 2064
1588089172339 1001 2065
1588089178877 1001 2066
1588089185440 1001 2067
1588089191970 1001 2068
1588089198492 1001 2069
1588089205092 1001 2070
1588089211591 1001 2071
1588089218108 1001 2072
1588089224778 1001 2073
1588089231311 1001 2074
1588089237821 1001 2075
1588089244369 1001 2076
1588089250870 1001 2077
1588089257755 1001 2078
1588089264293 1001 2079
1588089270851 1001 2080
1588089277388 1001 2081
1588089283923 1001 2082
1588089290431 1001 2083
1588089296953 1001 2084
1588089303528 1001 2085
1588089310035 1001 2086
1588089316549 1001 2087
1588089323034 1001 2088
1588089329540 1001 2089
1588089336043 1001 2090
1588089342548 1001 2091
1588089349034 1001 2092
1588089355556 1001 2093
1588089362225 1001 2094
1588089368846 1001 2095
1588089375527 1001 2096
1588089382102 1001 2097
1588089388764 1001 2098
1588089395251 1001 2099
1588089401782 1001 2100
1588089408384 1001 2101
1588089414922 1001 2102
1588089421597 1001 2103
1588089428109 1001 2104
1588089434709 1001 2105
1588089441698 1001 2106
1588089448246 1001 2107
1588089454869 1001 2108
1588089461582 1001 2109
1588089468327 1001 2110
1588089474884 1001 2111
1588089481445 1001 2112
1588089487980 1001 2113
1588089494499 1001 2114
1588089501030 1001 2115
1588089507562 1001 2116
1588089514064 1001 2117
1588089520600 1001 2118
1588089527080 1001 2119
1588089533576 1001 2120
1588089540138 1001 2121
1588089546700 1001 2122
1588089553287 1001 2123
1588089559916 1001 2124
1588089566538 1001 2125
1588089573044 1001 2126
1588089579634 1001 2127
1588089586130 1001 2128
1588089592641 1001 2129
1588089599176 1001 2130
1588089605721 1001 2131
1588089612282 1001 2132
1588089619457 1001 2133
1588089625969 1001 2134
1588089632546 1001 2135
1588089639217 1001 2136
1588089645753 1001 2137
1588089652272 1001 2138
1588089658923 1001 2139
1588089665602 1001 2140
1588089672315 1001 2141
1588089678939 1001 2142
1588089685533 1001 2143
1588089692125 1001 2144
1588089698827 1001 2145
1588089705401 1001 2146
1588089712093 1001 2147
1588089718784 1001 2148
1588089725359 1001 2149
1588089732030 1001 2150
1588089738723 1001 2151
1588089745298 1001 2152
1588089751774 1001 2153
1588089758275 1001 2154
1588089764799 1001 2155
1588089771377 1001 2156
1588089778082 1001 2157
1588089784790 1001 2158
1588089791401 1001 2159
1588089798451 1001 2160
1588089804962 1001 2161
1588089811622 1001 2162
1588089818169 1001 2163
1588089824829 1001 2164
1588089831524 1001 2165
1588089838151 1001 2166
1588089844866 1001 2167
1588089851583 1001 2168
1588089858295 1001 2169
1588089865019 1001 2170
1588089871656 1001 2171
1588089878197 1001 2172
1588089884868 1001 2173
1588089891407 1001 2174
1588089897952 1001 2175
1588089904506 1001 2176
1588089911073 1001 2177
1588089917596 1001 2178
1588089924028 1001 2179
1588089930556 1001 2180
1588089937053 1001 2181
1588089943573 1001 2182
1588089950084 1001 2183
1588089956600 1001 2184
1588089963212 1001 2185
1588089969739 1001 2186
1588089976519 1001 2187
1588089983278 1001 2188
1588089989826 1001 2189
1588089996364 1001 2190
1588090002862 1001 2191
1588090009347 1001 2192
1588090015850 1001 2193
1588090022379 1001 2194
1588090028917 1001 2195
1588090035411 1001 2196
1588090041927 1001 2197
1588090048436 1001 2198
1588090054943 1001 2199
1588090061476 1001 2200
1588090068079 1001 2201
1588090074587 1001 2202
1588090081248 1001 2203
1588090087723 1001 2204
1588090094135 1001 2205
1588090100626 1001 2206
1588090107115 1001 2207
1588090113600 1001 2208
1588090120109 1001 2209
1588090126641 1001 2210
1588090133127 1001 2211
1588090139627 1001 2212
1588090146107 1001 2213
1588090152624 1001 2214
1588090159630 1001 2215
1588090166135 1001 2216
1588090172630 1001 2217
1588090179150 1001 2218
1588090185632 1001 2219
1588090192147 1001 2220
1588090198641 1001 2221
1588090205174 1001 2222
1588090211721 1001 2223
1588090218326 1001 2224
1588090224969 1001 2225
1588090231490 1001 2226
1588090238051 1001 2227
1588090244515 1001 2228
1588090251005 1001 2229
1588090257663 1001 2230
1588090264241 1001 2231
1588090270895 1001 2232
1588090277387 1001 2233
1588090283929 1001 2234
1588090290615 1001 2235
1588090297307 1001 2236
1588090303839 1001 2237
1588090310315 1001 2238
1588090316910 1001 2239
1588090323604 1001 2240
1588090330287 1001 2241
1588090337267 1001 2242
1588090343901 1001 2243
1588090350420 1001 2244
1588090356920 1001 2245
1588090363530 1001 2246
1588090370225 1001 2247
1588090376776 1001 2248
1588090383487 1001 2249
1588090390213 1001 2250
1588090396825 1001 2251
1588090403470 1001 2252
1588090410120 1001 2253
1588090416684 1001 2254
1588090423385 1001 2255
1588090430074 1001 2256
1588090436732 1001 2257
1588090443383 1001 2258
1588090449984 1001 2259
1588090456680 1001 2260
1588090463263 1001 2261
1588090469794 1001 2262
1588090476312 1001 2263
1588090482941 1001 2264
1588090489581 1001 2265
1588090496255 1001 2266
1588090502834 1001 2267
1588090509365 1001 2268
1588090516150 1001 2269
1588090523045 1001 2270
1588090529563 1001 2271
1588090536087 1001 2272
1588090542614 1001 2273
1588090549334 1001 2274
1588090555897 1001 2275
1588090562408 1001 2276
1588090568893 1001 2277
1588090575540 1001 2278
1588090582023 1001 2279
1588090588558 1001 2280
1588090595065 1001 2281
1588090601575 1001 2282
1588090608058 1001 2283
1588090614555 1001 2284
1588090621097 1001 2285
1588090627632 1001 2286
1588090634146 1001 2287
1588090640648 1001 2288
1588090647209 1001 2289
1588090653806 1001 2290
1588090660362 1001 2291
1588090666946 1001 2292
1588090673476 1001 2293
1588090680006 1001 2294
1588090686611 1001 2295
1588090693190 1001 2296
1588090700231 1001 2297
1588090706814 1001 2298
1588090713361 1001 2299
1588090720090 1001 2300
1588090726886 1001 2301
1588090733619 1001 2302
1588090740490 1001 2303
1588090747377 1001 2304
1588090754215 1001 2305
1588090761006 1001 2306
1588090767739 1001 2307
1588090774399 1001 2308
1588090781039 1001 2309
1588090787698 1001 2310
1588090794425 1001 2311
1588090801151 1001 2312
1588090807980 1001 2313
1588090814689 1001 2314
1588090821506 1001 2315
1588090828353 1001 2316
1588090835165 1001 2317
1588090841930 1001 2318
1588090848717 1001 2319
1588090855444 1001 2320
1588090862137 1001 2321
1588090868909 1001 2322
1588090875990 1001 2323
1588090882940 1001 2324
1588090889632 1001 2325
1588090896327 1001 2326
1588090903081 1001 2327
1588090909724 1001 2328
1588090916457 1001 2329
1588090923251 1001 2330
1588090930030 1001 2331
1588090936789 1001 2332
1588090943542 1001 2333
1588090950419 1001 2334
1588090957286 1001 2335
1588090964028 1001 2336
1588090970788 1001 2337
1588090977524 1001 2338
1588090984179 1001 2339
1588090990911 1001 2340
1588090997675 1001 2341
1588091004359 1001 2342
1588091010994 1001 2343
1588091017676 1001 2344
1588091024339 1001 2345
1588091031016 1001 2346
1588091037661 1001 2347
1588091044366 1001 2348
1588091051180 1001 2349
1588091058296 1001 2350
1588091064994 1001 2351
1588091071719 1001 2352
1588091078339 1001 2353
1588091085001 1001 2354
1588091091621 1001 2355
1588091098153 1001 2356
1588091104887 1001 2357
1588091111555 1001 2358
1588091118118 1001 2359
1588091124871 1001 2360
1588091131466 1001 2361
1588091138001 1001 2362
1588091144665 1001 2363
1588091151320 1001 2364
1588091157963 1001 2365
1588091164673 1001 2366
1588091171368 1001 2367
1588091177932 1001 2368
1588091184430 1001 2369
1588091190979 1001 2370
1588091197492 1001 2371
1588091204128 1001 2372
1588091210779 1001 2373
1588091217454 1001 2374
1588091224031 1001 2375
1588091230559 1001 2376
1588091237537 1001 2377
1588091244034 1001 2378
1588091250682 1001 2379
1588091257410 1001 2380
1588091264073 1001 2381
1588091270860 1001 2382
1588091277455 1001 2383
1588091284040 1001 2384
1588091290640 1001 2385
1588091297241 1001 2386
1588091303824 1001 2387
1588091310379 1001 2388
1588091317008 1001 2389
1588091323727 1001 2390
1588091330462 1001 2391
1588091337182 1001 2392
1588091343917 1001 2393
1588091350642 1001 2394
1588091357215 1001 2395
1588091363736 1001 2396
1588091370307 1001 2397
1588091377026 1001 2398
1588091383571 1001 2399
1588091390107 1001 2400
1588091396710 1001 2401
1588091403298 1001 2402
1588091409816 1001 2403
1588091416601 1001 2404
1588091423244 1001 2405
1588091429753 1001 2406
1588091436275 1001 2407
1588091442830 1001 2408
1588091449397 1001 2409
1588091455948 1001 2410
1588091462502 1001 2411
1588091469036 1001 2412
1588091475574 1001 2413
1588091482102 1001 2414
1588091488651 1001 2415
1588091495211 1001 2416
1588091501736 1001 2417
1588091508285 1001 2418
1588091514976 1001 2419
1588091521734 1001 2420
1588091528460 1001 2421
1588091535072 1001 2422
1588091541711 1001 2423
1588091548303 1001 2424
1588091554984 1001 2425
1588091561505 1001 2426
1588091568068 1001 2427
1588091574598 1001 2428
1588091581128 1001 2429
1588091587838 1001 2430
1588091594486 1001 2431
1588091601508 1001 2432
1588091608219 1001 2433
1588091614894 1001 2434
1588091621453 1001 2435
1588091628061 1001 2436
1588091634743 1001 2437
1588091641407 1001 2438
1588091648116 1001 2439
1588091654804 1001 2440
1588091661405 1001 2441
1588091668019 1001 2442
1588091674711 1001 2443
1588091681399 1001 2444
1588091688096 1001 2445
1588091694767 1001 2446
1588091701440 1001 2447
1588091708170 1001 2448
1588091714726 1001 2449
1588091721367 1001 2450
1588091728038 1001 2451
1588091734631 1001 2452
1588091741313 1001 2453
1588091748007 1001 2454
1588091754624 1001 2455
1588091761191 1001 2456
1588091767778 1001 2457
1588091774416 1001 2458
1588091781295 1001 2459
1588091787925 1001 2460
1588091794495 1001 2461
1588091801128 1001 2462
1588091807864 1001 2463
1588091814591 1001 2464
1588091821219 1001 2465
1588091827830 1001 2466
1588091834449 1001 2467
1588091841154 1001 2468
1588091847745 1001 2469
1588091854423 1001 2470
1588091861049 1001 2471
1588091867736 1001 2472
1588091874411 1001 2473
1588091881026 1001 2474
1588091887682 1001 2475
1588091894367 1001 2476
1588091901053 1001 2477
1588091907727 1001 2478
1588091914441 1001 2479
1588091921151 1001 2480
1588091927844 1001 2481
1588091934552 1001 2482
1588091941274 1001 2483
1588091947969 1001 2484
1588091954731 1001 2485
1588091961676 1001 2486
1588091968198 1001 2487
1588091974743 1001 2488
1588091981288 1001 2489
1588091987851 1001 2490
1588091994397 1001 2491
1588092000982 1001 2492
1588092007568 1001 2493
1588092014132 1001 2494
1588092020852 1001 2495
1588092027455 1001 2496
1588092033973 1001 2497
1588092040508 1001 2498
1588092047062 1001 2499
1588092053637 1001 2500
1588092060627 1001 2501
1588092067195 1001 2502
1588092073868 1001 2503
1588092080426 1001 2504
1588092087040 1001 2505
1588092093725 1001 2506
1588092100411 1001 2507
1588092107048 1001 2508
1588092113792 1001 2509
1588092120510 1001 2510
1588092127113 1001 2511
1588092133774 1001 2512
1588092140763 1001 2513
1588092147304 1001 2514
1588092153918 1001 2515
1588092160597 1001 2516
1588092167158 1001 2517
1588092173832 1001 2518
1588092180460 1001 2519
1588092187211 1001 2520
1588092193920 1001 2521
1588092200548 1001 2522
1588092207133 1001 2523
1588092213707 1001 2524
1588092220420 1001 2525
1588092227042 1001 2526
1588092233736 1001 2527
1588092240465 1001 2528
1588092247152 1001 2529
1588092253742 1001 2530
1588092260365 1001 2531
1588092267007 1001 2532
1588092273620 1001 2533
1588092280279 1001 2534
1588092286895 1001 2535
1588092293588 1001 2536
1588092300232 1001 2537
1588092306783 1001 2538
1588092313323 1001 2539
1588092320350 1001 2540
1588092326900 1001 2541
1588092333401 1001 2542
1588092339936 1001 2543
1588092346530 1001 2544
1588092353084 1001 2545
1588092359706 1001 2546
1588092366417 1001 2547
1588092373111 1001 2548
1588092379760 1001 2549
1588092386527 1001 2550
1588092393209 1001 2551
1588092399877 1001 2552
1588092406546 1001 2553
1588092413116 1001 2554
1588092419638 1001 2555
1588092426202 1001 2556
1588092432898 1001 2557
1588092439475 1001 2558
1588092446166 1001 2559
1588092452865 1001 2560
1588092459549 1001 2561
1588092466135 1001 2562
1588092472642 1001 2563
1588092479216 1001 2564
1588092485951 1001 2565
1588092492661 1001 2566
1588092499639 1001 2567
1588092506125 1001 2568
1588092512664 1001 2569
1588092519323 1001 2570
1588092525818 1001 2571
1588092532336 1001 2572
1588092538911 1001 2573
1588092545475 1001 2574
1588092551990 1001 2575
1588092558475 1001 2576
1588092564974 1001 2577
1588092571512 1001 2578
1588092578017 1001 2579
1588092584540 1001 2580
1588092591036 1001 2581
1588092597536 1001 2582
1588092604160 1001 2583
1588092610675 1001 2584
1588092617361 1001 2585
1588092624040 1001 2586
1588092630725 1001 2587
1588092637421 1001 2588
1588092644073 1001 2589
1588092650739 1001 2590
1588092657273 1001 2591
1588092663945 1001 2592
1588092670621 1001 2593
1588092677793 1001 2594
1588092684475 1001 2595
1588092690998 1001 2596
1588092697477 1001 2597
1588092703962 1001 2598
1588092710486 1001 2599
1588092717216 1001 2600
1588092723863 1001 2601
1588092730387 1001 2602
1588092737019 1001 2603
1588092743626 1001 2604
1588092750270 1001 2605
1588092756929 1001 2606
1588092763572 1001 2607
1588092770271 1001 2608
1588092776941 1001 2609
1588092783642 1001 2610
1588092790242 1001 2611
1588092796789 1001 2612
1588092803477 1001 2613
1588092810123 1001 2614
1588092816674 1001 2615
1588092823188 1001 2616
1588092829801 1001 2617
1588092836498 1001 2618
1588092843107 1001 2619
1588092849660 1001 2620
1588092856556 1001 2621
1588092863302 1001 2622
1588092869957 1001 2623
1588092876671 1001 2624
1588092883240 1001 2625
1588092889759 1001 2626
1588092896270 1001 2627
1588092902825 1001 2628
1588092909359 1001 2629
1588092915931 1001 2630
1588092922459 1001 2631
1588092928987 1001 2632
1588092935534 1001 2633
1588092942074 1001 2634
1588092948642 1001 2635
1588092955198 1001 2636
1588092961738 1001 2637
1588092968291 1001 2638
1588092974846 1001 2639
1588092981590 1001 2640
1588092988220 1001 2641
1588092994781 1001 2642
1588093001451 1001 2643
1588093008163 1001 2644
1588093014766 1001 2645
1588093021289 1001 2646
1588093027929 1001 2647
1588093034707 1001 2648
1588093041637 1001 2649
1588093048235 1001 2650
1588093054824 1001 2651
1588093061390 1001 2652
1588093068025 1001 2653
1588093074625 1001 2654
1588093081348 1001 2655
1588093087946 1001 2656
1588093094506 1001 2657
1588093101089 1001 2658
1588093107623 1001 2659
1588093114211 1001 2660
1588093120833 1001 2661
1588093127413 1001 2662
1588093133980 1001 2663
1588093140616 1001 2664
1588093147227 1001 2665
1588093153820 1001 2666
1588093160366 1001 2667
1588093166893 1001 2668
1588093173424 1001 2669
1588093179977 1001 2670
1588093186507 1001 2671
1588093193047 1001 2672
1588093199590 1001 2673
1588093206140 1001 2674
1588093212705 1001 2675
1588093219727 1001 2676
1588093226266 1001 2677
1588093232927 1001 2678
1588093239571 1001 2679
1588093246310 1001 2680
1588093252906 1001 2681
1588093259424 1001 2682
1588093266000 1001 2683
1588093272535 1001 2684
1588093279190 1001 2685
1588093285851 1001 2686
1588093292515 1001 2687
1588093299094 1001 2688
1588093305621 1001 2689
1588093312298 1001 2690
1588093318962 1001 2691
1588093325555 1001 2692
1588093332081 1001 2693
1588093338622 1001 2694
1588093345188 1001 2695
1588093351712 1001 2696
1588093358261 1001 2697
1588093364988 1001 2698
1588093371700 1001 2699
1588093378375 1001 2700
1588093385173 1001 2701
1588093391796 1001 2702
1588093398836 1001 2703
1588093405360 1001 2704
1588093411978 1001 2705
1588093418553 1001 2706
1588093425194 1001 2707
1588093431757 1001 2708
1588093438312 1001 2709
1588093444798 1001 2710
1588093451321 1001 2711
1588093457849 1001 2712
1588093464389 1001 2713
1588093470942 1001 2714
1588093477471 1001 2715
1588093484065 1001 2716
1588093490604 1001 2717
1588093497151 1001 2718
1588093503705 1001 2719
1588093510253 1001 2720
1588093516764 1001 2721
1588093523260 1001 2722
1588093529747 1001 2723
1588093536244 1001 2724
1588093542809 1001 2725
1588093549347 1001 2726
1588093556012 1001 2727
1588093562570 1001 2728
1588093569115 1001 2729
1588093576038 1001 2730
1588093582792 1001 2731
1588093589313 1001 2732
1588093595834 1001 2733
1588093602351 1001 2734
1588093608881 1001 2735
1588093615406 1001 2736
1588093621956 1001 2737
1588093628604 1001 2738
1588093635225 1001 2739
1588093641825 1001 2740
1588093648459 1001 2741
1588093655098 1001 2742
1588093661772 1001 2743
1588093668488 1001 2744
1588093675132 1001 2745
1588093681812 1001 2746
1588093688328 1001 2747
1588093694900 1001 2748
1588093701527 1001 2749
1588093708196 1001 2750
1588093714838 1001 2751
1588093721520 1001 2752
1588093728024 1001 2753
1588093734550 1001 2754
1588093741099 1001 2755
1588093747621 1001 2756
1588093754280 1001 2757
1588093761200 1001 2758
1588093767710 1001 2759
1588093774224 1001 2760
1588093780731 1001 2761
1588093787217 1001 2762
1588093793722 1001 2763
1588093800274 1001 2764
1588093806852 1001 2765
1588093813465 1001 2766
1588093820139 1001 2767
1588093826845 1001 2768
1588093833414 1001 2769
1588093839965 1001 2770
1588093846608 1001 2771
1588093853157 1001 2772
1588093859658 1001 2773
1588093866206 1001 2774
1588093872755 1001 2775
1588093879264 1001 2776
1588093885780 1001 2777
1588093892298 1001 2778
1588093898823 1001 2779
1588093905344 1001 2780
1588093911864 1001 2781
1588093918388 1001 2782
1588093924928 1001 2783
1588093931443 1001 2784
1588093938404 1001 2785
1588093945002 1001 2786
1588093951619 1001 2787
1588093958129 1001 2788
1588093964660 1001 2789
1588093971211 1001 2790
1588093977791 1001 2791
1588093984500 1001 2792
1588093991162 1001 2793
1588093997690 1001 2794
1588094004396 1001 2795
1588094011087 1001 2796
1588094017758 1001 2797
1588094024299 1001 2798
1588094030938 1001 2799
1588094037599 1001 2800
1588094044411 1001 2801
1588094051062 1001 2802
1588094057626 1001 2803
1588094064153 1001 2804
1588094070738 1001 2805
1588094077323 1001 2806
1588094083847 1001 2807
1588094090471 1001 2808
1588094097065 1001 2809
1588094103640 1001 2810
1588094110151 1001 2811
1588094117003 1001 2812
1588094123650 1001 2813
1588094130269 1001 2814
1588094136855 1001 2815
1588094143503 1001 2816
1588094150180 1001 2817
1588094156786 1001 2818
1588094163491 1001 2819
1588094170142 1001 2820
1588094176769 1001 2821
1588094183470 1001 2822
1588094190172 1001 2823
1588094196684 1001 2824
1588094203251 1001 2825
1588094209955 1001 2826
1588094216504 1001 2827
1588094223008 1001 2828
1588094229673 1001 2829
1588094236402 1001 2830
1588094243036 1001 2831
1588094249530 1001 2832
1588094256088 1001 2833
1588094262636 1001 2834
1588094269156 1001 2835
1588094275820 1001 2836
1588094282520 1001 2837
1588094289223 1001 2838
1588094296108 1001 2839
1588094302855 1001 2840
1588094309329 1001 2841
1588094315821 1001 2842
1588094322339 1001 2843
1588094328831 1001 2844
1588094335372 1001 2845
1588094341924 1001 2846
1588094348450 1001 2847
1588094355006 1001 2848
1588094361664 1001 2849
1588094368378 1001 2850
1588094375025 1001 2851
1588094381633 1001 2852
1588094388274 1001 2853
1588094394825 1001 2854
1588094401536 1001 2855
1588094408257 1001 2856
1588094414886 1001 2857
1588094421521 1001 2858
1588094428013 1001 2859
1588094434591 1001 2860
1588094441165 1001 2861
1588094447728 1001 2862
1588094454251 1001 2863
1588094460872 1001 2864
1588094467501 1001 2865
1588094474188 1001 2866
1588094481335 1001 2867
1588094487957 1001 2868
1588094494525 1001 2869
1588094501031 1001 2870
1588094507535 1001 2871
1588094514020 1001 2872
1588094520616 1001 2873
1588094527141 1001 2874
1588094533688 1001 2875
1588094540251 1001 2876
1588094546754 1001 2877
1588094553256 1001 2878
1588094559776 1001 2879
1588094566315 1001 2880
1588094572818 1001 2881
1588094579314 1001 2882
1588094585852 1001 2883
1588094592338 1001 2884
1588094598841 1001 2885
1588094605320 1001 2886
1588094611826 1001 2887
1588094618298 1001 2888
1588094624939 1001 2889
1588094631565 1001 2890
1588094638138 1001 2891
1588094644642 1001 2892
1588094651130 1001 2893
1588094657987 1001 2894
1588094664581 1001 2895
1588094671258 1001 2896
1588094677916 1001 2897
1588094684563 1001 2898
1588094691070 1001 2899
1588094697575 1001 2900
1588094704347 1001 2901
1588094711033 1001 2902
1588094717692 1001 2903
1588094724358 1001 2904
1588094731025 1001 2905
1588094737712 1001 2906
1588094744399 1001 2907
1588094751108 1001 2908
1588094757703 1001 2909
1588094764227 1001 2910
1588094770728 1001 2911
1588094777211 1001 2912
1588094783691 1001 2913
1588094790155 1001 2914
1588094796699 1001 2915
1588094803336 1001 2916
1588094810021 1001 2917
1588094816501 1001 2918
1588094823106 1001 2919
1588094829870 1001 2920
1588094836726 1001 2921
1588094843301 1001 2922
1588094849786 1001 2923
1588094856270 1001 2924
1588094862774 1001 2925
1588094869256 1001 2926
1588094875743 1001 2927
1588094882309 1001 2928
1588094888916 1001 2929
1588094895415 1001 2930
1588094901892 1001 2931
1588094908394 1001 2932
1588094914899 1001 2933
1588094921400 1001 2934
1588094927903 1001 2935
1588094934391 1001 2936
1588094940930 1001 2937
1588094947622 1001 2938
1588094954277 1001 2939
1588094960790 1001 2940
1588094967286 1001 2941
1588094973869 1001 2942
1588094980431 1001 2943
1588094987065 1001 2944
1588094993799 1001 2945
1588095000492 1001 2946
1588095007069 1001 2947
1588095013631 1001 2948
1588095020673 1001 2949
1588095027294 1001 2950
1588095033774 1001 2951
1588095040228 1001 2952
1588095046819 1001 2953
1588095053499 1001 2954
1588095060009 1001 2955
1588095066641 1001 2956
1588095073142 1001 2957
1588095079725 1001 2958
1588095086287 1001 2959
1588095092848 1001 2960
1588095099361 1001 2961
1588095105960 1001 2962
1588095112446 1001 2963
1588095118923 1001 2964
1588095125455 1001 2965
1588095131967 1001 2966
1588095138529 1001 2967
1588095145214 1001 2968
1588095151923 1001 2969
1588095158603 1001 2970
1588095165116 1001 2971
1588095171642 1001 2972
1588095178316 1001 2973
1588095184991 1001 2974
1588095191683 1001 2975
1588095198731 1001 2976
1588095205407 1001 2977
1588095212075 1001 2978
1588095218749 1001 2979
1588095225313 1001 2980
1588095232001 1001 2981
1588095238680 1001 2982
1588095245446 1001 2983
1588095252114 1001 2984
1588095258642 1001 2985
1588095265177 1001 2986
1588095271681 1001 2987
1588095278324 1001 2988
1588095284886 1001 2989
1588095291617 1001 2990
1588095298336 1001 2991
1588095304884 1001 2992
1588095311486 1001 2993
1588095318157 1001 2994
1588095324868 1001 2995
1588095331478 1001 2996
1588095338066 1001 2997
1588095344741 1001 2998
1588095351408 1001 2999
1588095358002 1001 3000
1588095365012 1001 3001
1588095371523 1001 3002
1588095378421 1001 3003
1588095384885 1001 3004
1588095391501 1001 3005
1588095398158 1001 3006
1588095404706 1001 3007
1588095411377 1001 3008
1588095418069 1001 3009
1588095424689 1001 3010
1588095431365 1001 3011
1588095438043 1001 3012
1588095444655 1001 3013
1588095451306 1001 3014
1588095457989 1001 3015
1588095464659 1001 3016
1588095471353 1001 3017
1588095478020 1001 3018
1588095484539 1001 3019
1588095491081 1001 3020
1588095497554 1001 3021
1588095504033 1001 3022
1588095510683 1001 3023
1588095517149 1001 3024
1588095523685 1001 3025
1588095530333 1001 3026
1588095536967 1001 3027
1588095543477 1001 3028
1588095549958 1001 3029
1588095557011 1001 3030
1588095563805 1001 3031
1588095570354 1001 3032
1588095576808 1001 3033
1588095583469 1001 3034
1588095590150 1001 3035
1588095596762 1001 3036
1588095603503 1001 3037
1588095610108 1001 3038
1588095616668 1001 3039
1588095623163 1001 3040
1588095629714 1001 3041
1588095636335 1001 3042
1588095642811 1001 3043
1588095649431 1001 3044
1588095656131 1001 3045
1588095662674 1001 3046
1588095669235 1001 3047
1588095675745 1001 3048
1588095682345 1001 3049
1588095689061 1001 3050
1588095695673 1001 3051
1588095702324 1001 3052
1588095709011 1001 3053
1588095715586 1001 3054
1588095722192 1001 3055
1588095728892 1001 3056
1588095735720 1001 3057
1588095742610 1001 3058
1588095749122 1001 3059
1588095755666 1001 3060
1588095762269 1001 3061
1588095768781 1001 3062
1588095775474 1001 3063
1588095781965 1001 3064
1588095788496 1001 3065
1588095794984 1001 3066
1588095801447 1001 3067
1588095808026 1001 3068
1588095814640 1001 3069
1588095821146 1001 3070
1588095827627 1001 3071
1588095834226 1001 3072
1588095840901 1001 3073
1588095847487 1001 3074
1588095854066 1001 3075
1588095860692 1001 3076
1588095867291 1001 3077
1588095873894 1001 3078
1588095880380 1001 3079
1588095886887 1001 3080
1588095893391 1001 3081
1588095900031 1001 3082
1588095906722 1001 3083
1588095913299 1001 3084
1588095920360 1001 3085
1588095926874 1001 3086
1588095933348 1001 3087
1588095939839 1001 3088
1588095946317 1001 3089
1588095952824 1001 3090
1588095959319 1001 3091
1588095965828 1001 3092
1588095972425 1001 3093
1588095979098 1001 3094
1588095985629 1001 3095
1588095992127 1001 3096
1588095998716 1001 3097
1588096005223 1001 3098
1588096011802 1001 3099
1588096018508 1001 3100
1588096025266 1001 3101
1588096031789 1001 3102
1588096038452 1001 3103
1588096045108 1001 3104
1588096051625 1001 3105
1588096058121 1001 3106
1588096064741 1001 3107
1588096071287 1001 3108
1588096077836 1001 3109
1588096084441 1001 3110
1588096090912 1001 3111
1588096097849 1001 3112
1588096104507 1001 3113
1588096111167 1001 3114
1588096117767 1001 3115
1588096124374 1001 3116
1588096130919 1001 3117
1588096137572 1001 3118
1588096144279 1001 3119
1588096150884 1001 3120
1588096157601 1001 3121
1588096164259 1001 3122
1588096170770 1001 3123
1588096177267 1001 3124
1588096183782 1001 3125
1588096190470 1001 3126
1588096197089 1001 3127
1588096203791 1001 3128
1588096210379 1001 3129
1588096217103 1001 3130
1588096223826 1001 3131
1588096230335 1001 3132
1588096236834 1001 3133
1588096243506 1001 3134
1588096250204 1001 3135
1588096256755 1001 3136
1588096263375 1001 3137
1588096269845 1001 3138
1588096276671 1001 3139
1588096283372 1001 3140
1588096289839 1001 3141
1588096296359 1001 3142
1588096303008 1001 3143
1588096309680 1001 3144
1588096316217 1001 3145
1588096322858 1001 3146
1588096329359 1001 3147
1588096335831 1001 3148
1588096342303 1001 3149
1588096348795 1001 3150
1588096355282 1001 3151
1588096361788 1001 3152
1588096368326 1001 3153
1588096374927 1001 3154
1588096381659 1001 3155
1588096388212 1001 3156
1588096394855 1001 3157
1588096401540 1001 3158
1588096408187 1001 3159
1588096414765 1001 3160
1588096421441 1001 3161
1588096428060 1001 3162
1588096434529 1001 3163
1588096441014 1001 3164
1588096447549 1001 3165
1588096454035 1001 3166
1588096460988 1001 3167
1588096467480 1001 3168
1588096474061 1001 3169
1588096480759 1001 3170
1588096487415 1001 3171
1588096494073 1001 3172
1588096500592 1001 3173
1588096507197 1001 3174
1588096513896 1001 3175
1588096520605 1001 3176
1588096527313 1001 3177
1588096533875 1001 3178
1588096540471 1001 3179
1588096547154 1001 3180
1588096553819 1001 3181
1588096560554 1001 3182
1588096567305 1001 3183
1588096574053 1001 3184
1588096580793 1001 3185
1588096587545 1001 3186
1588096594272 1001 3187
1588096601063 1001 3188
1588096607714 1001 3189
1588096614430 1001 3190
1588096621135 1001 3191
1588096627842 1001 3192
1588096634487 1001 3193
1588096641395 1001 3194
1588096647949 1001 3195
1588096654537 1001 3196
1588096661106 1001 3197
1588096667785 1001 3198
1588096674480 1001 3199
1588096681226 1001 3200
1588096687994 1001 3201
1588096694698 1001 3202
1588096701376 1001 3203
1588096708076 1001 3204
1588096714838 1001 3205
1588096721533 1001 3206
1588096728255 1001 3207
1588096734810 1001 3208
1588096741498 1001 3209
1588096748142 1001 3210
1588096754834 1001 3211
1588096761531 1001 3212
1588096768173 1001 3213
1588096774787 1001 3214
1588096781368 1001 3215
1588096788101 1001 3216
1588096794859 1001 3217
1588096801397 1001 3218
1588096808023 1001 3219
1588096814732 1001 3220
1588096821726 1001 3221
1588096828420 1001 3222
1588096834954 1001 3223
1588096841501 1001 3224
1588096848232 1001 3225
1588096854832 1001 3226
1588096861465 1001 3227
1588096868224 1001 3228
1588096874940 1001 3229
1588096881517 1001 3230
1588096888029 1001 3231
1588096894563 1001 3232
