1587851718804 1 1
1587851724544 1 2
1587851730295 1 3
1587851736042 1 4
1587851741828 1 5
1587851747606 1 6
1587851753388 1 7
1587851759169 1 8
1587851765115 1 9
1587851771015 1 10
1587851776863 1 11
1587851782691 1 12
1587851788535 1 13
1587851794427 1 14
1587851800289 1 15
1587851806126 1 16
1587851811968 1 17
1587851817796 1 18
1587851823686 1 19
1587851829662 1 20
1587851835553 1 21
1587851841418 1 22
1587851847283 1 23
1587851853126 1 24
1587851858981 1 25
1587851865351 1 26
1587851871200 1 27
1587851877031 1 28
1587851882910 1 29
1587851888754 1 30
1587851894679 1 31
1587851900514 1 32
1587851906360 1 33
1587851912209 1 34
1587851918055 1 35
1587851923920 1 36
1587851929790 1 37
1587851935674 1 38
1587851941569 1 39
1587851947537 1 40
1587851953415 1 41
1587851959318 1 42
1587851965189 1 43
1587851971057 1 44
1587851977044 1 45
1587851982955 1 46
1587851988833 1 47
1587851994703 1 48
1587852000569 1 49
1587852006495 1 50
1587852012372 1 51
1587852018258 1 52
1587852024152 1 53
1587852030029 1 54
1587852035906 1 55
1587852042168 1 56
1587852048149 1 57
1587852054044 1 58
1587852060060 1 59
1587852067047 1 60
1587852073535 1 61
1587852079485 1 62
1587852085456 1 63
1587852091448 1 64
1587852097383 1 65
1587852103317 1 66
1587852109251 1 67
1587852115164 1 68
1587852121091 1 69
1587852127087 1 70
1587852133148 1 71
1587852139079 1 72
1587852145005 1 73
1587852150932 1 74
1587852156855 1 75
1587852162783 1 76
1587852168728 1 77
1587852174656 1 78
1587852180632 1 79
1587852186998 1 80
1587852192966 1 81
1587852198938 1 82
1587852204913 1 83
1587852210865 1 84
1587852216837 1 85
1587852223263 1 86
1587852229228 1 87
1587852235220 1 88
1587852241237 1 89
1587852247297 1 90
1587852253332 1 91
1587852259393 1 92
1587852265401 1 93
1587852271394 1 94
1587852277385 1 95
1587852283348 1 96
1587852289349 1 97
1587852295359 1 98
1587852301359 1 99
1587852307501 1 100
1587852313521 1 101
1587852319532 1 102
1587852325541 1 103
1587852331525 1 104
1587852337535 1 105
1587852343655 1 106
1587852349713 1 107
1587852355794 1 108
1587852361959 1 109
1587852368089 1 110
1587852374150 1 111
1587852380181 1 112
1587852386262 1 113
1587852392397 1 114
1587852398460 1 115
1587852405157 1 116
1587852411324 1 117
1587852417372 1 118
1587852423500 1 119
1587852429677 1 120
1587852435813 1 121
1587852441941 1 122
1587852448117 1 123
1587852454224 1 124
1587852460280 1 125
1587852466443 1 126
1587852472560 1 127
1587852478777 1 128
1587852485087 1 129
1587852491333 1 130
1587852497532 1 131
1587852503750 1 132
1587852509894 1 133
1587852516008 1 134
1587852522131 1 135
1587852528168 1 136
1587852534209 1 137
1587852540241 1 138
1587852546317 1 139
1587852552451 1 140
1587852558492 1 141
1587852564529 1 142
1587852570560 1 143
1587852576604 1 144
1587852583044 1 145
1587852589110 1 146
1587852595213 1 147
1587852601351 1 148
1587852607461 1 149
1587852613534 1 150
1587852619614 1 151
1587852625719 1 152
1587852631793 1 153
1587852637908 1 154
1587852643969 1 155
1587852650084 1 156
1587852656157 1 157
1587852662311 1 158
1587852668536 1 159
1587852674716 1 160
1587852680897 1 161
1587852687026 1 162
1587852693109 1 163
1587852699178 1 164
1587852705248 1 165
1587852711334 1 166
1587852717399 1 167
1587852723530 1 168
1587852729658 1 169
1587852735738 1 170
1587852741824 1 171
1587852747905 1 172
1587852754001 1 173
1587852760191 1 174
1587852766710 1 175
1587852772801 1 176
1587852778897 1 177
1587852785040 1 178
1587852791132 1 179
1587852797321 1 180
1587852803427 1 181
1587852809525 1 182
1587852815621 1 183
1587852821745 1 184
1587852827860 1 185
1587852833972 1 186
1587852840064 1 187
1587852846227 1 188
1587852852357 1 189
1587852858467 1 190
1587852864587 1 191
1587852870703 1 192
1587852876850 1 193
1587852882990 1 194
1587852889129 1 195
1587852895261 1 196
1587852901390 1 197
1587852907579 1 198
1587852913718 1 199
1587852919966 1 200
1587852926183 1 201
1587852932448 1 202
1587852938593 1 203
1587852945228 1 204
1587852951423 1 205
1587852957601 1 206
1587852963816 1 207
1587852970100 1 208
1587852976336 1 209
1587852982527 1 210
1587852988732 1 211
1587852994953 1 212
1587853001188 1 213
1587853007420 1 214
1587853013696 1 215
1587853019935 1 216
1587853026169 1 217
1587853032418 1 218
1587853038652 1 219
1587853044953 1 220
1587853051163 1 221
1587853057427 1 222
1587853063655 1 223
1587853069868 1 224
1587853076132 1 225
1587853082479 1 226
1587853088769 1 227
1587853094993 1 228
1587853101280 1 229
1587853107527 1 230
1587853113787 1 231
1587853120164 1 232
1587853127037 1 233
1587853133346 1 234
1587853139602 1 235
1587853145952 1 236
1587853152254 1 237
1587853158582 1 238
1587853164982 1 239
1587853171396 1 240
1587853177767 1 241
1587853184103 1 242
1587853190481 1 243
1587853196807 1 244
1587853203155 1 245
1587853209459 1 246
1587853215905 1 247
1587853222320 1 248
1587853228638 1 249
1587853234976 1 250
1587853241353 1 251
1587853247700 1 252
1587853254040 1 253
1587853260437 1 254
1587853266905 1 255
1587853273243 1 256
1587853279628 1 257
1587853286000 1 258
1587853292342 1 259
1587853298775 1 260
1587853305584 1 261
1587853311949 1 262
1587853318287 1 263
1587853324711 1 264
1587853331059 1 265
1587853337434 1 266
1587853343793 1 267
1587853350190 1 268
1587853356576 1 269
1587853362968 1 270
1587853369355 1 271
1587853375772 1 272
1587853382220 1 273
1587853388593 1 274
1587853394991 1 275
1587853401436 1 276
1587853407913 1 277
1587853414336 1 278
1587853420734 1 279
1587853427202 1 280
1587853433571 1 281
1587853439966 1 282
1587853446418 1 283
1587853452817 1 284
1587853459239 1 285
1587853465675 1 286
1587853472127 1 287
1587853478534 1 288
1587853485590 1 289
1587853492031 1 290
1587853498434 1 291
1587853504915 1 292
1587853511357 1 293
1587853517805 1 294
1587853524372 1 295
1587853530781 1 296
1587853537209 1 297
1587853543645 1 298
1587853550043 1 299
1587853556546 1 300
1587853563118 1 301
1587853569683 1 302
1587853576162 1 303
1587853582637 1 304
1587853589118 1 305
1587853595581 1 306
1587853602076 1 307
1587853608560 1 308
1587853615042 1 309
1587853621549 1 310
1587853628130 1 311
1587853634664 1 312
1587853641253 1 313
1587853647872 1 314
1587853654454 1 315
1587853661159 1 316
1587853667982 1 317
1587853674550 1 318
1587853681156 1 319
1587853687844 1 320
1587853694383 1 321
1587853700986 1 322
1587853707667 1 323
