1587851718804 1001 1
1587851724544 1001 2
1587851730295 1001 3
1587851736042 1001 4
1587851741828 1001 5
1587851747606 1001 6
1587851753388 1001 7
1587851759169 1001 8
1587851765115 1001 9
1587851771015 1001 10
1587851776863 1001 11
1587851782691 1001 12
1587851788535 1001 13
1587851794427 1001 14
1587851800289 1001 15
1587851806126 1001 16
1587851811968 1001 17
1587851817796 1001 18
1587851823686 1001 19
1587851829662 1001 20
1587851835553 1001 21
1587851841418 1001 22
1587851847283 1001 23
1587851853126 1001 24
1587851858981 1001 25
1587851865351 1001 26
1587851871200 1001 27
1587851877031 1001 28
1587851882910 1001 29
1587851888754 1001 30
1587851894679 1001 31
1587851900514 1001 32
1587851906360 1001 33
1587851912209 1001 34
1587851918055 1001 35
1587851923920 1001 36
1587851929790 1001 37
1587851935674 1001 38
1587851941569 1001 39
1587851947537 1001 40
1587851953415 1001 41
1587851959318 1001 42
1587851965189 1001 43
1587851971057 1001 44
1587851977044 1001 45
1587851982955 1001 46
1587851988833 1001 47
1587851994703 1001 48
1587852000569 1001 49
1587852006495 1001 50
1587852012372 1001 51
1587852018258 1001 52
1587852024152 1001 53
1587852030029 1001 54
1587852035906 1001 55
1587852042168 1001 56
1587852048149 1001 57
1587852054044 1001 58
1587852060060 1001 59
1587852067047 1001 60
1587852073535 1001 61
1587852079485 1001 62
1587852085456 1001 63
1587852091448 1001 64
1587852097383 1001 65
1587852103317 1001 66
1587852109251 1001 67
1587852115164 1001 68
1587852121091 1001 69
1587852127087 1001 70
1587852133148 1001 71
1587852139079 1001 72
1587852145005 1001 73
1587852150932 1001 74
1587852156855 1001 75
1587852162783 1001 76
1587852168728 1001 77
1587852174656 1001 78
1587852180632 1001 79
1587852186998 1001 80
1587852192966 1001 81
1587852198938 1001 82
1587852204913 1001 83
1587852210865 1001 84
1587852216837 1001 85
1587852223263 1001 86
1587852229228 1001 87
1587852235220 1001 88
1587852241237 1001 89
1587852247297 1001 90
1587852253332 1001 91
1587852259393 1001 92
1587852265401 1001 93
1587852271394 1001 94
1587852277385 1001 95
1587852283348 1001 96
1587852289349 1001 97
1587852295359 1001 98
1587852301359 1001 99
1587852307501 1001 100
1587852313521 1001 101
1587852319532 1001 102
1587852325541 1001 103
1587852331525 1001 104
1587852337535 1001 105
1587852343655 1001 106
1587852349713 1001 107
1587852355794 1001 108
1587852361959 1001 109
1587852368089 1001 110
1587852374150 1001 111
1587852380181 1001 112
1587852386262 1001 113
1587852392397 1001 114
1587852398460 1001 115
1587852405157 1001 116
1587852411324 1001 117
1587852417372 1001 118
1587852423500 1001 119
1587852429677 1001 120
1587852435813 1001 121
1587852441941 1001 122
1587852448117 1001 123
1587852454224 1001 124
1587852460280 1001 125
1587852466443 1001 126
1587852472560 1001 127
1587852478777 1001 128
1587852485087 1001 129
1587852491333 1001 130
1587852497532 1001 131
1587852503750 1001 132
1587852509894 1001 133
1587852516008 1001 134
1587852522131 1001 135
1587852528168 1001 136
1587852534209 1001 137
1587852540241 1001 138
1587852546317 1001 139
1587852552451 1001 140
1587852558492 1001 141
1587852564529 1001 142
1587852570560 1001 143
1587852576604 1001 144
1587852583044 1001 145
1587852589110 1001 146
1587852595213 1001 147
1587852601351 1001 148
1587852607461 1001 149
1587852613534 1001 150
1587852619614 1001 151
1587852625719 1001 152
1587852631793 1001 153
1587852637908 1001 154
1587852643969 1001 155
1587852650084 1001 156
1587852656157 1001 157
1587852662311 1001 158
1587852668536 1001 159
1587852674716 1001 160
1587852680897 1001 161
1587852687026 1001 162
1587852693109 1001 163
1587852699178 1001 164
1587852705248 1001 165
1587852711334 1001 166
1587852717399 1001 167
1587852723530 1001 168
1587852729658 1001 169
1587852735738 1001 170
1587852741824 1001 171
1587852747905 1001 172
1587852754001 1001 173
1587852760191 1001 174
1587852766710 1001 175
1587852772801 1001 176
1587852778897 1001 177
1587852785040 1001 178
1587852791132 1001 179
1587852797321 1001 180
1587852803427 1001 181
1587852809525 1001 182
1587852815621 1001 183
1587852821745 1001 184
1587852827860 1001 185
1587852833972 1001 186
1587852840064 1001 187
1587852846227 1001 188
1587852852357 1001 189
1587852858467 1001 190
1587852864587 1001 191
1587852870703 1001 192
1587852876850 1001 193
1587852882990 1001 194
1587852889129 1001 195
1587852895261 1001 196
1587852901390 1001 197
1587852907579 1001 198
1587852913718 1001 199
1587852919966 1001 200
1587852926183 1001 201
1587852932448 1001 202
1587852938593 1001 203
1587852945228 1001 204
1587852951423 1001 205
1587852957601 1001 206
1587852963816 1001 207
1587852970100 1001 208
1587852976336 1001 209
1587852982527 1001 210
1587852988732 1001 211
1587852994953 1001 212
1587853001188 1001 213
1587853007420 1001 214
1587853013696 1001 215
1587853019935 1001 216
1587853026169 1001 217
1587853032418 1001 218
1587853038652 1001 219
1587853044953 1001 220
1587853051163 1001 221
1587853057427 1001 222
1587853063655 1001 223
1587853069868 1001 224
1587853076132 1001 225
1587853082479 1001 226
1587853088769 1001 227
1587853094993 1001 228
1587853101280 1001 229
1587853107527 1001 230
1587853113787 1001 231
1587853120164 1001 232
1587853127037 1001 233
1587853133346 1001 234
1587853139602 1001 235
1587853145952 1001 236
1587853152254 1001 237
1587853158582 1001 238
1587853164982 1001 239
1587853171396 1001 240
1587853177767 1001 241
1587853184103 1001 242
1587853190481 1001 243
1587853196807 1001 244
1587853203155 1001 245
1587853209459 1001 246
1587853215905 1001 247
1587853222320 1001 248
1587853228638 1001 249
1587853234976 1001 250
1587853241353 1001 251
1587853247700 1001 252
1587853254040 1001 253
1587853260437 1001 254
1587853266905 1001 255
1587853273243 1001 256
1587853279628 1001 257
1587853286000 1001 258
1587853292342 1001 259
1587853298775 1001 260
1587853305584 1001 261
1587853311949 1001 262
1587853318287 1001 263
1587853324711 1001 264
1587853331059 1001 265
1587853337434 1001 266
1587853343793 1001 267
1587853350190 1001 268
1587853356576 1001 269
1587853362968 1001 270
1587853369355 1001 271
1587853375772 1001 272
1587853382220 1001 273
1587853388593 1001 274
1587853394991 1001 275
1587853401436 1001 276
1587853407913 1001 277
1587853414336 1001 278
1587853420734 1001 279
1587853427202 1001 280
1587853433571 1001 281
1587853439966 1001 282
1587853446418 1001 283
1587853452817 1001 284
1587853459239 1001 285
1587853465675 1001 286
1587853472127 1001 287
1587853478534 1001 288
1587853485590 1001 289
1587853492031 1001 290
1587853498434 1001 291
1587853504915 1001 292
1587853511357 1001 293
1587853517805 1001 294
1587853524372 1001 295
1587853530781 1001 296
1587853537209 1001 297
1587853543645 1001 298
1587853550043 1001 299
1587853556546 1001 300
1587853563118 1001 301
1587853569683 1001 302
1587853576162 1001 303
1587853582637 1001 304
1587853589118 1001 305
1587853595581 1001 306
1587853602076 1001 307
1587853608560 1001 308
1587853615042 1001 309
1587853621549 1001 310
1587853628130 1001 311
1587853634664 1001 312
1587853641253 1001 313
1587853647872 1001 314
1587853654454 1001 315
1587853661159 1001 316
1587853667982 1001 317
1587853674550 1001 318
1587853681156 1001 319
1587853687844 1001 320
1587853694383 1001 321
1587853700986 1001 322
1587853707667 1001 323
