1587851718804 0.0 1
1587851724544 0.2199999950826168 2
1587851730295 0.2199999950826168 3
1587851736042 0.0 4
1587851741828 0.07999999821186066 5
1587851747606 0.08999999798834324 6
1587851753388 0.3199999928474426 7
1587851759169 0.9299999792128801 8
1587851765115 0.8999999798834324 9
1587851771015 0.09999999776482582 10
1587851776863 0.9199999794363976 11
1587851782691 0.2299999948590994 12
1587851788535 0.4499999899417162 13
1587851794427 0.08999999798834324 14
1587851800289 0.05999999865889549 15
1587851806126 0.5799999870359898 16
1587851811968 0.9999999776482582 17
1587851817796 0.35999999195337296 18
1587851823686 0.0 19
1587851829662 0.1699999962002039 20
1587851835553 0.6099999863654375 21
1587851841418 0.0 22
1587851847283 0.0 23
1587851853126 0.18999999575316906 24
1587851858981 0.0 25
1587851865351 0.07999999821186066 26
1587851871200 0.6599999852478504 27
1587851877031 0.1099999975413084 28
1587851882910 0.11999999731779099 29
1587851888754 0.2899999935179949 30
1587851894679 0.0 31
1587851900514 0.3399999924004078 32
1587851906360 0.7699999827891588 33
1587851912209 0.09999999776482582 34
1587851918055 0.09999999776482582 35
1587851923920 0.42999999038875103 36
1587851929790 0.3499999921768904 37
1587851935674 0.0 38
1587851941569 0.2199999950826168 39
1587851947537 0.2699999939650297 40
1587851953415 0.05999999865889549 41
1587851959318 0.7099999841302633 42
1587851965189 0.009999999776482582 43
1587851971057 0.41999999061226845 44
1587851977044 0.3999999910593033 45
1587851982955 0.24999999441206455 46
1587851988833 0.019999999552965164 47
1587851994703 0.25999999418854713 48
1587852000569 0.25999999418854713 49
1587852006495 0.5799999870359898 50
1587852012372 0.6199999861419201 51
1587852018258 1.389999968931079 52
1587852024152 0.669999985024333 53
1587852030029 0.8199999816715717 54
1587852035906 0.7199999839067459 55
1587852042168 1.6599999628961086 56
1587852048149 0.0 57
1587852054044 0.41999999061226845 58
1587852060060 0.8099999818950891 59
1587852067047 0.009999999776482582 60
1587852073535 0.5999999865889549 61
1587852079485 0.8899999801069498 62
1587852085456 0.4599999897181988 63
1587852091448 1.1599999740719795 64
1587852097383 0.0 65
1587852103317 0.8799999803304672 66
1587852109251 0.9599999785423279 67
1587852115164 0.3899999912828207 68
1587852121091 0.5699999872595072 69
1587852127087 1.1399999745190144 70
1587852133148 0.6099999863654375 71
1587852139079 0.46999998949468136 72
1587852145005 1.4399999678134918 73
1587852150932 0.9899999778717756 74
1587852156855 0.4899999890476465 75
1587852162783 2.2399999499320984 76
1587852168728 0.549999987706542 77
1587852174656 1.1599999740719795 78
1587852180632 0.7299999836832285 79
1587852186998 1.4499999675899744 80
1587852192966 1.9999999552965164 81
1587852198938 1.2099999729543924 82
1587852204913 0.6499999854713678 83
1587852210865 1.0199999772012234 84
1587852216837 0.4899999890476465 85
1587852223263 1.4299999680370092 86
1587852229228 2.4999999441206455 87
1587852235220 1.8599999584257603 88
1587852241237 0.7499999832361937 89
1587852247297 0.8999999798834324 90
1587852253332 3.6199999190866947 91
1587852259393 1.3499999698251486 92
1587852265401 1.3199999704957008 93
1587852271394 1.6899999622255564 94
1587852277385 0.8299999814480543 95
1587852283348 1.4999999664723873 96
1587852289349 1.099999975413084 97
1587852295359 1.6099999640136957 98
1587852301359 1.4499999675899744 99
1587852307501 1.3799999691545963 100
1587852313521 1.6899999622255564 101
1587852319532 1.4999999664723873 102
1587852325541 0.8999999798834324 103
1587852331525 0.6599999852478504 104
1587852337535 0.7999999821186066 105
1587852343655 0.8799999803304672 106
1587852349713 1.3199999704957008 107
1587852355794 2.539999943226576 108
1587852361959 1.0899999756366014 109
1587852368089 1.0599999763071537 110
1587852374150 2.0199999548494816 111
1587852380181 1.339999970048666 112
1587852386262 1.1899999734014273 113
1587852392397 0.5299999881535769 114
1587852398460 2.43999994546175 115
1587852405157 2.4999999441206455 116
1587852411324 2.559999942779541 117
1587852417372 0.9999999776482582 118
1587852423500 2.579999942332506 119
1587852429677 1.9799999557435513 120
1587852435813 1.50999996624887 121
1587852441941 1.6299999635666609 122
1587852448117 1.0899999756366014 123
1587852454224 1.5599999651312828 124
1587852460280 0.5699999872595072 125
1587852466443 1.409999968484044 126
1587852472560 2.989999933168292 127
1587852478777 2.3599999472498894 128
1587852485087 1.389999968931079 129
1587852491333 1.7299999613314867 130
1587852497532 3.2599999271333218 131
1587852503750 1.6399999633431435 132
1587852509894 0.9599999785423279 133
1587852516008 1.8299999590963125 134
1587852522131 0.0 135
1587852528168 1.4799999669194221 136
1587852534209 1.8099999595433474 137
1587852540241 1.2099999729543924 138
1587852546317 0.7499999832361937 139
1587852552451 1.3099999707192183 140
1587852558492 0.8399999812245369 141
1587852564529 1.0799999758601189 142
1587852570560 1.4799999669194221 143
1587852576604 1.099999975413084 144
1587852583044 1.5699999649077654 145
1587852589110 1.7399999611079693 146
1587852595213 1.4799999669194221 147
1587852601351 0.909999979659915 148
1587852607461 1.7599999606609344 149
1587852613534 2.0199999548494816 150
1587852619614 0.6499999854713678 151
1587852625719 1.4899999666959047 152
1587852631793 0.669999985024333 153
1587852637908 0.549999987706542 154
1587852643969 1.8999999575316906 155
1587852650084 2.2899999488145113 156
1587852656157 0.5299999881535769 157
1587852662311 1.4299999680370092 158
1587852668536 1.1199999749660492 159
1587852674716 1.6899999622255564 160
1587852680897 2.899999935179949 161
1587852687026 1.2799999713897705 162
1587852693109 2.869999935850501 163
1587852699178 2.2099999506026506 164
1587852705248 1.839999958872795 165
1587852711334 1.0899999756366014 166
1587852717399 1.4499999675899744 167
1587852723530 0.9699999783188105 168
1587852729658 3.2899999264627695 169
1587852735738 2.5999999418854713 170
1587852741824 4.52999989874661 171
1587852747905 2.6199999414384365 172
1587852754001 2.9799999333918095 173
1587852760191 0.5899999868124723 174
1587852766710 3.2699999269098043 175
1587852772801 1.1399999745190144 176
1587852778897 1.7599999606609344 177
1587852785040 1.1099999751895666 178
1587852791132 1.529999965801835 179
1587852797321 1.1299999747425318 180
1587852803427 1.459999967366457 181
1587852809525 1.1599999740719795 182
1587852815621 2.659999940544367 183
1587852821745 3.3599999248981476 184
1587852827860 1.2299999725073576 185
1587852833972 0.9699999783188105 186
1587852840064 0.3299999926239252 187
1587852846227 3.3099999260157347 188
1587852852357 2.629999941214919 189
1587852858467 2.6199999414384365 190
1587852864587 1.9099999573081732 191
1587852870703 2.0899999532848597 192
1587852876850 1.8499999586492777 193
1587852882990 2.5299999434500933 194
1587852889129 2.2799999490380287 195
1587852895261 3.8699999134987593 196
1587852901390 1.8499999586492777 197
1587852907579 0.8399999812245369 198
1587852913718 2.2099999506026506 199
1587852919966 3.2399999275803566 200
1587852926183 0.9299999792128801 201
1587852932448 3.7499999161809683 202
1587852938593 2.3799999468028545 203
1587852945228 2.1599999517202377 204
1587852951423 3.9399999119341373 205
1587852957601 7.229999838396907 206
1587852963816 1.7499999608844519 207
1587852970100 1.939999956637621 208
1587852976336 3.0799999311566353 209
1587852982527 2.4299999456852674 210
1587852988732 1.5199999660253525 211
1587852994953 1.649999963119626 212
1587853001188 2.539999943226576 213
1587853007420 3.129999930039048 214
1587853013696 2.5899999421089888 215
1587853019935 3.089999930933118 216
1587853026169 2.5999999418854713 217
1587853032418 3.9799999110400677 218
1587853038652 9.189999794587493 219
1587853044953 2.299999948590994 220
1587853051163 2.4699999447911978 221
1587853057427 6.919999845325947 222
1587853063655 1.50999996624887 223
1587853069868 1.1599999740719795 224
1587853076132 3.67999991774559 225
1587853082479 2.5999999418854713 226
1587853088769 1.8099999595433474 227
1587853094993 3.1699999291449785 228
1587853101280 9.939999777823687 229
1587853107527 2.339999947696924 230
1587853113787 6.069999864324927 231
1587853120164 2.9799999333918095 232
1587853127037 2.389999946579337 233
1587853133346 4.039999909698963 234
1587853139602 2.4699999447911978 235
1587853145952 2.1699999514967203 236
1587853152254 3.3899999242275953 237
1587853158582 2.699999939650297 238
1587853164982 1.9299999568611383 239
1587853171396 3.569999920204282 240
1587853177767 2.8899999354034662 241
1587853184103 1.1899999734014273 242
1587853190481 2.4099999461323023 243
1587853196807 1.7499999608844519 244
1587853203155 5.339999880641699 245
1587853209459 2.2899999488145113 246
1587853215905 2.299999948590994 247
1587853222320 3.05999993160367 248
1587853228638 2.3799999468028545 249
1587853234976 3.8599999137222767 250
1587853241353 3.05999993160367 251
1587853247700 1.889999957755208 252
1587853254040 1.4999999664723873 253
1587853260437 3.5999999195337296 254
1587853266905 0.3899999912828207 255
1587853273243 2.7199999392032623 256
1587853279628 1.839999958872795 257
1587853286000 2.8099999371916056 258
1587853292342 3.179999928921461 259
1587853298775 2.059999953955412 260
1587853305584 3.0499999318271875 261
1587853311949 1.7099999617785215 262
1587853318287 2.4299999456852674 263
1587853324711 2.779999937862158 264
1587853331059 1.3699999693781137 265
1587853337434 5.349999880418181 266
1587853343793 2.4999999441206455 267
1587853350190 5.279999881982803 268
1587853356576 3.4599999226629734 269
1587853362968 3.279999926686287 270
1587853369355 3.5999999195337296 271
1587853375772 2.0899999532848597 272
1587853382220 1.769999960437417 273
1587853388593 4.239999905228615 274
1587853394991 3.109999930486083 275
1587853401436 3.0699999313801527 276
1587853407913 2.369999947026372 277
1587853414336 7.059999842196703 278
1587853420734 1.149999974295497 279
1587853427202 3.729999916628003 280
1587853433571 3.36999992467463 281
1587853439966 3.1499999295920134 282
1587853446418 5.409999879077077 283
1587853452817 1.9799999557435513 284
1587853459239 3.349999925121665 285
1587853465675 2.009999955072999 286
1587853472127 3.709999917075038 287
1587853478534 0.25999999418854713 288
1587853485590 2.9099999349564314 289
1587853492031 3.3199999257922173 290
1587853498434 3.489999921992421 291
1587853504915 2.9099999349564314 292
1587853511357 3.969999911263585 293
1587853517805 4.549999898299575 294
1587853524372 4.429999900981784 295
1587853530781 2.299999948590994 296
1587853537209 2.1399999521672726 297
1587853543645 3.1999999284744263 298
1587853550043 2.299999948590994 299
1587853556546 2.9599999338388443 300
1587853563118 3.05999993160367 301
1587853569683 2.939999934285879 302
1587853576162 2.939999934285879 303
1587853582637 2.459999945014715 304
1587853589118 3.0999999307096004 305
1587853595581 4.619999896734953 306
1587853602076 2.8099999371916056 307
1587853608560 2.1899999510496855 308
1587853615042 3.6299999188631773 309
1587853621549 4.709999894723296 310
1587853628130 3.209999928250909 311
1587853634664 4.099999908357859 312
1587853641253 3.94999991171062 313
1587853647872 4.239999905228615 314
1587853654454 2.1899999510496855 315
1587853661159 2.6699999403208494 316
1587853667982 0.5799999870359898 317
1587853674550 3.569999920204282 318
1587853681156 1.939999956637621 319
1587853687844 3.209999928250909 320
1587853694383 3.5299999210983515 321
1587853700986 0.13999999687075615 322
1587853707667 3.2899999264627695 323
