1587216964274 1 1
1587216969663 1 2
1587216974811 1 3
1587216979708 1 4
1587216983288 1 5
1587216986625 1 6
1587216990294 1 7
1587216993616 1 8
1587216997465 1 9
1587217002641 1 10
1587217007041 1 11
1587217011942 1 12
1587217016616 1 13
1587217022273 1 14
1587217026428 1 15
1587217030589 1 16
1587217036809 1 17
1587217041411 1 18
1587217046284 1 19
1587217052738 1 20
1587217057359 1 21
1587217061698 1 22
1587217066523 1 23
1587217071298 1 24
1587217075472 1 25
1587217078840 1 26
1587217082375 1 27
1587217085728 1 28
1587217089114 1 29
1587217093762 1 30
1587217098268 1 31
1587217103694 1 32
1587217108883 1 33
1587217112945 1 34
1587217116265 1 35
1587217119720 1 36
1587217123106 1 37
1587217126479 1 38
1587217130865 1 39
1587217135137 1 40
1587217139672 1 41
1587217145341 1 42
1587217157147 1 43
1587217162513 1 44
1587217174197 1 45
1587217193440 1 46
1587217205199 1 47
1587217210217 1 48
1587217214879 1 49
1587217218358 1 50
1587217221932 1 51
1587217226923 1 52
1587217236142 1 53
