1587216964274 1 1
1587216969663 0.995 2
1587216974811 0.990025 3
1587216979708 0.985074875 4
1587216983288 0.9801495006250001 5
1587216986625 0.9752487531218751 6
1587216990294 0.9703725093562657 7
1587216993616 0.9655206468094844 8
1587216997465 0.960693043575437 9
1587217002641 0.9558895783575597 10
1587217007041 0.9511101304657719 11
1587217011942 0.946354579813443 12
1587217016616 0.9416228069143757 13
1587217022273 0.9369146928798039 14
1587217026428 0.9322301194154049 15
1587217030589 0.9275689688183278 16
1587217036809 0.9229311239742362 17
1587217041411 0.918316468354365 18
1587217046284 0.9137248860125932 19
1587217052738 0.9091562615825302 20
1587217057359 0.9046104802746175 21
1587217061698 0.9000874278732445 22
1587217066523 0.8955869907338783 23
1587217071298 0.8911090557802088 24
1587217075472 0.8866535105013078 25
1587217078840 0.8822202429488013 26
1587217082375 0.8778091417340573 27
1587217085728 0.8734200960253871 28
1587217089114 0.8690529955452602 29
1587217093762 0.8647077305675338 30
1587217098268 0.8603841919146962 31
1587217103694 0.8560822709551227 32
1587217108883 0.851801859600347 33
1587217112945 0.8475428503023453 34
1587217116265 0.8433051360508336 35
1587217119720 0.8390886103705794 36
1587217123106 0.8348931673187264 37
1587217126479 0.8307187014821328 38
1587217130865 0.8265651079747222 39
1587217135137 0.8224322824348486 40
1587217139672 0.8183201210226743 41
1587217145341 0.8142285204175609 42
1587217157147 0.810157377815473 43
1587217162513 0.8061065909263957 44
1587217174197 0.8020760579717637 45
1587217193440 0.798065677681905 46
1587217205199 0.7940753492934954 47
1587217210217 0.7901049725470279 48
1587217214879 0.7861544476842928 49
1587217218358 0.7822236754458713 50
1587217221932 0.778312557068642 51
1587217226923 0.7744209942832988 52
1587217236142 0.7705488893118823 53
