1587216964274 1001 1
1587216969663 1001 2
1587216974811 1001 3
1587216979708 1001 4
1587216983288 1001 5
1587216986625 1001 6
1587216990294 1001 7
1587216993616 1001 8
1587216997465 1001 9
1587217002641 1001 10
1587217007041 1001 11
1587217011942 1001 12
1587217016616 1001 13
1587217022273 1001 14
1587217026428 1001 15
1587217030589 1001 16
1587217036809 1001 17
1587217041411 1001 18
1587217046284 1001 19
1587217052738 1001 20
1587217057359 1001 21
1587217061698 1001 22
1587217066523 1001 23
1587217071298 1001 24
1587217075472 1001 25
1587217078840 1001 26
1587217082375 1001 27
1587217085728 1001 28
1587217089114 1001 29
1587217093762 1001 30
1587217098268 1001 31
1587217103694 1001 32
1587217108883 1001 33
1587217112945 1001 34
1587217116265 1001 35
1587217119720 1001 36
1587217123106 1001 37
1587217126479 1001 38
1587217130865 1001 39
1587217135137 1001 40
1587217139672 1001 41
1587217145341 1001 42
1587217157147 1001 43
1587217162513 1001 44
1587217174197 1001 45
1587217193440 1001 46
1587217205199 1001 47
1587217210217 1001 48
1587217214879 1001 49
1587217218358 1001 50
1587217221932 1001 51
1587217226923 1001 52
1587217236142 1001 53
