1587216964274 0.0 1
1587216969663 0.0 2
1587216974811 0.0 3
1587216979708 0.0 4
1587216983288 0.0 5
1587216986625 0.0 6
1587216990294 0.0 7
1587216993616 0.0 8
1587216997465 0.07999999821186066 9
1587217002641 0.0 10
1587217007041 0.0 11
1587217011942 0.0 12
1587217016616 0.0 13
1587217022273 0.12999999709427357 14
1587217026428 0.0 15
1587217030589 0.0 16
1587217036809 0.0 17
1587217041411 0.0 18
1587217046284 0.0 19
1587217052738 0.0 20
1587217057359 0.0 21
1587217061698 0.0 22
1587217066523 0.0 23
1587217071298 0.0 24
1587217075472 0.0 25
1587217078840 0.0 26
1587217082375 0.0 27
1587217085728 0.0 28
1587217089114 0.0 29
1587217093762 0.0 30
1587217098268 0.0 31
1587217103694 0.0 32
1587217108883 0.09999999776482582 33
1587217112945 0.1099999975413084 34
1587217116265 0.0 35
1587217119720 0.1099999975413084 36
1587217123106 0.13999999687075615 37
1587217126479 0.0 38
1587217130865 0.1099999975413084 39
1587217135137 0.1699999962002039 40
1587217139672 0.0 41
1587217145341 0.0 42
1587217157147 0.029999999329447746 43
1587217162513 0.13999999687075615 44
1587217174197 0.0 45
1587217193440 0.11999999731779099 46
1587217205199 0.0 47
1587217210217 0.11999999731779099 48
1587217214879 0.0 49
1587217218358 0.09999999776482582 50
1587217221932 0.0 51
1587217226923 0.0 52
1587217236142 0.12999999709427357 53
