1587855219520 1 1
1587855228821 1 2
1587855238311 1 3
1587855247833 1 4
1587855257267 1 5
1587855266746 1 6
1587855276239 1 7
1587855286359 1 8
1587855295886 1 9
1587855305535 1 10
1587855315060 1 11
1587855324653 1 12
1587855334189 1 13
1587855343746 1 14
1587855353297 1 15
1587855362877 1 16
1587855372610 1 17
1587855382242 1 18
1587855391800 1 19
1587855401431 1 20
1587855411091 1 21
1587855420690 1 22
1587855430367 1 23
1587855440095 1 24
1587855449664 1 25
1587855459180 1 26
1587855469289 1 27
1587855478820 1 28
1587855488389 1 29
1587855498015 1 30
1587855507605 1 31
1587855517125 1 32
1587855526662 1 33
1587855536241 1 34
1587855545835 1 35
1587855555409 1 36
1587855564998 1 37
1587855574571 1 38
1587855584152 1 39
1587855593819 1 40
1587855603495 1 41
1587855613100 1 42
1587855622701 1 43
1587855632286 1 44
1587855642427 1 45
1587855652163 1 46
1587855661805 1 47
1587855671435 1 48
1587855681068 1 49
1587855690757 1 50
1587855700377 1 51
1587855710068 1 52
1587855719771 1 53
1587855729441 1 54
1587855739127 1 55
1587855748795 1 56
1587855758435 1 57
1587855768084 1 58
1587855777751 1 59
1587855787585 1 60
1587855797268 1 61
1587855807041 1 62
1587855816722 1 63
1587855826981 1 64
1587855836780 1 65
1587855846525 1 66
1587855856278 1 67
1587855865975 1 68
1587855875710 1 69
1587855885552 1 70
1587855895294 1 71
1587855905031 1 72
1587855914755 1 73
1587855924459 1 74
1587855934145 1 75
1587855943863 1 76
1587855953582 1 77
1587855963307 1 78
1587855973074 1 79
1587855983015 1 80
1587855992780 1 81
1587856002979 1 82
1587856012693 1 83
1587856022429 1 84
1587856032162 1 85
1587856041873 1 86
1587856051601 1 87
1587856061332 1 88
1587856071044 1 89
1587856080853 1 90
1587856090648 1 91
1587856100396 1 92
1587856110155 1 93
1587856119919 1 94
1587856129722 1 95
1587856139549 1 96
1587856149384 1 97
1587856159168 1 98
1587856168938 1 99
1587856178802 1 100
1587856188937 1 101
1587856198705 1 102
1587856208518 1 103
1587856218309 1 104
1587856228104 1 105
1587856237933 1 106
1587856247728 1 107
1587856257517 1 108
1587856267433 1 109
1587856277314 1 110
1587856287094 1 111
1587856296884 1 112
1587856306714 1 113
1587856316549 1 114
1587856326529 1 115
1587856336411 1 116
1587856346367 1 117
1587856356254 1 118
1587856366582 1 119
1587856376485 1 120
1587856386368 1 121
1587856396247 1 122
1587856406211 1 123
1587856416102 1 124
1587856425954 1 125
1587856435810 1 126
1587856445699 1 127
1587856455577 1 128
1587856465422 1 129
1587856475367 1 130
1587856485235 1 131
1587856495101 1 132
1587856505039 1 133
1587856514954 1 134
1587856524843 1 135
1587856534740 1 136
1587856545233 1 137
1587856555132 1 138
1587856565093 1 139
1587856575106 1 140
1587856585026 1 141
1587856594925 1 142
1587856604847 1 143
1587856614763 1 144
1587856624724 1 145
1587856634649 1 146
1587856644602 1 147
1587856654518 1 148
1587856664451 1 149
1587856674544 1 150
1587856684631 1 151
1587856694630 1 152
1587856704593 1 153
1587856714591 1 154
1587856725103 1 155
1587856735089 1 156
1587856745207 1 157
1587856755269 1 158
1587856765338 1 159
1587856775485 1 160
1587856785479 1 161
1587856795459 1 162
1587856805654 1 163
1587856815683 1 164
1587856825688 1 165
1587856835735 1 166
1587856845751 1 167
1587856855829 1 168
1587856865918 1 169
1587856876036 1 170
1587856886050 1 171
1587856896062 1 172
1587856906636 1 173
1587856916678 1 174
1587856926763 1 175
1587856936803 1 176
1587856946858 1 177
1587856956905 1 178
1587856967096 1 179
1587856977306 1 180
1587856987357 1 181
1587856997391 1 182
1587857007403 1 183
1587857017441 1 184
1587857027466 1 185
1587857037519 1 186
1587857047595 1 187
1587857057644 1 188
1587857067684 1 189
1587857077818 1 190
1587857088526 1 191
1587857098593 1 192
1587857108746 1 193
1587857118820 1 194
1587857128919 1 195
1587857138999 1 196
1587857149074 1 197
1587857159149 1 198
1587857169495 1 199
1587857179651 1 200
1587857189755 1 201
1587857199867 1 202
1587857209976 1 203
1587857220108 1 204
1587857230321 1 205
1587857240496 1 206
1587857250761 1 207
1587857261181 1 208
1587857271811 1 209
1587857282178 1 210
1587857292480 1 211
1587857302759 1 212
1587857313103 1 213
1587857323470 1 214
1587857333901 1 215
1587857344336 1 216
1587857354754 1 217
1587857365106 1 218
1587857375390 1 219
1587857385779 1 220
1587857396028 1 221
1587857406345 1 222
1587857416617 1 223
1587857426906 1 224
1587857437379 1 225
1587857448323 1 226
1587857458729 1 227
1587857469135 1 228
1587857479462 1 229
1587857489874 1 230
1587857500201 1 231
1587857510550 1 232
1587857520943 1 233
1587857531426 1 234
1587857541902 1 235
1587857552452 1 236
1587857563026 1 237
1587857573728 1 238
1587857584315 1 239
1587857594884 1 240
1587857605374 1 241
1587857615856 1 242
1587857626835 1 243
1587857637148 1 244
1587857647576 1 245
1587857657980 1 246
1587857668336 1 247
1587857678661 1 248
1587857688995 1 249
1587857699410 1 250
1587857709826 1 251
1587857720192 1 252
1587857730560 1 253
1587857740925 1 254
1587857751276 1 255
1587857761672 1 256
1587857772071 1 257
1587857782490 1 258
1587857792873 1 259
1587857803836 1 260
1587857814236 1 261
1587857824689 1 262
1587857835084 1 263
1587857845524 1 264
1587857855956 1 265
1587857866381 1 266
1587857876825 1 267
1587857887294 1 268
1587857897737 1 269
1587857908272 1 270
1587857918741 1 271
1587857929207 1 272
1587857939672 1 273
1587857950184 1 274
1587857960653 1 275
1587857971139 1 276
1587857982041 1 277
1587857992706 1 278
1587858003264 1 279
1587858013921 1 280
1587858024449 1 281
1587858035025 1 282
1587858045568 1 283
1587858056110 1 284
1587858066882 1 285
1587858077470 1 286
1587858088229 1 287
1587858098810 1 288
1587858109399 1 289
1587858120180 1 290
1587858130985 1 291
1587858141639 1 292
1587858152403 1 293
1587858163459 1 294
1587858174161 1 295
1587858184974 1 296
1587858195714 1 297
1587858206605 1 298
1587858217490 1 299
1587858228347 1 300
1587858239235 1 301
1587858250175 1 302
1587858260958 1 303
1587858271678 1 304
1587858282400 1 305
1587858293112 1 306
1587858304009 1 307
1587858314795 1 308
1587858325687 1 309
1587858336698 1 310
1587858348108 1 311
1587858359026 1 312
1587858369949 1 313
1587858380862 1 314
1587858391798 1 315
1587858402668 1 316
1587858413621 1 317
1587858424710 1 318
1587858435765 1 319
1587858446759 1 320
1587858457907 1 321
1587858468884 1 322
1587858479703 1 323
1587858490625 1 324
1587858501519 1 325
1587858512343 1 326
1587858523636 1 327
1587858534483 1 328
1587858545435 1 329
1587858556390 1 330
1587858567239 1 331
1587858578112 1 332
1587858588975 1 333
1587858599848 1 334
1587858610776 1 335
1587858621682 1 336
1587858632591 1 337
1587858643497 1 338
1587858654410 1 339
1587858665471 1 340
1587858676409 1 341
1587858687339 1 342
1587858698261 1 343
1587858709749 1 344
1587858720697 1 345
1587858731713 1 346
1587858742683 1 347
1587858753675 1 348
1587858764659 1 349
1587858775738 1 350
1587858786764 1 351
1587858797760 1 352
1587858808771 1 353
1587858819824 1 354
1587858830935 1 355
1587858842053 1 356
1587858853113 1 357
1587858864155 1 358
1587858875228 1 359
1587858887018 1 360
1587858898094 1 361
1587858909283 1 362
1587858920405 1 363
1587858931560 1 364
1587858942696 1 365
1587858953889 1 366
1587858965148 1 367
1587858976536 1 368
1587858987703 1 369
1587858999024 1 370
1587859010216 1 371
1587859021405 1 372
1587859032833 1 373
1587859044020 1 374
1587859055220 1 375
1587859066968 1 376
1587859078182 1 377
1587859089471 1 378
1587859100776 1 379
1587859112120 1 380
1587859123378 1 381
1587859134612 1 382
1587859145881 1 383
1587859157116 1 384
1587859168378 1 385
1587859179642 1 386
1587859190906 1 387
1587859202258 1 388
1587859213608 1 389
1587859225039 1 390
1587859236389 1 391
1587859248336 1 392
1587859259692 1 393
1587859271086 1 394
1587859282521 1 395
1587859293983 1 396
1587859305414 1 397
1587859316810 1 398
1587859328236 1 399
1587859339834 1 400
1587859351426 1 401
1587859362933 1 402
1587859374616 1 403
1587859386210 1 404
1587859397779 1 405
1587859409442 1 406
1587859421269 1 407
1587859433058 1 408
1587859444816 1 409
1587859456596 1 410
1587859468227 1 411
1587859479841 1 412
1587859491575 1 413
1587859503284 1 414
1587859514922 1 415
1587859526455 1 416
1587859538048 1 417
1587859549644 1 418
1587859561295 1 419
1587859573036 1 420
1587859585240 1 421
1587859596979 1 422
1587859609140 1 423
1587859620944 1 424
1587859632896 1 425
1587859644498 1 426
1587859656164 1 427
1587859667806 1 428
1587859679429 1 429
1587859691248 1 430
1587859702905 1 431
1587859714569 1 432
1587859726235 1 433
1587859737888 1 434
1587859749602 1 435
1587859761281 1 436
1587859772981 1 437
1587859785338 1 438
1587859797068 1 439
1587859808924 1 440
1587859820672 1 441
1587859832406 1 442
1587859844144 1 443
1587859855920 1 444
1587859867812 1 445
1587859879563 1 446
1587859891335 1 447
1587859903104 1 448
1587859914937 1 449
1587859926948 1 450
1587859938783 1 451
1587859950699 1 452
1587859963027 1 453
1587859974907 1 454
1587859986817 1 455
1587859998706 1 456
1587860010650 1 457
1587860022672 1 458
1587860034775 1 459
1587860046881 1 460
1587860058802 1 461
1587860070743 1 462
1587860082820 1 463
1587860094781 1 464
1587860106721 1 465
1587860118618 1 466
1587860130566 1 467
1587860143073 1 468
1587860155095 1 469
1587860167239 1 470
1587860179299 1 471
1587860191442 1 472
1587860203489 1 473
1587860215596 1 474
1587860227740 1 475
1587860239911 1 476
1587860252095 1 477
1587860264309 1 478
1587860276335 1 479
1587860288550 1 480
1587860300769 1 481
1587860312875 1 482
1587860325574 1 483
1587860337622 1 484
1587860349780 1 485
1587860361854 1 486
1587860373932 1 487
1587860386021 1 488
1587860398122 1 489
1587860410392 1 490
1587860422538 1 491
1587860434641 1 492
1587860446761 1 493
1587860458897 1 494
1587860471087 1 495
1587860483237 1 496
1587860495405 1 497
1587860508148 1 498
1587860520322 1 499
1587860532660 1 500
1587860544884 1 501
1587860557131 1 502
1587860569443 1 503
1587860581694 1 504
1587860593960 1 505
1587860606193 1 506
1587860618428 1 507
1587860630690 1 508
1587860642981 1 509
1587860655374 1 510
1587860667654 1 511
1587860679956 1 512
1587860692560 1 513
1587860704943 1 514
1587860717326 1 515
1587860729678 1 516
1587860742019 1 517
1587860754371 1 518
1587860766878 1 519
1587860779388 1 520
1587860791782 1 521
1587860804264 1 522
1587860816834 1 523
1587860829771 1 524
1587860842297 1 525
1587860854875 1 526
1587860867876 1 527
1587860880556 1 528
1587860893329 1 529
1587860906180 1 530
1587860918911 1 531
1587860931486 1 532
1587860944263 1 533
1587860956926 1 534
1587860969545 1 535
1587860982195 1 536
1587860994840 1 537
1587861007558 1 538
1587861020506 1 539
1587861033252 1 540
1587861046566 1 541
1587861059326 1 542
1587861072378 1 543
1587861085191 1 544
1587861097837 1 545
1587861110516 1 546
1587861123305 1 547
1587861136215 1 548
1587861149063 1 549
1587861162037 1 550
1587861174804 1 551
1587861187625 1 552
1587861200407 1 553
1587861213167 1 554
1587861226555 1 555
1587861239463 1 556
1587861252260 1 557
1587861265039 1 558
1587861277800 1 559
1587861290698 1 560
1587861303543 1 561
1587861316344 1 562
1587861329165 1 563
1587861342022 1 564
1587861354870 1 565
1587861367806 1 566
1587861380740 1 567
1587861393650 1 568
1587861406943 1 569
1587861420135 1 570
1587861433368 1 571
1587861446567 1 572
1587861459600 1 573
1587861472719 1 574
1587861485785 1 575
1587861498856 1 576
1587861511806 1 577
1587861524737 1 578
1587861537721 1 579
1587861550880 1 580
1587861563876 1 581
1587861576899 1 582
1587861590487 1 583
1587861603682 1 584
1587861616834 1 585
1587861629864 1 586
1587861643027 1 587
1587861656139 1 588
1587861669494 1 589
1587861682740 1 590
1587861695937 1 591
1587861709245 1 592
1587861722878 1 593
1587861736342 1 594
1587861749620 1 595
1587861763441 1 596
1587861776565 1 597
1587861789783 1 598
1587861802984 1 599
1587861816374 1 600
1587861829726 1 601
1587861843075 1 602
1587861856376 1 603
1587861869681 1 604
1587861882974 1 605
1587861896270 1 606
1587861909649 1 607
1587861922994 1 608
1587861936406 1 609
1587861950373 1 610
1587861963685 1 611
1587861977119 1 612
1587861990384 1 613
1587862003690 1 614
1587862017015 1 615
1587862030419 1 616
1587862043778 1 617
1587862057108 1 618
1587862070451 1 619
1587862083963 1 620
1587862097440 1 621
1587862111021 1 622
1587862124971 1 623
1587862138379 1 624
1587862151879 1 625
1587862165321 1 626
1587862178791 1 627
1587862192387 1 628
1587862206116 1 629
1587862219729 1 630
1587862233210 1 631
1587862246710 1 632
1587862260204 1 633
1587862273806 1 634
1587862287553 1 635
1587862301584 1 636
1587862315385 1 637
1587862329096 1 638
1587862342896 1 639
1587862356944 1 640
1587862370865 1 641
1587862384504 1 642
1587862398147 1 643
1587862411764 1 644
1587862425372 1 645
1587862438973 1 646
1587862452648 1 647
1587862466258 1 648
1587862479865 1 649
1587862493875 1 650
1587862507556 1 651
1587862521197 1 652
1587862534892 1 653
1587862548578 1 654
1587862562288 1 655
1587862576211 1 656
1587862589929 1 657
1587862603652 1 658
1587862617375 1 659
1587862631450 1 660
1587862645189 1 661
1587862658929 1 662
1587862673082 1 663
1587862686857 1 664
1587862700605 1 665
1587862714343 1 666
1587862728105 1 667
1587862741893 1 668
1587862755716 1 669
1587862769603 1 670
1587862783419 1 671
1587862797201 1 672
1587862811067 1 673
1587862824925 1 674
1587862838760 1 675
1587862853019 1 676
1587862866995 1 677
1587862880874 1 678
1587862894759 1 679
1587862908799 1 680
1587862922754 1 681
1587862936749 1 682
1587862950708 1 683
1587862964814 1 684
1587862978846 1 685
1587862992870 1 686
1587863006878 1 687
1587863021059 1 688
1587863035251 1 689
1587863049453 1 690
1587863063491 1 691
1587863077650 1 692
1587863091776 1 693
1587863105913 1 694
1587863120042 1 695
1587863134145 1 696
1587863148298 1 697
1587863162489 1 698
1587863176619 1 699
1587863190923 1 700
1587863205879 1 701
1587863220074 1 702
1587863234544 1 703
1587863249062 1 704
1587863263575 1 705
1587863278106 1 706
1587863292624 1 707
1587863306967 1 708
1587863321195 1 709
1587863335880 1 710
1587863350290 1 711
1587863364573 1 712
1587863378906 1 713
1587863393546 1 714
1587863407996 1 715
1587863422288 1 716
1587863436729 1 717
1587863451104 1 718
1587863465683 1 719
1587863480169 1 720
1587863494490 1 721
1587863508793 1 722
1587863523186 1 723
1587863537580 1 724
1587863551964 1 725
1587863566814 1 726
1587863581192 1 727
1587863595604 1 728
1587863610010 1 729
1587863624508 1 730
1587863638925 1 731
1587863653379 1 732
1587863667782 1 733
1587863682175 1 734
1587863696527 1 735
1587863711023 1 736
1587863725387 1 737
1587863739749 1 738
1587863754629 1 739
1587863769254 1 740
1587863783668 1 741
1587863798162 1 742
1587863812622 1 743
1587863827140 1 744
1587863841717 1 745
1587863856171 1 746
1587863870619 1 747
1587863885113 1 748
1587863899563 1 749
1587863914156 1 750
1587863929091 1 751
1587863943663 1 752
1587863958192 1 753
1587863972723 1 754
1587863987257 1 755
1587864001833 1 756
1587864016372 1 757
1587864030912 1 758
1587864045558 1 759
1587864060319 1 760
1587864074995 1 761
1587864090018 1 762
1587864104991 1 763
1587864119774 1 764
1587864134788 1 765
1587864149488 1 766
1587864164184 1 767
1587864178869 1 768
1587864193517 1 769
1587864208344 1 770
1587864223093 1 771
1587864237742 1 772
1587864252488 1 773
1587864267180 1 774
1587864282500 1 775
1587864297336 1 776
1587864312165 1 777
1587864327019 1 778
1587864342024 1 779
1587864357197 1 780
1587864372316 1 781
1587864387252 1 782
1587864402308 1 783
1587864417318 1 784
1587864432301 1 785
1587864447236 1 786
1587864462570 1 787
1587864477547 1 788
1587864492648 1 789
1587864508518 1 790
1587864523553 1 791
1587864538627 1 792
1587864553770 1 793
1587864568998 1 794
1587864584089 1 795
1587864599155 1 796
1587864614478 1 797
1587864629414 1 798
1587864644952 1 799
1587864660193 1 800
1587864675347 1 801
1587864690678 1 802
1587864705922 1 803
1587864721151 1 804
1587864736978 1 805
1587864752805 1 806
1587864768069 1 807
1587864783629 1 808
1587864799207 1 809
1587864814712 1 810
1587864830443 1 811
1587864845861 1 812
1587864861282 1 813
1587864876696 1 814
1587864892018 1 815
1587864907428 1 816
1587864922851 1 817
1587864938189 1 818
1587864953606 1 819
1587864969304 1 820
1587864984779 1 821
1587865000370 1 822
1587865016156 1 823
1587865031770 1 824
1587865047176 1 825
1587865062566 1 826
1587865077917 1 827
1587865093364 1 828
1587865108704 1 829
1587865124273 1 830
1587865139626 1 831
1587865155030 1 832
1587865170434 1 833
1587865186473 1 834
1587865201894 1 835
1587865217430 1 836
1587865232785 1 837
1587865248131 1 838
1587865263554 1 839
1587865279258 1 840
1587865294724 1 841
1587865310250 1 842
1587865325768 1 843
1587865341297 1 844
1587865356834 1 845
1587865372694 1 846
1587865388246 1 847
1587865403985 1 848
1587865419456 1 849
1587865435131 1 850
1587865450734 1 851
1587865466277 1 852
1587865481922 1 853
1587865497563 1 854
1587865513037 1 855
1587865528497 1 856
1587865544310 1 857
1587865559770 1 858
1587865575269 1 859
1587865590889 1 860
1587865606412 1 861
1587865621974 1 862
1587865637561 1 863
1587865653115 1 864
1587865668712 1 865
1587865684389 1 866
1587865700058 1 867
1587865715843 1 868
1587865732010 1 869
1587865748045 1 870
1587865763929 1 871
1587865779756 1 872
1587865795450 1 873
1587865811159 1 874
1587865826885 1 875
1587865842592 1 876
1587865858306 1 877
1587865874112 1 878
1587865889885 1 879
1587865906160 1 880
1587865921935 1 881
1587865937751 1 882
1587865953692 1 883
1587865969588 1 884
1587865985523 1 885
1587866001371 1 886
1587866017388 1 887
1587866033204 1 888
1587866049058 1 889
1587866064938 1 890
1587866080945 1 891
1587866097058 1 892
1587866112949 1 893
1587866128784 1 894
1587866144641 1 895
1587866160485 1 896
1587866176619 1 897
1587866192538 1 898
1587866208489 1 899
1587866224639 1 900
1587866240680 1 901
1587866256657 1 902
1587866272911 1 903
1587866288777 1 904
1587866304653 1 905
1587866320572 1 906
1587866336517 1 907
1587866352456 1 908
1587866368367 1 909
1587866384429 1 910
1587866400353 1 911
1587866416319 1 912
1587866432300 1 913
1587866448672 1 914
1587866464661 1 915
1587866480646 1 916
1587866496687 1 917
1587866512764 1 918
1587866528809 1 919
1587866545022 1 920
1587866561083 1 921
1587866577217 1 922
1587866593773 1 923
1587866609969 1 924
1587866626544 1 925
1587866642749 1 926
1587866658868 1 927
1587866675026 1 928
1587866691177 1 929
1587866707439 1 930
1587866723560 1 931
1587866739718 1 932
1587866755884 1 933
1587866772045 1 934
1587866788297 1 935
1587866804964 1 936
1587866821163 1 937
1587866837503 1 938
1587866853869 1 939
1587866870246 1 940
1587866886641 1 941
1587866902908 1 942
1587866919213 1 943
1587866935566 1 944
1587866951899 1 945
1587866968175 1 946
1587866984817 1 947
1587867001034 1 948
1587867017298 1 949
1587867033774 1 950
1587867050167 1 951
1587867066593 1 952
1587867082997 1 953
1587867099401 1 954
1587867115930 1 955
1587867132544 1 956
1587867149130 1 957
1587867166120 1 958
1587867182716 1 959
1587867199459 1 960
1587867215884 1 961
1587867232291 1 962
1587867248687 1 963
1587867265130 1 964
1587867281654 1 965
1587867298151 1 966
1587867314680 1 967
1587867331193 1 968
1587867348228 1 969
1587867365026 1 970
1587867381780 1 971
1587867398509 1 972
1587867415165 1 973
1587867432170 1 974
1587867448845 1 975
1587867465433 1 976
1587867482068 1 977
1587867498703 1 978
1587867515336 1 979
1587867532870 1 980
1587867549813 1 981
1587867566540 1 982
1587867583260 1 983
1587867600020 1 984
1587867616889 1 985
1587867633663 1 986
1587867650515 1 987
1587867667395 1 988
1587867684121 1 989
1587867701284 1 990
1587867718364 1 991
1587867735479 1 992
1587867752302 1 993
1587867769125 1 994
1587867785924 1 995
1587867802681 1 996
1587867819428 1 997
1587867836220 1 998
1587867853149 1 999
1587867870153 1 1000
1587867887439 1 1001
1587867904388 1 1002
1587867921222 1 1003
1587867938146 1 1004
1587867955059 1 1005
1587867972204 1 1006
1587867989054 1 1007
1587868005818 1 1008
1587868022731 1 1009
1587868040017 1 1010
1587868057172 1 1011
1587868074656 1 1012
1587868091776 1 1013
1587868108818 1 1014
1587868125860 1 1015
1587868143000 1 1016
1587868160029 1 1017
1587868176933 1 1018
1587868193953 1 1019
1587868211549 1 1020
1587868228554 1 1021
1587868245857 1 1022
1587868262731 1 1023
1587868279768 1 1024
1587868296655 1 1025
1587868313674 1 1026
1587868330609 1 1027
1587868347519 1 1028
1587868364505 1 1029
1587868381690 1 1030
1587868398762 1 1031
1587868415905 1 1032
1587868433434 1 1033
1587868450788 1 1034
1587868467794 1 1035
1587868484653 1 1036
1587868501570 1 1037
1587868518569 1 1038
1587868535800 1 1039
1587868553217 1 1040
1587868570399 1 1041
1587868587785 1 1042
1587868605234 1 1043
1587868622429 1 1044
1587868639825 1 1045
1587868657239 1 1046
1587868674356 1 1047
1587868691641 1 1048
1587868708793 1 1049
1587868726008 1 1050
1587868743070 1 1051
1587868760147 1 1052
1587868777017 1 1053
1587868794345 1 1054
1587868811347 1 1055
1587868828330 1 1056
1587868845267 1 1057
1587868862180 1 1058
1587868879303 1 1059
1587868896375 1 1060
1587868913325 1 1061
1587868930608 1 1062
1587868947814 1 1063
1587868965389 1 1064
1587868982627 1 1065
1587868999912 1 1066
1587869017055 1 1067
1587869034088 1 1068
1587869051311 1 1069
1587869068485 1 1070
1587869085595 1 1071
1587869102718 1 1072
1587869119946 1 1073
1587869137213 1 1074
1587869154564 1 1075
1587869171654 1 1076
1587869188790 1 1077
1587869206038 1 1078
1587869223360 1 1079
1587869240858 1 1080
1587869258557 1 1081
1587869276208 1 1082
1587869293538 1 1083
1587869310531 1 1084
1587869327894 1 1085
1587869345118 1 1086
1587869362372 1 1087
1587869379664 1 1088
1587869396774 1 1089
1587869414257 1 1090
1587869431519 1 1091
1587869448752 1 1092
1587869466256 1 1093
1587869483751 1 1094
1587869501065 1 1095
1587869518855 1 1096
1587869535971 1 1097
1587869553196 1 1098
1587869570507 1 1099
1587869588381 1 1100
1587869605947 1 1101
1587869623445 1 1102
1587869641039 1 1103
1587869658274 1 1104
1587869675517 1 1105
1587869693007 1 1106
1587869710238 1 1107
1587869727344 1 1108
1587869744481 1 1109
1587869761729 1 1110
1587869778890 1 1111
1587869795785 1 1112
1587869812719 1 1113
1587869829727 1 1114
1587869846529 1 1115
1587869863677 1 1116
1587869880526 1 1117
1587869897402 1 1118
1587869914247 1 1119
1587869931219 1 1120
1587869948135 1 1121
1587869964992 1 1122
1587869981887 1 1123
1587869998715 1 1124
1587870015672 1 1125
1587870032523 1 1126
1587870049876 1 1127
1587870066787 1 1128
1587870083672 1 1129
1587870100744 1 1130
1587870117620 1 1131
1587870134758 1 1132
1587870151883 1 1133
1587870168721 1 1134
1587870185575 1 1135
1587870202498 1 1136
1587870219378 1 1137
1587870236670 1 1138
1587870253641 1 1139
1587870270835 1 1140
1587870287995 1 1141
1587870305065 1 1142
1587870322237 1 1143
1587870339178 1 1144
1587870356220 1 1145
1587870373303 1 1146
1587870390809 1 1147
1587870408358 1 1148
1587870425537 1 1149
1587870442686 1 1150
1587870459746 1 1151
1587870476924 1 1152
1587870494033 1 1153
1587870511320 1 1154
1587870528406 1 1155
1587870545622 1 1156
1587870562657 1 1157
1587870579774 1 1158
1587870597503 1 1159
1587870615050 1 1160
1587870632549 1 1161
1587870649739 1 1162
1587870667186 1 1163
1587870684590 1 1164
1587870702084 1 1165
1587870719542 1 1166
1587870736686 1 1167
1587870753571 1 1168
1587870770889 1 1169
1587870787982 1 1170
1587870804857 1 1171
1587870821739 1 1172
1587870838752 1 1173
1587870855821 1 1174
1587870872637 1 1175
1587870889507 1 1176
1587870906416 1 1177
1587870923334 1 1178
1587870940454 1 1179
1587870957799 1 1180
1587870974731 1 1181
1587870991609 1 1182
1587871008495 1 1183
1587871025839 1 1184
1587871043139 1 1185
1587871060241 1 1186
1587871077323 1 1187
1587871094675 1 1188
1587871111718 1 1189
1587871129103 1 1190
1587871146175 1 1191
1587871163067 1 1192
1587871180069 1 1193
1587871197196 1 1194
1587871214327 1 1195
1587871231406 1 1196
1587871248194 1 1197
1587871265132 1 1198
1587871282162 1 1199
1587871299209 1 1200
1587871316872 1 1201
1587871333799 1 1202
1587871350719 1 1203
1587871367600 1 1204
1587871384464 1 1205
1587871401400 1 1206
1587871418612 1 1207
1587871435647 1 1208
1587871452697 1 1209
1587871469685 1 1210
1587871487059 1 1211
1587871504011 1 1212
1587871521068 1 1213
1587871538021 1 1214
1587871554912 1 1215
1587871571982 1 1216
1587871588875 1 1217
1587871605861 1 1218
1587871623027 1 1219
1587871640363 1 1220
1587871657417 1 1221
1587871674879 1 1222
1587871692012 1 1223
1587871709221 1 1224
1587871726468 1 1225
1587871743541 1 1226
1587871761048 1 1227
1587871778181 1 1228
1587871795409 1 1229
1587871812850 1 1230
1587871830267 1 1231
1587871847953 1 1232
1587871865436 1 1233
1587871882900 1 1234
1587871900192 1 1235
1587871917421 1 1236
1587871934618 1 1237
1587871951836 1 1238
1587871969231 1 1239
1587871986889 1 1240
1587872004140 1 1241
1587872021477 1 1242
1587872038699 1 1243
1587872055784 1 1244
1587872072733 1 1245
1587872089963 1 1246
1587872106908 1 1247
1587872123909 1 1248
1587872140991 1 1249
1587872158143 1 1250
1587872175351 1 1251
1587872192389 1 1252
1587872209711 1 1253
1587872227093 1 1254
1587872244272 1 1255
1587872261546 1 1256
1587872278606 1 1257
1587872296095 1 1258
1587872313351 1 1259
1587872330495 1 1260
1587872347783 1 1261
1587872364886 1 1262
1587872382119 1 1263
1587872399086 1 1264
1587872416169 1 1265
1587872433249 1 1266
1587872450268 1 1267
1587872467387 1 1268
1587872484406 1 1269
1587872501581 1 1270
1587872518700 1 1271
1587872535833 1 1272
1587872552816 1 1273
1587872570292 1 1274
1587872587371 1 1275
1587872604419 1 1276
1587872621557 1 1277
1587872638915 1 1278
1587872656127 1 1279
1587872673300 1 1280
1587872690277 1 1281
1587872707342 1 1282
1587872724409 1 1283
1587872741930 1 1284
1587872759267 1 1285
1587872776517 1 1286
1587872793477 1 1287
1587872810494 1 1288
1587872827591 1 1289
1587872845103 1 1290
1587872861953 1 1291
1587872878802 1 1292
1587872895851 1 1293
1587872912863 1 1294
1587872930313 1 1295
1587872947477 1 1296
1587872965063 1 1297
1587872982606 1 1298
1587872999686 1 1299
1587873016980 1 1300
1587873034055 1 1301
1587873051059 1 1302
1587873068293 1 1303
1587873085385 1 1304
1587873102868 1 1305
1587873119851 1 1306
1587873136872 1 1307
1587873153887 1 1308
1587873171126 1 1309
1587873188889 1 1310
1587873205743 1 1311
1587873222926 1 1312
1587873239771 1 1313
1587873256626 1 1314
1587873273432 1 1315
1587873290605 1 1316
1587873307457 1 1317
1587873324272 1 1318
1587873341064 1 1319
1587873358037 1 1320
1587873375112 1 1321
1587873391948 1 1322
1587873408731 1 1323
1587873425703 1 1324
1587873442756 1 1325
1587873459686 1 1326
1587873476990 1 1327
1587873494006 1 1328
1587873511046 1 1329
1587873528174 1 1330
1587873545187 1 1331
1587873562427 1 1332
1587873579592 1 1333
1587873596751 1 1334
1587873613959 1 1335
1587873630959 1 1336
1587873648306 1 1337
1587873665427 1 1338
1587873682364 1 1339
1587873699464 1 1340
1587873716293 1 1341
1587873733203 1 1342
1587873750387 1 1343
1587873767375 1 1344
1587873784266 1 1345
1587873801168 1 1346
1587873818172 1 1347
1587873835688 1 1348
1587873852804 1 1349
1587873870179 1 1350
1587873887625 1 1351
1587873904768 1 1352
1587873921895 1 1353
1587873938819 1 1354
1587873955785 1 1355
1587873972783 1 1356
1587873989965 1 1357
1587874007891 1 1358
1587874025272 1 1359
1587874042640 1 1360
1587874059967 1 1361
1587874077138 1 1362
1587874094478 1 1363
1587874111825 1 1364
1587874129104 1 1365
1587874146171 1 1366
1587874163252 1 1367
1587874180253 1 1368
1587874197645 1 1369
1587874215076 1 1370
1587874232178 1 1371
1587874249371 1 1372
1587874266773 1 1373
1587874283989 1 1374
1587874301169 1 1375
1587874318139 1 1376
1587874335376 1 1377
1587874352546 1 1378
1587874370220 1 1379
1587874387546 1 1380
1587874404736 1 1381
1587874421740 1 1382
1587874438837 1 1383
1587874455947 1 1384
1587874473045 1 1385
1587874490059 1 1386
1587874507269 1 1387
1587874524302 1 1388
1587874541629 1 1389
1587874559097 1 1390
1587874576333 1 1391
1587874593505 1 1392
1587874610495 1 1393
1587874627765 1 1394
1587874644950 1 1395
1587874662141 1 1396
1587874679211 1 1397
1587874696266 1 1398
1587874713195 1 1399
1587874730659 1 1400
1587874747602 1 1401
1587874764413 1 1402
1587874781256 1 1403
1587874798077 1 1404
1587874815154 1 1405
1587874831965 1 1406
1587874848747 1 1407
1587874865538 1 1408
1587874882314 1 1409
1587874899222 1 1410
1587874916684 1 1411
1587874933697 1 1412
1587874950668 1 1413
1587874967821 1 1414
1587874985131 1 1415
1587875002227 1 1416
1587875019324 1 1417
1587875036457 1 1418
1587875053677 1 1419
1587875071089 1 1420
1587875088789 1 1421
1587875106155 1 1422
1587875123473 1 1423
1587875140564 1 1424
1587875157797 1 1425
1587875175331 1 1426
1587875192727 1 1427
1587875209931 1 1428
1587875227343 1 1429
1587875244639 1 1430
1587875262090 1 1431
1587875279575 1 1432
1587875296815 1 1433
1587875314453 1 1434
1587875331810 1 1435
1587875349155 1 1436
1587875366360 1 1437
1587875383450 1 1438
1587875400644 1 1439
1587875417980 1 1440
1587875435045 1 1441
1587875452576 1 1442
1587875469643 1 1443
1587875486686 1 1444
1587875503735 1 1445
1587875520841 1 1446
1587875538223 1 1447
1587875555334 1 1448
1587875572525 1 1449
1587875589803 1 1450
1587875607072 1 1451
1587875624746 1 1452
1587875641951 1 1453
1587875659155 1 1454
1587875676466 1 1455
1587875693671 1 1456
1587875711153 1 1457
1587875728444 1 1458
1587875745457 1 1459
1587875762644 1 1460
1587875779715 1 1461
1587875796822 1 1462
1587875814250 1 1463
1587875831401 1 1464
1587875849029 1 1465
1587875865902 1 1466
1587875883103 1 1467
1587875900224 1 1468
1587875917408 1 1469
1587875934701 1 1470
1587875952216 1 1471
1587875969444 1 1472
1587875987072 1 1473
1587876004351 1 1474
1587876021508 1 1475
1587876038711 1 1476
1587876056240 1 1477
1587876074201 1 1478
1587876091308 1 1479
1587876108597 1 1480
1587876125843 1 1481
1587876143114 1 1482
1587876160680 1 1483
1587876178154 1 1484
1587876195466 1 1485
1587876212682 1 1486
1587876229822 1 1487
1587876247225 1 1488
1587876264506 1 1489
1587876282267 1 1490
1587876299629 1 1491
1587876317029 1 1492
1587876334100 1 1493
1587876351419 1 1494
1587876368440 1 1495
1587876385436 1 1496
1587876402621 1 1497
1587876419674 1 1498
1587876436658 1 1499
1587876453845 1 1500
1587876470955 1 1501
1587876488036 1 1502
1587876505033 1 1503
1587876522332 1 1504
1587876539344 1 1505
1587876556384 1 1506
1587876573327 1 1507
1587876590218 1 1508
1587876607236 1 1509
1587876624399 1 1510
1587876641437 1 1511
1587876658405 1 1512
1587876675442 1 1513
1587876692337 1 1514
1587876709572 1 1515
1587876726600 1 1516
1587876743497 1 1517
1587876760448 1 1518
1587876777367 1 1519
1587876794611 1 1520
1587876811440 1 1521
1587876828208 1 1522
1587876845073 1 1523
1587876862082 1 1524
1587876878905 1 1525
1587876896068 1 1526
1587876913073 1 1527
1587876929843 1 1528
1587876946634 1 1529
1587876963794 1 1530
1587876980841 1 1531
1587876997606 1 1532
1587877014489 1 1533
1587877031411 1 1534
1587877048392 1 1535
1587877065650 1 1536
1587877082544 1 1537
1587877099497 1 1538
1587877116315 1 1539
1587877133323 1 1540
1587877150281 1 1541
1587877167163 1 1542
1587877184009 1 1543
1587877200831 1 1544
1587877217702 1 1545
1587877234559 1 1546
1587877251665 1 1547
1587877268663 1 1548
1587877285499 1 1549
1587877302543 1 1550
1587877319407 1 1551
1587877336238 1 1552
1587877353152 1 1553
1587877370025 1 1554
1587877386921 1 1555
1587877403855 1 1556
1587877420922 1 1557
1587877438239 1 1558
1587877455161 1 1559
1587877472224 1 1560
1587877489198 1 1561
1587877506128 1 1562
1587877523056 1 1563
1587877540149 1 1564
1587877557409 1 1565
1587877574561 1 1566
1587877591577 1 1567
1587877609039 1 1568
1587877626068 1 1569
1587877643230 1 1570
1587877660509 1 1571
1587877677456 1 1572
1587877694535 1 1573
1587877711450 1 1574
1587877728415 1 1575
1587877745531 1 1576
1587877762557 1 1577
1587877779528 1 1578
1587877796756 1 1579
1587877813948 1 1580
1587877830864 1 1581
1587877847785 1 1582
1587877864802 1 1583
1587877881959 1 1584
1587877899081 1 1585
1587877915940 1 1586
1587877932880 1 1587
1587877949724 1 1588
1587877967043 1 1589
1587877984032 1 1590
1587878000844 1 1591
1587878017671 1 1592
1587878034461 1 1593
1587878051329 1 1594
1587878068160 1 1595
1587878085024 1 1596
1587878101888 1 1597
1587878118760 1 1598
1587878135592 1 1599
1587878152940 1 1600
1587878169899 1 1601
1587878186761 1 1602
1587878203590 1 1603
1587878220494 1 1604
1587878237450 1 1605
1587878254391 1 1606
1587878271309 1 1607
1587878288249 1 1608
1587878305117 1 1609
1587878322573 1 1610
1587878339454 1 1611
1587878356406 1 1612
1587878373333 1 1613
1587878390197 1 1614
1587878407116 1 1615
1587878424191 1 1616
1587878441114 1 1617
1587878457937 1 1618
1587878474784 1 1619
1587878491709 1 1620
1587878508840 1 1621
1587878525818 1 1622
1587878542771 1 1623
1587878559737 1 1624
1587878576681 1 1625
1587878593835 1 1626
1587878610880 1 1627
1587878627839 1 1628
1587878644824 1 1629
1587878661858 1 1630
1587878678779 1 1631
1587878696166 1 1632
1587878713198 1 1633
1587878730174 1 1634
1587878747147 1 1635
1587878764200 1 1636
1587878781290 1 1637
1587878798257 1 1638
1587878815325 1 1639
1587878832545 1 1640
1587878849680 1 1641
1587878867230 1 1642
1587878884247 1 1643
1587878901266 1 1644
1587878918228 1 1645
1587878935241 1 1646
1587878952215 1 1647
1587878969129 1 1648
1587878986095 1 1649
1587879003161 1 1650
1587879020027 1 1651
1587879036869 1 1652
1587879054128 1 1653
1587879071091 1 1654
1587879087976 1 1655
1587879104824 1 1656
1587879121834 1 1657
1587879138909 1 1658
1587879155964 1 1659
1587879173276 1 1660
1587879190407 1 1661
1587879207486 1 1662
1587879224925 1 1663
1587879241953 1 1664
1587879258840 1 1665
1587879275739 1 1666
1587879292610 1 1667
1587879309531 1 1668
1587879326408 1 1669
1587879343457 1 1670
1587879360328 1 1671
1587879377236 1 1672
1587879394112 1 1673
1587879411472 1 1674
1587879428519 1 1675
1587879445556 1 1676
1587879462624 1 1677
1587879479750 1 1678
1587879496817 1 1679
1587879514091 1 1680
1587879531225 1 1681
1587879548449 1 1682
1587879565458 1 1683
1587879583004 1 1684
1587879599955 1 1685
1587879617136 1 1686
1587879634151 1 1687
1587879651276 1 1688
1587879668524 1 1689
1587879685774 1 1690
1587879702850 1 1691
1587879720024 1 1692
1587879737256 1 1693
1587879754372 1 1694
1587879771746 1 1695
1587879788844 1 1696
1587879805914 1 1697
1587879822953 1 1698
1587879840177 1 1699
1587879857353 1 1700
1587879874532 1 1701
1587879891573 1 1702
1587879908756 1 1703
1587879925766 1 1704
1587879943169 1 1705
1587879960147 1 1706
1587879977331 1 1707
1587879994298 1 1708
1587880011399 1 1709
1587880028649 1 1710
1587880045859 1 1711
1587880062911 1 1712
1587880080048 1 1713
1587880097105 1 1714
1587880114239 1 1715
1587880131638 1 1716
1587880148729 1 1717
1587880165556 1 1718
1587880182392 1 1719
1587880199394 1 1720
1587880216276 1 1721
1587880233120 1 1722
1587880249983 1 1723
1587880266877 1 1724
1587880283701 1 1725
1587880300747 1 1726
1587880317965 1 1727
1587880335013 1 1728
1587880351883 1 1729
1587880368932 1 1730
1587880385839 1 1731
1587880402749 1 1732
1587880419631 1 1733
1587880436502 1 1734
1587880453368 1 1735
1587880470223 1 1736
1587880487539 1 1737
1587880504441 1 1738
1587880521296 1 1739
1587880538267 1 1740
1587880555071 1 1741
1587880572171 1 1742
1587880589045 1 1743
1587880605929 1 1744
1587880622801 1 1745
1587880639861 1 1746
1587880656674 1 1747
1587880673882 1 1748
1587880690682 1 1749
1587880707614 1 1750
1587880724406 1 1751
1587880741209 1 1752
1587880758045 1 1753
1587880774863 1 1754
1587880791639 1 1755
1587880808526 1 1756
1587880825378 1 1757
1587880842654 1 1758
1587880859445 1 1759
1587880876463 1 1760
1587880893303 1 1761
1587880910139 1 1762
1587880927008 1 1763
1587880943979 1 1764
1587880960827 1 1765
1587880977585 1 1766
1587880994479 1 1767
1587881011355 1 1768
1587881028461 1 1769
1587881045401 1 1770
1587881062187 1 1771
1587881078952 1 1772
1587881095726 1 1773
1587881112528 1 1774
1587881129316 1 1775
1587881146119 1 1776
1587881162927 1 1777
1587881179680 1 1778
1587881196626 1 1779
1587881213942 1 1780
1587881230957 1 1781
1587881247866 1 1782
1587881264848 1 1783
1587881281847 1 1784
1587881298774 1 1785
1587881315667 1 1786
1587881332474 1 1787
1587881349290 1 1788
1587881366179 1 1789
1587881383549 1 1790
1587881400483 1 1791
1587881417433 1 1792
1587881434328 1 1793
1587881451238 1 1794
1587881468316 1 1795
1587881485277 1 1796
1587881502193 1 1797
1587881518986 1 1798
1587881535949 1 1799
1587881552875 1 1800
1587881570148 1 1801
1587881587014 1 1802
1587881603930 1 1803
1587881620984 1 1804
1587881637911 1 1805
1587881654815 1 1806
1587881671690 1 1807
1587881688617 1 1808
1587881705696 1 1809
1587881722790 1 1810
1587881739646 1 1811
1587881756928 1 1812
1587881773779 1 1813
1587881790617 1 1814
1587881807582 1 1815
1587881824599 1 1816
1587881841550 1 1817
1587881858469 1 1818
1587881875420 1 1819
1587881892624 1 1820
1587881909598 1 1821
1587881926959 1 1822
1587881943859 1 1823
1587881960735 1 1824
1587881977509 1 1825
1587881994363 1 1826
1587882011380 1 1827
1587882028457 1 1828
1587882045649 1 1829
1587882062866 1 1830
1587882080147 1 1831
1587882097074 1 1832
1587882114232 1 1833
1587882131161 1 1834
1587882148127 1 1835
1587882165046 1 1836
1587882181974 1 1837
1587882198890 1 1838
1587882215852 1 1839
1587882232868 1 1840
1587882249770 1 1841
1587882266613 1 1842
1587882283870 1 1843
1587882300748 1 1844
1587882317741 1 1845
1587882334661 1 1846
1587882351530 1 1847
1587882368576 1 1848
1587882385447 1 1849
1587882402487 1 1850
1587882419435 1 1851
1587882436450 1 1852
1587882453299 1 1853
1587882470727 1 1854
1587882487813 1 1855
1587882504769 1 1856
1587882521781 1 1857
1587882538757 1 1858
1587882556089 1 1859
1587882573134 1 1860
1587882590018 1 1861
1587882606918 1 1862
1587882623829 1 1863
1587882640987 1 1864
1587882658108 1 1865
1587882675106 1 1866
1587882692179 1 1867
1587882709454 1 1868
1587882726502 1 1869
1587882743582 1 1870
1587882760444 1 1871
1587882777385 1 1872
1587882794387 1 1873
1587882811518 1 1874
1587882828796 1 1875
1587882845728 1 1876
1587882862657 1 1877
1587882879643 1 1878
1587882896755 1 1879
1587882913948 1 1880
1587882931097 1 1881
1587882948231 1 1882
1587882965493 1 1883
1587882982494 1 1884
1587882999426 1 1885
1587883016909 1 1886
1587883033999 1 1887
1587883051189 1 1888
1587883068508 1 1889
1587883085797 1 1890
1587883102917 1 1891
1587883120088 1 1892
1587883137208 1 1893
1587883154494 1 1894
1587883171702 1 1895
1587883189228 1 1896
1587883206481 1 1897
1587883223590 1 1898
1587883240909 1 1899
1587883258476 1 1900
1587883276068 1 1901
1587883293378 1 1902
1587883310582 1 1903
1587883327698 1 1904
1587883344597 1 1905
1587883361657 1 1906
1587883378714 1 1907
1587883395678 1 1908
1587883412627 1 1909
1587883429722 1 1910
1587883446686 1 1911
1587883463563 1 1912
1587883480474 1 1913
1587883497367 1 1914
1587883514376 1 1915
1587883531291 1 1916
1587883548460 1 1917
1587883565356 1 1918
1587883582227 1 1919
1587883599192 1 1920
1587883615994 1 1921
1587883632899 1 1922
1587883649780 1 1923
1587883666739 1 1924
1587883683635 1 1925
1587883700508 1 1926
1587883717377 1 1927
1587883734647 1 1928
1587883751662 1 1929
1587883768682 1 1930
1587883785600 1 1931
1587883802538 1 1932
1587883819727 1 1933
1587883836556 1 1934
1587883853380 1 1935
1587883870189 1 1936
1587883886973 1 1937
1587883904199 1 1938
1587883920944 1 1939
1587883938000 1 1940
1587883955231 1 1941
1587883972211 1 1942
1587883989224 1 1943
1587884006284 1 1944
1587884023487 1 1945
1587884040569 1 1946
1587884057686 1 1947
1587884074713 1 1948
1587884092263 1 1949
1587884109368 1 1950
1587884126392 1 1951
1587884143516 1 1952
1587884160481 1 1953
1587884177673 1 1954
1587884194794 1 1955
1587884211867 1 1956
1587884229014 1 1957
1587884246116 1 1958
1587884263758 1 1959
1587884281039 1 1960
1587884298173 1 1961
1587884315337 1 1962
1587884332196 1 1963
1587884349180 1 1964
1587884366020 1 1965
1587884382910 1 1966
1587884399725 1 1967
1587884416640 1 1968
1587884433493 1 1969
1587884450884 1 1970
1587884467784 1 1971
1587884484610 1 1972
1587884501499 1 1973
1587884518396 1 1974
1587884535452 1 1975
1587884552667 1 1976
1587884569847 1 1977
1587884587137 1 1978
1587884604009 1 1979
1587884621124 1 1980
1587884638262 1 1981
1587884655162 1 1982
1587884672015 1 1983
1587884688876 1 1984
1587884705761 1 1985
1587884722648 1 1986
1587884739495 1 1987
1587884756362 1 1988
1587884773262 1 1989
1587884790247 1 1990
1587884807435 1 1991
1587884824342 1 1992
1587884841194 1 1993
1587884858046 1 1994
1587884874877 1 1995
1587884891766 1 1996
1587884908602 1 1997
1587884925441 1 1998
1587884942331 1 1999
1587884959412 1 2000
1587884976705 1 2001
1587884994028 1 2002
1587885010993 1 2003
1587885027869 1 2004
1587885044709 1 2005
1587885061566 1 2006
1587885078493 1 2007
1587885095294 1 2008
1587885112130 1 2009
1587885129353 1 2010
1587885146414 1 2011
1587885163867 1 2012
1587885181072 1 2013
1587885198096 1 2014
1587885215123 1 2015
1587885231977 1 2016
1587885248857 1 2017
1587885265686 1 2018
1587885282520 1 2019
1587885299463 1 2020
1587885316362 1 2021
1587885333186 1 2022
1587885350340 1 2023
1587885367189 1 2024
1587885383977 1 2025
1587885400811 1 2026
1587885417610 1 2027
1587885434613 1 2028
1587885451467 1 2029
1587885468438 1 2030
1587885485250 1 2031
1587885502035 1 2032
1587885518858 1 2033
1587885536062 1 2034
1587885552954 1 2035
1587885569788 1 2036
1587885586597 1 2037
1587885603440 1 2038
1587885620221 1 2039
1587885637164 1 2040
1587885653936 1 2041
1587885670793 1 2042
1587885687569 1 2043
1587885704800 1 2044
1587885721640 1 2045
1587885738495 1 2046
1587885755292 1 2047
1587885772082 1 2048
1587885788941 1 2049
1587885805900 1 2050
1587885822728 1 2051
1587885839540 1 2052
1587885856451 1 2053
1587885873302 1 2054
1587885890579 1 2055
1587885907457 1 2056
1587885924300 1 2057
1587885941183 1 2058
1587885958100 1 2059
1587885975518 1 2060
1587885992441 1 2061
1587886009482 1 2062
1587886026796 1 2063
1587886043741 1 2064
1587886060806 1 2065
1587886078321 1 2066
1587886095310 1 2067
1587886112404 1 2068
1587886129390 1 2069
1587886146409 1 2070
1587886163312 1 2071
1587886180179 1 2072
1587886197004 1 2073
1587886213928 1 2074
1587886230757 1 2075
1587886247900 1 2076
1587886264812 1 2077
1587886281726 1 2078
1587886298642 1 2079
1587886315662 1 2080
1587886332706 1 2081
1587886349566 1 2082
1587886366411 1 2083
1587886383355 1 2084
1587886400239 1 2085
1587886417099 1 2086
1587886434268 1 2087
1587886451137 1 2088
1587886468018 1 2089
1587886485092 1 2090
1587886502057 1 2091
1587886519034 1 2092
1587886535997 1 2093
1587886553102 1 2094
1587886570235 1 2095
1587886587129 1 2096
1587886604331 1 2097
1587886621349 1 2098
1587886638549 1 2099
1587886656091 1 2100
1587886673680 1 2101
1587886690859 1 2102
1587886707996 1 2103
1587886725253 1 2104
1587886742318 1 2105
1587886759469 1 2106
1587886776447 1 2107
1587886793660 1 2108
1587886810625 1 2109
1587886827612 1 2110
1587886844531 1 2111
1587886861493 1 2112
1587886878787 1 2113
1587886895745 1 2114
1587886912898 1 2115
1587886930026 1 2116
1587886947137 1 2117
1587886964691 1 2118
1587886981607 1 2119
1587886998661 1 2120
1587887015636 1 2121
1587887032637 1 2122
1587887049802 1 2123
1587887066697 1 2124
1587887083819 1 2125
1587887100902 1 2126
1587887117967 1 2127
1587887135101 1 2128
1587887152545 1 2129
1587887169880 1 2130
1587887186919 1 2131
1587887203948 1 2132
1587887221077 1 2133
1587887238395 1 2134
1587887255812 1 2135
1587887272996 1 2136
1587887290163 1 2137
1587887307292 1 2138
1587887324827 1 2139
1587887342152 1 2140
1587887359195 1 2141
1587887376297 1 2142
1587887393357 1 2143
1587887410554 1 2144
1587887427643 1 2145
1587887444742 1 2146
1587887461935 1 2147
1587887478989 1 2148
1587887496121 1 2149
1587887513673 1 2150
1587887530830 1 2151
1587887547909 1 2152
1587887564908 1 2153
1587887582040 1 2154
1587887599085 1 2155
1587887616198 1 2156
1587887633266 1 2157
1587887650246 1 2158
1587887667094 1 2159
1587887684571 1 2160
1587887701389 1 2161
1587887718306 1 2162
1587887735255 1 2163
1587887752232 1 2164
1587887769318 1 2165
1587887786134 1 2166
1587887802946 1 2167
1587887819822 1 2168
1587887836859 1 2169
1587887854027 1 2170
1587887871147 1 2171
1587887888077 1 2172
1587887904988 1 2173
1587887921994 1 2174
1587887938845 1 2175
1587887955771 1 2176
1587887972633 1 2177
1587887989517 1 2178
1587888006487 1 2179
1587888023483 1 2180
1587888040429 1 2181
1587888057485 1 2182
1587888074470 1 2183
1587888091387 1 2184
1587888108248 1 2185
1587888125343 1 2186
1587888142593 1 2187
1587888159470 1 2188
1587888176361 1 2189
1587888193558 1 2190
1587888210489 1 2191
1587888227859 1 2192
1587888244859 1 2193
1587888261954 1 2194
1587888278935 1 2195
1587888295841 1 2196
1587888312815 1 2197
1587888329657 1 2198
1587888346506 1 2199
1587888363599 1 2200
1587888380652 1 2201
1587888397602 1 2202
1587888414986 1 2203
1587888431980 1 2204
1587888448953 1 2205
1587888465985 1 2206
1587888483058 1 2207
1587888500145 1 2208
1587888517208 1 2209
1587888534407 1 2210
1587888551422 1 2211
1587888568294 1 2212
1587888585549 1 2213
1587888602417 1 2214
1587888619279 1 2215
1587888636135 1 2216
1587888652978 1 2217
1587888670106 1 2218
1587888686990 1 2219
1587888704009 1 2220
1587888720859 1 2221
1587888737808 1 2222
1587888754713 1 2223
1587888771988 1 2224
1587888788936 1 2225
1587888805803 1 2226
1587888822674 1 2227
1587888839558 1 2228
1587888856512 1 2229
1587888873637 1 2230
1587888890558 1 2231
1587888907532 1 2232
1587888924576 1 2233
1587888941822 1 2234
1587888958833 1 2235
1587888975774 1 2236
1587888992647 1 2237
1587889009525 1 2238
1587889026700 1 2239
1587889044118 1 2240
1587889061462 1 2241
1587889078530 1 2242
1587889095548 1 2243
1587889112585 1 2244
1587889129989 1 2245
1587889146978 1 2246
1587889163869 1 2247
1587889180768 1 2248
1587889197665 1 2249
1587889214762 1 2250
1587889231636 1 2251
1587889248539 1 2252
1587889265602 1 2253
1587889282532 1 2254
1587889299380 1 2255
1587889316641 1 2256
1587889333584 1 2257
1587889350468 1 2258
1587889367380 1 2259
1587889384451 1 2260
1587889401361 1 2261
1587889418301 1 2262
1587889435150 1 2263
1587889452028 1 2264
1587889468835 1 2265
1587889486216 1 2266
1587889503109 1 2267
1587889519944 1 2268
1587889536805 1 2269
1587889553819 1 2270
1587889570860 1 2271
1587889587672 1 2272
1587889604505 1 2273
1587889621396 1 2274
1587889638476 1 2275
1587889655423 1 2276
1587889672957 1 2277
1587889689984 1 2278
1587889706949 1 2279
1587889724081 1 2280
1587889741040 1 2281
1587889758096 1 2282
1587889775062 1 2283
1587889792027 1 2284
1587889808972 1 2285
1587889825900 1 2286
1587889843214 1 2287
1587889860070 1 2288
1587889876987 1 2289
1587889894012 1 2290
1587889910906 1 2291
1587889927808 1 2292
1587889944704 1 2293
1587889961618 1 2294
1587889978476 1 2295
1587889995412 1 2296
1587890012292 1 2297
1587890029515 1 2298
1587890046581 1 2299
1587890063657 1 2300
1587890080608 1 2301
1587890097482 1 2302
1587890114520 1 2303
1587890131526 1 2304
1587890148405 1 2305
1587890165349 1 2306
1587890182181 1 2307
1587890199047 1 2308
1587890216227 1 2309
1587890233341 1 2310
1587890250439 1 2311
1587890267608 1 2312
1587890284511 1 2313
1587890301449 1 2314
1587890318296 1 2315
1587890335184 1 2316
1587890352136 1 2317
1587890369056 1 2318
1587890386419 1 2319
1587890403526 1 2320
1587890420413 1 2321
1587890437336 1 2322
1587890454228 1 2323
1587890471342 1 2324
1587890488237 1 2325
1587890505095 1 2326
1587890522157 1 2327
1587890539275 1 2328
1587890556241 1 2329
1587890573912 1 2330
1587890591013 1 2331
1587890607994 1 2332
1587890625115 1 2333
1587890642156 1 2334
1587890659187 1 2335
1587890676148 1 2336
1587890693163 1 2337
1587890710251 1 2338
1587890727233 1 2339
1587890744783 1 2340
1587890761905 1 2341
1587890778859 1 2342
1587890795723 1 2343
1587890812549 1 2344
1587890829439 1 2345
1587890846292 1 2346
1587890863285 1 2347
1587890880153 1 2348
1587890897065 1 2349
1587890914068 1 2350
1587890931405 1 2351
1587890948299 1 2352
1587890965144 1 2353
1587890981956 1 2354
1587890998812 1 2355
1587891015739 1 2356
1587891032611 1 2357
1587891049500 1 2358
1587891066384 1 2359
1587891083393 1 2360
1587891100332 1 2361
1587891117491 1 2362
1587891134484 1 2363
1587891151406 1 2364
1587891168347 1 2365
1587891185331 1 2366
1587891202270 1 2367
1587891219212 1 2368
1587891236132 1 2369
1587891253286 1 2370
1587891270292 1 2371
1587891287514 1 2372
1587891304516 1 2373
1587891321474 1 2374
1587891338332 1 2375
1587891355189 1 2376
1587891372259 1 2377
1587891389116 1 2378
1587891405977 1 2379
1587891423133 1 2380
1587891440002 1 2381
1587891456821 1 2382
1587891474014 1 2383
1587891490869 1 2384
1587891507665 1 2385
1587891524496 1 2386
1587891541317 1 2387
1587891558225 1 2388
1587891575075 1 2389
1587891592042 1 2390
1587891608989 1 2391
1587891625840 1 2392
1587891643020 1 2393
1587891659877 1 2394
1587891676820 1 2395
1587891693760 1 2396
1587891710602 1 2397
1587891727545 1 2398
1587891744470 1 2399
1587891761533 1 2400
1587891778553 1 2401
1587891795505 1 2402
1587891812482 1 2403
1587891829728 1 2404
1587891846682 1 2405
1587891863529 1 2406
1587891880351 1 2407
1587891897165 1 2408
1587891914057 1 2409
1587891931065 1 2410
1587891947892 1 2411
1587891964765 1 2412
1587891981614 1 2413
1587891998508 1 2414
1587892015783 1 2415
1587892032625 1 2416
1587892049578 1 2417
1587892066525 1 2418
1587892083503 1 2419
1587892100590 1 2420
1587892117508 1 2421
1587892134378 1 2422
1587892151280 1 2423
1587892168097 1 2424
1587892185354 1 2425
1587892202232 1 2426
1587892219058 1 2427
1587892235910 1 2428
1587892252750 1 2429
1587892270006 1 2430
1587892286860 1 2431
1587892303830 1 2432
1587892320756 1 2433
1587892337734 1 2434
1587892354624 1 2435
1587892371676 1 2436
1587892388516 1 2437
1587892405351 1 2438
1587892422251 1 2439
1587892439236 1 2440
1587892456119 1 2441
1587892472928 1 2442
1587892489727 1 2443
1587892506616 1 2444
1587892523449 1 2445
1587892540329 1 2446
1587892557436 1 2447
1587892574305 1 2448
1587892591115 1 2449
1587892608095 1 2450
1587892624969 1 2451
1587892641833 1 2452
1587892658635 1 2453
1587892675490 1 2454
1587892692428 1 2455
1587892709317 1 2456
1587892726674 1 2457
1587892743593 1 2458
1587892760443 1 2459
1587892777465 1 2460
1587892794320 1 2461
1587892811273 1 2462
1587892828290 1 2463
1587892845171 1 2464
1587892862081 1 2465
1587892879065 1 2466
1587892896024 1 2467
1587892913221 1 2468
1587892930128 1 2469
1587892947112 1 2470
1587892963997 1 2471
1587892980847 1 2472
1587892997721 1 2473
1587893014592 1 2474
1587893031487 1 2475
1587893048386 1 2476
1587893065281 1 2477
1587893082497 1 2478
1587893099316 1 2479
1587893116362 1 2480
1587893133288 1 2481
1587893150151 1 2482
1587893167202 1 2483
1587893184143 1 2484
1587893201024 1 2485
1587893218014 1 2486
1587893235269 1 2487
1587893252478 1 2488
1587893269823 1 2489
1587893287241 1 2490
1587893304345 1 2491
1587893321432 1 2492
1587893338342 1 2493
1587893355257 1 2494
1587893372119 1 2495
1587893388972 1 2496
1587893405893 1 2497
1587893422806 1 2498
1587893439690 1 2499
1587893457133 1 2500
1587893474375 1 2501
1587893491230 1 2502
1587893508126 1 2503
1587893524991 1 2504
1587893541940 1 2505
1587893558916 1 2506
1587893575874 1 2507
1587893592727 1 2508
1587893609568 1 2509
1587893627027 1 2510
1587893643935 1 2511
1587893660867 1 2512
1587893677715 1 2513
1587893694605 1 2514
1587893711536 1 2515
1587893728448 1 2516
1587893745318 1 2517
1587893762199 1 2518
1587893779087 1 2519
1587893796095 1 2520
1587893813367 1 2521
1587893830413 1 2522
1587893847451 1 2523
1587893864546 1 2524
1587893881451 1 2525
1587893898430 1 2526
1587893915356 1 2527
1587893932197 1 2528
1587893949083 1 2529
1587893966076 1 2530
1587893983391 1 2531
1587894000294 1 2532
1587894017263 1 2533
1587894034132 1 2534
1587894050998 1 2535
1587894068082 1 2536
1587894085055 1 2537
1587894101980 1 2538
1587894118935 1 2539
1587894136245 1 2540
1587894153150 1 2541
1587894170554 1 2542
1587894187599 1 2543
1587894204562 1 2544
1587894221530 1 2545
1587894238655 1 2546
1587894255917 1 2547
1587894272942 1 2548
1587894289850 1 2549
1587894306947 1 2550
1587894323893 1 2551
1587894341040 1 2552
1587894358387 1 2553
1587894375448 1 2554
1587894392463 1 2555
1587894409489 1 2556
1587894426575 1 2557
1587894443648 1 2558
1587894460858 1 2559
1587894477929 1 2560
1587894495013 1 2561
1587894511896 1 2562
1587894529420 1 2563
1587894546367 1 2564
1587894563245 1 2565
1587894580168 1 2566
1587894597065 1 2567
1587894614055 1 2568
1587894630966 1 2569
1587894647985 1 2570
1587894665003 1 2571
1587894681924 1 2572
1587894698801 1 2573
1587894716186 1 2574
1587894733131 1 2575
1587894750258 1 2576
1587894767279 1 2577
1587894784308 1 2578
1587894801349 1 2579
1587894818483 1 2580
1587894835630 1 2581
1587894852746 1 2582
1587894869803 1 2583
1587894887216 1 2584
1587894904302 1 2585
1587894921503 1 2586
1587894938612 1 2587
1587894955659 1 2588
1587894972950 1 2589
1587894990126 1 2590
1587895007183 1 2591
1587895024353 1 2592
1587895041425 1 2593
1587895058427 1 2594
1587895075752 1 2595
1587895092774 1 2596
1587895109736 1 2597
1587895126703 1 2598
1587895143712 1 2599
1587895161069 1 2600
1587895178123 1 2601
1587895195181 1 2602
1587895212231 1 2603
1587895229242 1 2604
1587895246622 1 2605
1587895263925 1 2606
1587895280966 1 2607
1587895297896 1 2608
1587895314823 1 2609
1587895331939 1 2610
1587895348891 1 2611
1587895365976 1 2612
1587895382990 1 2613
1587895399981 1 2614
1587895416962 1 2615
1587895434397 1 2616
1587895451486 1 2617
1587895468551 1 2618
1587895485575 1 2619
1587895502691 1 2620
1587895519703 1 2621
1587895536578 1 2622
1587895553565 1 2623
1587895570521 1 2624
1587895587379 1 2625
1587895604624 1 2626
1587895621417 1 2627
1587895638312 1 2628
1587895655153 1 2629
1587895672143 1 2630
1587895689026 1 2631
1587895705935 1 2632
1587895722823 1 2633
1587895739700 1 2634
1587895756654 1 2635
1587895773478 1 2636
1587895790749 1 2637
1587895807682 1 2638
1587895824548 1 2639
1587895841650 1 2640
1587895858681 1 2641
1587895875852 1 2642
1587895892755 1 2643
1587895909616 1 2644
1587895926578 1 2645
1587895943497 1 2646
1587895960472 1 2647
1587895977632 1 2648
1587895994590 1 2649
1587896011685 1 2650
1587896028619 1 2651
1587896045549 1 2652
1587896062592 1 2653
1587896079453 1 2654
1587896096317 1 2655
1587896113208 1 2656
1587896130099 1 2657
1587896147256 1 2658
1587896164130 1 2659
1587896181136 1 2660
1587896198022 1 2661
1587896214885 1 2662
1587896231764 1 2663
1587896248610 1 2664
1587896265450 1 2665
1587896282279 1 2666
1587896299098 1 2667
1587896315923 1 2668
1587896333320 1 2669
1587896350426 1 2670
1587896367271 1 2671
1587896384140 1 2672
1587896400986 1 2673
1587896417884 1 2674
1587896434814 1 2675
1587896451725 1 2676
1587896468658 1 2677
1587896485595 1 2678
1587896502867 1 2679
1587896520160 1 2680
1587896537480 1 2681
1587896554699 1 2682
1587896571801 1 2683
1587896588965 1 2684
1587896605962 1 2685
1587896622976 1 2686
1587896640039 1 2687
1587896657024 1 2688
1587896674043 1 2689
1587896691655 1 2690
1587896708617 1 2691
1587896725546 1 2692
1587896742457 1 2693
1587896759381 1 2694
1587896776381 1 2695
1587896793431 1 2696
1587896810308 1 2697
1587896827260 1 2698
1587896844129 1 2699
1587896861287 1 2700
1587896878396 1 2701
1587896895381 1 2702
1587896912398 1 2703
1587896929409 1 2704
1587896946387 1 2705
1587896963356 1 2706
1587896980509 1 2707
1587896997448 1 2708
1587897014427 1 2709
1587897031471 1 2710
1587897048839 1 2711
1587897065936 1 2712
1587897082991 1 2713
1587897099993 1 2714
1587897117024 1 2715
1587897134095 1 2716
1587897151122 1 2717
1587897168207 1 2718
1587897185348 1 2719
1587897202549 1 2720
1587897219519 1 2721
1587897236933 1 2722
1587897254045 1 2723
1587897271198 1 2724
1587897288219 1 2725
1587897305456 1 2726
1587897322488 1 2727
1587897339696 1 2728
1587897356767 1 2729
1587897374191 1 2730
1587897391261 1 2731
1587897408767 1 2732
1587897425681 1 2733
1587897442521 1 2734
1587897459383 1 2735
1587897476252 1 2736
1587897493192 1 2737
1587897510042 1 2738
1587897526919 1 2739
1587897544007 1 2740
1587897560866 1 2741
1587897577764 1 2742
1587897594921 1 2743
1587897611892 1 2744
1587897628755 1 2745
1587897645612 1 2746
1587897662520 1 2747
1587897679556 1 2748
1587897697335 1 2749
1587897715115 1 2750
1587897732568 1 2751
1587897749706 1 2752
1587897767483 1 2753
1587897784772 1 2754
1587897801703 1 2755
1587897818675 1 2756
1587897835618 1 2757
1587897852605 1 2758
1587897869550 1 2759
1587897886628 1 2760
1587897903654 1 2761
1587897920663 1 2762
1587897937602 1 2763
1587897954983 1 2764
1587897971895 1 2765
1587897988972 1 2766
1587898005798 1 2767
1587898022709 1 2768
1587898039552 1 2769
1587898056642 1 2770
1587898073734 1 2771
1587898090641 1 2772
1587898107680 1 2773
1587898125156 1 2774
1587898142222 1 2775
1587898159470 1 2776
1587898176465 1 2777
1587898193390 1 2778
1587898210610 1 2779
1587898227843 1 2780
1587898244846 1 2781
1587898261912 1 2782
1587898278925 1 2783
1587898295873 1 2784
1587898313221 1 2785
1587898330334 1 2786
1587898347479 1 2787
1587898364459 1 2788
1587898381429 1 2789
1587898398580 1 2790
1587898415504 1 2791
1587898432460 1 2792
1587898449436 1 2793
1587898466362 1 2794
1587898483769 1 2795
1587898500680 1 2796
1587898517645 1 2797
1587898534557 1 2798
1587898551486 1 2799
1587898568688 1 2800
1587898585678 1 2801
1587898602669 1 2802
1587898619648 1 2803
1587898636621 1 2804
1587898653557 1 2805
1587898670801 1 2806
1587898687730 1 2807
1587898704651 1 2808
1587898721577 1 2809
1587898738703 1 2810
1587898755778 1 2811
1587898772777 1 2812
1587898789809 1 2813
1587898806800 1 2814
1587898823708 1 2815
1587898840707 1 2816
1587898858061 1 2817
1587898875097 1 2818
1587898892053 1 2819
1587898909178 1 2820
1587898926247 1 2821
1587898943542 1 2822
1587898960874 1 2823
1587898978013 1 2824
1587898995067 1 2825
1587899012033 1 2826
1587899029503 1 2827
1587899046544 1 2828
1587899063452 1 2829
1587899080473 1 2830
1587899097349 1 2831
1587899114337 1 2832
1587899131253 1 2833
1587899148179 1 2834
1587899165124 1 2835
1587899182049 1 2836
1587899198973 1 2837
1587899216260 1 2838
1587899233206 1 2839
1587899250213 1 2840
1587899267105 1 2841
1587899283989 1 2842
1587899300894 1 2843
1587899318013 1 2844
1587899335129 1 2845
1587899352197 1 2846
1587899369129 1 2847
1587899386616 1 2848
1587899403589 1 2849
1587899420603 1 2850
1587899437520 1 2851
1587899454425 1 2852
1587899471508 1 2853
1587899488417 1 2854
1587899505303 1 2855
1587899522480 1 2856
1587899539473 1 2857
1587899556309 1 2858
1587899573546 1 2859
1587899590545 1 2860
1587899607437 1 2861
1587899624307 1 2862
1587899641186 1 2863
1587899658134 1 2864
1587899674993 1 2865
1587899691825 1 2866
1587899708745 1 2867
1587899725650 1 2868
1587899742935 1 2869
1587899759884 1 2870
1587899776825 1 2871
1587899793781 1 2872
1587899810705 1 2873
1587899827678 1 2874
1587899844672 1 2875
1587899861486 1 2876
1587899878363 1 2877
1587899895236 1 2878
1587899912073 1 2879
1587899929423 1 2880
1587899946273 1 2881
1587899963113 1 2882
1587899979957 1 2883
1587899996792 1 2884
1587900013664 1 2885
1587900030545 1 2886
1587900047401 1 2887
1587900064344 1 2888
1587900081189 1 2889
1587900098185 1 2890
1587900115451 1 2891
1587900132321 1 2892
1587900149173 1 2893
1587900166031 1 2894
1587900182908 1 2895
1587900199781 1 2896
1587900216641 1 2897
1587900233473 1 2898
1587900250362 1 2899
1587900267365 1 2900
1587900284653 1 2901
1587900301520 1 2902
1587900318434 1 2903
1587900335301 1 2904
1587900352162 1 2905
1587900369118 1 2906
1587900385957 1 2907
1587900402901 1 2908
1587900419913 1 2909
1587900437029 1 2910
1587900453869 1 2911
1587900471073 1 2912
1587900488001 1 2913
1587900505062 1 2914
1587900522065 1 2915
1587900539013 1 2916
1587900555969 1 2917
1587900573021 1 2918
1587900589987 1 2919
1587900607250 1 2920
1587900624397 1 2921
1587900641713 1 2922
1587900658997 1 2923
1587900675996 1 2924
1587900693005 1 2925
1587900709991 1 2926
1587900727120 1 2927
1587900744083 1 2928
1587900761048 1 2929
1587900778179 1 2930
1587900795218 1 2931
1587900812169 1 2932
1587900829728 1 2933
1587900846683 1 2934
1587900863645 1 2935
1587900880548 1 2936
1587900897493 1 2937
1587900914625 1 2938
1587900931655 1 2939
1587900948857 1 2940
1587900966033 1 2941
1587900983241 1 2942
1587901000243 1 2943
1587901017521 1 2944
1587901034453 1 2945
1587901051381 1 2946
1587901068339 1 2947
1587901085413 1 2948
1587901102449 1 2949
1587901119585 1 2950
1587901136584 1 2951
1587901153661 1 2952
1587901170779 1 2953
1587901188365 1 2954
1587901205475 1 2955
1587901222428 1 2956
1587901239427 1 2957
1587901256323 1 2958
1587901273457 1 2959
1587901290619 1 2960
1587901307750 1 2961
1587901324854 1 2962
1587901342017 1 2963
1587901359074 1 2964
1587901376557 1 2965
1587901393659 1 2966
1587901410809 1 2967
1587901427913 1 2968
1587901445125 1 2969
1587901462400 1 2970
1587901479493 1 2971
1587901496634 1 2972
1587901513781 1 2973
1587901530963 1 2974
1587901548477 1 2975
1587901565650 1 2976
1587901582717 1 2977
1587901599869 1 2978
1587901616817 1 2979
1587901633896 1 2980
1587901650789 1 2981
1587901667681 1 2982
1587901684765 1 2983
1587901701786 1 2984
1587901718725 1 2985
1587901736019 1 2986
1587901752966 1 2987
1587901769898 1 2988
1587901786856 1 2989
1587901803973 1 2990
1587901820887 1 2991
1587901837829 1 2992
1587901854739 1 2993
1587901871745 1 2994
1587901888633 1 2995
1587901906116 1 2996
1587901923097 1 2997
1587901940053 1 2998
1587901957005 1 2999
1587901974070 1 3000
1587901991450 1 3001
1587902008297 1 3002
1587902025189 1 3003
1587902042049 1 3004
1587902058971 1 3005
1587902075853 1 3006
1587902093245 1 3007
1587902110210 1 3008
1587902127133 1 3009
1587902144076 1 3010
1587902160987 1 3011
1587902178010 1 3012
1587902194832 1 3013
1587902211725 1 3014
1587902228646 1 3015
1587902245538 1 3016
1587902262789 1 3017
1587902279780 1 3018
1587902296736 1 3019
1587902313841 1 3020
1587902330858 1 3021
1587902348018 1 3022
1587902365007 1 3023
1587902381959 1 3024
1587902398828 1 3025
1587902415742 1 3026
1587902432674 1 3027
1587902450089 1 3028
1587902467101 1 3029
1587902484225 1 3030
1587902501227 1 3031
1587902518310 1 3032
1587902535429 1 3033
1587902552509 1 3034
1587902569514 1 3035
1587902586475 1 3036
1587902603427 1 3037
1587902620413 1 3038
1587902637653 1 3039
1587902654692 1 3040
1587902671553 1 3041
1587902688404 1 3042
1587902705292 1 3043
1587902722183 1 3044
1587902739033 1 3045
1587902755866 1 3046
1587902772767 1 3047
1587902789654 1 3048
1587902806894 1 3049
1587902823920 1 3050
1587902840794 1 3051
1587902857605 1 3052
1587902874425 1 3053
1587902891250 1 3054
1587902908090 1 3055
1587902924910 1 3056
1587902941760 1 3057
1587902958649 1 3058
1587902975614 1 3059
1587902993331 1 3060
1587903010184 1 3061
1587903027062 1 3062
1587903043913 1 3063
1587903060745 1 3064
1587903077736 1 3065
1587903094544 1 3066
1587903111431 1 3067
1587903128421 1 3068
1587903145254 1 3069
1587903162564 1 3070
1587903179458 1 3071
1587903196341 1 3072
1587903213144 1 3073
1587903230020 1 3074
1587903246904 1 3075
1587903263736 1 3076
1587903280553 1 3077
1587903297416 1 3078
1587903314273 1 3079
1587903331264 1 3080
1587903348341 1 3081
1587903365281 1 3082
1587903382176 1 3083
1587903399039 1 3084
1587903416061 1 3085
1587903433045 1 3086
1587903449965 1 3087
1587903466883 1 3088
1587903483851 1 3089
1587903500902 1 3090
1587903517795 1 3091
1587903535134 1 3092
1587903552153 1 3093
1587903569136 1 3094
1587903586105 1 3095
1587903603076 1 3096
1587903619968 1 3097
1587903636898 1 3098
1587903653877 1 3099
1587903670957 1 3100
1587903688005 1 3101
1587903705377 1 3102
1587903722325 1 3103
1587903739265 1 3104
1587903756228 1 3105
1587903773137 1 3106
1587903790101 1 3107
1587903806985 1 3108
1587903823897 1 3109
1587903840937 1 3110
1587903857903 1 3111
1587903874829 1 3112
1587903892134 1 3113
1587903909097 1 3114
1587903926077 1 3115
1587903943162 1 3116
1587903960100 1 3117
1587903977267 1 3118
1587903994236 1 3119
1587904011316 1 3120
1587904028493 1 3121
1587904045692 1 3122
1587904063197 1 3123
1587904080548 1 3124
1587904097613 1 3125
1587904114795 1 3126
1587904131676 1 3127
1587904148605 1 3128
1587904165446 1 3129
1587904182456 1 3130
1587904199325 1 3131
1587904216221 1 3132
1587904233117 1 3133
1587904250229 1 3134
1587904267148 1 3135
1587904284021 1 3136
1587904300881 1 3137
1587904317901 1 3138
1587904335113 1 3139
1587904352248 1 3140
1587904369213 1 3141
1587904386129 1 3142
1587904403025 1 3143
1587904419913 1 3144
1587904437300 1 3145
1587904454228 1 3146
1587904471103 1 3147
1587904487982 1 3148
1587904504900 1 3149
1587904521921 1 3150
1587904538803 1 3151
1587904555695 1 3152
1587904572570 1 3153
1587904589445 1 3154
1587904606672 1 3155
1587904623653 1 3156
1587904640527 1 3157
1587904657417 1 3158
1587904674269 1 3159
1587904691323 1 3160
1587904708195 1 3161
1587904725054 1 3162
1587904741919 1 3163
1587904758841 1 3164
1587904775772 1 3165
1587904793281 1 3166
1587904810173 1 3167
1587904827069 1 3168
1587904843967 1 3169
1587904861012 1 3170
1587904878039 1 3171
1587904894937 1 3172
1587904911810 1 3173
1587904928753 1 3174
1587904945637 1 3175
1587904962864 1 3176
1587904979765 1 3177
1587904996661 1 3178
1587905013524 1 3179
1587905030575 1 3180
1587905047588 1 3181
1587905064470 1 3182
1587905081341 1 3183
1587905098189 1 3184
1587905115158 1 3185
1587905132162 1 3186
1587905149358 1 3187
1587905166373 1 3188
1587905183222 1 3189
1587905200221 1 3190
1587905217075 1 3191
1587905233951 1 3192
1587905250817 1 3193
1587905267673 1 3194
1587905284561 1 3195
1587905301429 1 3196
1587905318329 1 3197
1587905335617 1 3198
1587905352560 1 3199
1587905369536 1 3200
1587905386542 1 3201
1587905403448 1 3202
1587905420317 1 3203
1587905437137 1 3204
1587905453981 1 3205
1587905470902 1 3206
1587905487777 1 3207
1587905505002 1 3208
1587905521957 1 3209
1587905539082 1 3210
1587905556036 1 3211
1587905572889 1 3212
1587905589821 1 3213
1587905606661 1 3214
1587905623521 1 3215
1587905640414 1 3216
1587905657345 1 3217
1587905674168 1 3218
1587905691341 1 3219
1587905708413 1 3220
1587905725273 1 3221
1587905742101 1 3222
1587905758909 1 3223
1587905775891 1 3224
1587905792797 1 3225
1587905809666 1 3226
1587905826689 1 3227
1587905843673 1 3228
1587905860749 1 3229
1587905877928 1 3230
1587905894944 1 3231
1587905911793 1 3232
1587905928606 1 3233
1587905945497 1 3234
1587905962313 1 3235
1587905979241 1 3236
1587905996221 1 3237
1587906013168 1 3238
1587906030101 1 3239
1587906047521 1 3240
1587906064529 1 3241
1587906081449 1 3242
1587906098313 1 3243
1587906115139 1 3244
1587906132073 1 3245
1587906148963 1 3246
1587906165829 1 3247
1587906182709 1 3248
1587906199596 1 3249
1587906216585 1 3250
1587906233833 1 3251
1587906250741 1 3252
1587906267589 1 3253
1587906284483 1 3254
1587906301373 1 3255
1587906318275 1 3256
1587906335172 1 3257
1587906352043 1 3258
1587906369006 1 3259
1587906386067 1 3260
1587906403464 1 3261
1587906420410 1 3262
1587906437486 1 3263
1587906454345 1 3264
1587906471173 1 3265
1587906488001 1 3266
1587906504928 1 3267
1587906521918 1 3268
1587906538868 1 3269
1587906555986 1 3270
1587906572985 1 3271
1587906590641 1 3272
1587906607761 1 3273
1587906624721 1 3274
1587906641605 1 3275
1587906658529 1 3276
1587906675603 1 3277
1587906692651 1 3278
1587906709669 1 3279
1587906726863 1 3280
1587906743871 1 3281
1587906761116 1 3282
1587906778428 1 3283
1587906795569 1 3284
1587906812630 1 3285
1587906829521 1 3286
1587906846588 1 3287
1587906863532 1 3288
1587906880644 1 3289
1587906897976 1 3290
1587906914975 1 3291
1587906932102 1 3292
1587906949709 1 3293
1587906966921 1 3294
1587906984029 1 3295
1587907001116 1 3296
1587907018357 1 3297
1587907035488 1 3298
1587907052541 1 3299
1587907069813 1 3300
1587907086989 1 3301
1587907104069 1 3302
1587907121382 1 3303
1587907138820 1 3304
1587907155821 1 3305
1587907172697 1 3306
1587907189596 1 3307
1587907206561 1 3308
1587907223501 1 3309
1587907240541 1 3310
1587907257393 1 3311
1587907274283 1 3312
1587907291119 1 3313
1587907308455 1 3314
1587907325353 1 3315
1587907342185 1 3316
1587907359043 1 3317
1587907375850 1 3318
1587907392769 1 3319
1587907409794 1 3320
1587907426677 1 3321
1587907443588 1 3322
1587907460481 1 3323
1587907477350 1 3324
1587907494551 1 3325
1587907511498 1 3326
1587907528410 1 3327
1587907545302 1 3328
1587907562241 1 3329
1587907579390 1 3330
1587907596253 1 3331
1587907613222 1 3332
1587907630276 1 3333
1587907647301 1 3334
1587907664441 1 3335
1587907681228 1 3336
1587907698289 1 3337
1587907715221 1 3338
1587907732204 1 3339
1587907749618 1 3340
1587907766702 1 3341
1587907783715 1 3342
1587907800557 1 3343
1587907817609 1 3344
1587907834633 1 3345
1587907851877 1 3346
1587907868817 1 3347
1587907885702 1 3348
1587907902569 1 3349
1587907919590 1 3350
1587907936516 1 3351
1587907953422 1 3352
1587907970305 1 3353
1587907987419 1 3354
1587908004266 1 3355
1587908021265 1 3356
1587908038418 1 3357
1587908055345 1 3358
1587908072177 1 3359
1587908089186 1 3360
1587908106096 1 3361
1587908122937 1 3362
1587908139748 1 3363
1587908156607 1 3364
1587908173445 1 3365
1587908190285 1 3366
1587908207485 1 3367
1587908224347 1 3368
1587908241121 1 3369
1587908258260 1 3370
1587908275451 1 3371
1587908292475 1 3372
1587908309477 1 3373
1587908326495 1 3374
1587908343636 1 3375
1587908360641 1 3376
1587908377557 1 3377
1587908394981 1 3378
1587908411928 1 3379
1587908429099 1 3380
1587908446193 1 3381
1587908463180 1 3382
1587908480255 1 3383
1587908497254 1 3384
1587908514217 1 3385
1587908531245 1 3386
1587908548276 1 3387
1587908565673 1 3388
1587908582795 1 3389
1587908599921 1 3390
1587908616882 1 3391
1587908633793 1 3392
1587908650664 1 3393
1587908667497 1 3394
1587908684370 1 3395
1587908701209 1 3396
1587908718133 1 3397
1587908735001 1 3398
1587908752258 1 3399
1587908769289 1 3400
1587908786621 1 3401
1587908803529 1 3402
1587908820436 1 3403
1587908837409 1 3404
1587908854273 1 3405
1587908871109 1 3406
1587908887977 1 3407
1587908904804 1 3408
1587908921851 1 3409
1587908939057 1 3410
1587908955989 1 3411
1587908972857 1 3412
1587908989741 1 3413
1587909006679 1 3414
1587909023661 1 3415
1587909040547 1 3416
1587909057395 1 3417
1587909074313 1 3418
1587909091155 1 3419
1587909108706 1 3420
1587909125593 1 3421
1587909142493 1 3422
1587909159479 1 3423
1587909176349 1 3424
1587909193257 1 3425
1587909210107 1 3426
1587909226969 1 3427
1587909243859 1 3428
1587909260725 1 3429
1587909277768 1 3430
1587909294961 1 3431
1587909311850 1 3432
1587909328726 1 3433
1587909345579 1 3434
1587909362445 1 3435
1587909379413 1 3436
1587909396225 1 3437
1587909413057 1 3438
1587909430029 1 3439
1587909447090 1 3440
1587909464400 1 3441
1587909481427 1 3442
1587909498333 1 3443
1587909515185 1 3444
1587909532025 1 3445
1587909548897 1 3446
1587909565909 1 3447
1587909582797 1 3448
1587909599633 1 3449
1587909616686 1 3450
1587909633605 1 3451
1587909650769 1 3452
1587909667659 1 3453
1587909684536 1 3454
1587909701387 1 3455
1587909718257 1 3456
1587909735107 1 3457
1587909751957 1 3458
1587909768818 1 3459
1587909785868 1 3460
1587909802732 1 3461
1587909819581 1 3462
1587909836741 1 3463
1587909853641 1 3464
1587909870493 1 3465
1587909887321 1 3466
1587909904192 1 3467
1587909921038 1 3468
1587909937884 1 3469
1587909954887 1 3470
1587909971745 1 3471
1587909988585 1 3472
1587910005773 1 3473
1587910022632 1 3474
1587910039501 1 3475
1587910056385 1 3476
1587910073237 1 3477
1587910090138 1 3478
1587910106987 1 3479
1587910123941 1 3480
1587910140785 1 3481
1587910157743 1 3482
1587910174721 1 3483
1587910191857 1 3484
1587910208776 1 3485
1587910225645 1 3486
1587910242464 1 3487
1587910259314 1 3488
1587910276277 1 3489
1587910293252 1 3490
1587910310083 1 3491
1587910327043 1 3492
1587910343903 1 3493
1587910360928 1 3494
1587910378050 1 3495
1587910394913 1 3496
1587910411721 1 3497
1587910428568 1 3498
1587910445441 1 3499
1587910462412 1 3500
1587910479406 1 3501
1587910496234 1 3502
1587910513102 1 3503
1587910529965 1 3504
1587910547228 1 3505
1587910564137 1 3506
1587910580997 1 3507
1587910597905 1 3508
1587910614893 1 3509
1587910632180 1 3510
1587910649424 1 3511
1587910666644 1 3512
1587910683929 1 3513
1587910700984 1 3514
1587910718017 1 3515
1587910735389 1 3516
1587910752426 1 3517
1587910769400 1 3518
1587910786374 1 3519
1587910803535 1 3520
1587910820516 1 3521
1587910837493 1 3522
1587910854442 1 3523
1587910871465 1 3524
1587910888432 1 3525
1587910905665 1 3526
1587910922569 1 3527
1587910939429 1 3528
1587910956277 1 3529
1587910973233 1 3530
1587910990129 1 3531
1587911006997 1 3532
1587911023883 1 3533
1587911040701 1 3534
1587911057596 1 3535
1587911074513 1 3536
1587911091793 1 3537
1587911108745 1 3538
1587911125696 1 3539
1587911142740 1 3540
1587911159630 1 3541
1587911176791 1 3542
1587911193749 1 3543
1587911210752 1 3544
1587911227781 1 3545
1587911244993 1 3546
1587911262477 1 3547
1587911279653 1 3548
1587911296677 1 3549
1587911313795 1 3550
1587911330990 1 3551
1587911348113 1 3552
1587911365099 1 3553
1587911381993 1 3554
1587911398877 1 3555
1587911415948 1 3556
1587911433070 1 3557
1587911450693 1 3558
1587911467880 1 3559
1587911485254 1 3560
1587911502331 1 3561
1587911519581 1 3562
1587911536769 1 3563
1587911553957 1 3564
1587911571125 1 3565
1587911588341 1 3566
1587911605480 1 3567
1587911623152 1 3568
1587911640549 1 3569
1587911658187 1 3570
1587911675358 1 3571
1587911692421 1 3572
1587911709537 1 3573
1587911726677 1 3574
1587911743748 1 3575
1587911760712 1 3576
1587911777873 1 3577
1587911795129 1 3578
1587911812505 1 3579
1587911829691 1 3580
1587911846773 1 3581
1587911863812 1 3582
1587911880861 1 3583
1587911897921 1 3584
1587911914895 1 3585
1587911931949 1 3586
1587911948976 1 3587
1587911965989 1 3588
1587911983229 1 3589
1587912000369 1 3590
1587912017445 1 3591
1587912034478 1 3592
1587912051501 1 3593
1587912068641 1 3594
1587912085649 1 3595
1587912102693 1 3596
1587912119761 1 3597
1587912137005 1 3598
1587912153973 1 3599
1587912171734 1 3600
1587912189005 1 3601
1587912206125 1 3602
1587912223417 1 3603
1587912240555 1 3604
1587912257723 1 3605
1587912274973 1 3606
1587912292129 1 3607
1587912309233 1 3608
1587912326281 1 3609
1587912343698 1 3610
1587912360678 1 3611
1587912377853 1 3612
1587912394953 1 3613
1587912412042 1 3614
1587912429257 1 3615
1587912446377 1 3616
1587912463500 1 3617
1587912480757 1 3618
1587912498029 1 3619
1587912515297 1 3620
1587912532749 1 3621
1587912549693 1 3622
1587912566545 1 3623
1587912583383 1 3624
1587912600220 1 3625
1587912617147 1 3626
1587912634012 1 3627
1587912650877 1 3628
1587912667765 1 3629
1587912684788 1 3630
1587912702166 1 3631
1587912719203 1 3632
1587912736137 1 3633
1587912753036 1 3634
1587912770045 1 3635
1587912786957 1 3636
1587912803818 1 3637
1587912820697 1 3638
1587912837569 1 3639
1587912854580 1 3640
1587912871432 1 3641
1587912888745 1 3642
1587912905680 1 3643
1587912922577 1 3644
1587912939479 1 3645
1587912956327 1 3646
1587912973289 1 3647
1587912990104 1 3648
1587913006985 1 3649
1587913024105 1 3650
1587913041073 1 3651
1587913057909 1 3652
1587913075217 1 3653
1587913092081 1 3654
1587913108969 1 3655
1587913125797 1 3656
1587913142724 1 3657
1587913159577 1 3658
1587913176437 1 3659
1587913193510 1 3660
1587913210454 1 3661
1587913227380 1 3662
1587913244617 1 3663
1587913261543 1 3664
1587913278492 1 3665
1587913295497 1 3666
1587913312372 1 3667
1587913329257 1 3668
1587913346075 1 3669
1587913363198 1 3670
1587913380082 1 3671
1587913397015 1 3672
1587913413897 1 3673
1587913431189 1 3674
1587913448173 1 3675
1587913465320 1 3676
1587913482414 1 3677
1587913499393 1 3678
1587913516346 1 3679
1587913533385 1 3680
1587913550313 1 3681
1587913567337 1 3682
1587913584366 1 3683
1587913601576 1 3684
1587913618886 1 3685
1587913635916 1 3686
1587913653033 1 3687
1587913670196 1 3688
1587913687539 1 3689
1587913704688 1 3690
1587913721738 1 3691
1587913738669 1 3692
1587913755616 1 3693
1587913772555 1 3694
1587913789962 1 3695
1587913806898 1 3696
1587913823818 1 3697
1587913840790 1 3698
1587913857768 1 3699
1587913875004 1 3700
1587913892398 1 3701
1587913909420 1 3702
1587913926588 1 3703
1587913943664 1 3704
1587913960843 1 3705
1587913978145 1 3706
1587913995237 1 3707
1587914012203 1 3708
1587914029189 1 3709
1587914046404 1 3710
1587914063445 1 3711
1587914080451 1 3712
1587914097432 1 3713
1587914114453 1 3714
1587914131437 1 3715
1587914148801 1 3716
1587914165758 1 3717
1587914182736 1 3718
1587914199665 1 3719
1587914216765 1 3720
1587914233872 1 3721
1587914250874 1 3722
1587914267855 1 3723
1587914284752 1 3724
1587914301689 1 3725
1587914318609 1 3726
1587914335865 1 3727
1587914352901 1 3728
1587914369773 1 3729
1587914386801 1 3730
1587914403714 1 3731
1587914420672 1 3732
1587914437637 1 3733
1587914454607 1 3734
1587914471733 1 3735
1587914488721 1 3736
1587914506022 1 3737
1587914522983 1 3738
1587914539995 1 3739
1587914557089 1 3740
1587914574101 1 3741
1587914591293 1 3742
1587914608409 1 3743
1587914625645 1 3744
1587914642703 1 3745
1587914659846 1 3746
1587914677045 1 3747
1587914694654 1 3748
1587914711869 1 3749
1587914729128 1 3750
1587914746109 1 3751
1587914763176 1 3752
1587914780385 1 3753
1587914797419 1 3754
1587914814477 1 3755
1587914831600 1 3756
1587914848654 1 3757
1587914866417 1 3758
1587914883547 1 3759
1587914900751 1 3760
1587914917985 1 3761
1587914935029 1 3762
1587914952142 1 3763
1587914969165 1 3764
1587914986397 1 3765
1587915003395 1 3766
1587915020460 1 3767
1587915037425 1 3768
1587915054777 1 3769
1587915072011 1 3770
1587915089085 1 3771
1587915106094 1 3772
1587915123212 1 3773
1587915140353 1 3774
1587915157453 1 3775
1587915174601 1 3776
1587915191942 1 3777
1587915208963 1 3778
1587915226441 1 3779
1587915243560 1 3780
1587915260465 1 3781
1587915277478 1 3782
1587915294437 1 3783
1587915311493 1 3784
1587915328608 1 3785
1587915345681 1 3786
1587915362726 1 3787
1587915379773 1 3788
1587915396720 1 3789
1587915414316 1 3790
1587915431327 1 3791
1587915448351 1 3792
1587915465314 1 3793
1587915482293 1 3794
1587915499317 1 3795
1587915516319 1 3796
1587915533322 1 3797
1587915550370 1 3798
1587915567440 1 3799
1587915584962 1 3800
1587915602285 1 3801
1587915619357 1 3802
1587915636248 1 3803
1587915653153 1 3804
1587915670235 1 3805
1587915687196 1 3806
1587915704168 1 3807
1587915721113 1 3808
1587915738341 1 3809
1587915755393 1 3810
1587915772813 1 3811
1587915789713 1 3812
1587915806725 1 3813
1587915823687 1 3814
1587915840677 1 3815
1587915857693 1 3816
1587915874777 1 3817
1587915891841 1 3818
1587915908812 1 3819
1587915925945 1 3820
1587915943493 1 3821
1587915960427 1 3822
1587915977553 1 3823
1587915994577 1 3824
1587916011641 1 3825
1587916028781 1 3826
1587916045808 1 3827
1587916062941 1 3828
1587916080021 1 3829
1587916097304 1 3830
1587916114393 1 3831
1587916131805 1 3832
1587916148825 1 3833
1587916165893 1 3834
1587916183158 1 3835
1587916200216 1 3836
1587916217425 1 3837
1587916234537 1 3838
1587916251686 1 3839
1587916268938 1 3840
1587916286136 1 3841
1587916303625 1 3842
1587916320785 1 3843
1587916337920 1 3844
1587916354909 1 3845
1587916371868 1 3846
1587916388834 1 3847
1587916405714 1 3848
1587916422586 1 3849
1587916439612 1 3850
1587916456571 1 3851
1587916473574 1 3852
1587916490849 1 3853
1587916507753 1 3854
1587916524672 1 3855
1587916541589 1 3856
1587916558481 1 3857
1587916575473 1 3858
1587916592357 1 3859
1587916609418 1 3860
1587916626374 1 3861
1587916643309 1 3862
1587916660280 1 3863
1587916677538 1 3864
1587916694473 1 3865
1587916711361 1 3866
1587916728247 1 3867
1587916745192 1 3868
1587916762088 1 3869
1587916779150 1 3870
1587916796043 1 3871
1587916813053 1 3872
1587916830054 1 3873
1587916847333 1 3874
1587916864287 1 3875
1587916881296 1 3876
1587916898229 1 3877
1587916915129 1 3878
1587916931975 1 3879
1587916949049 1 3880
1587916965940 1 3881
1587916982837 1 3882
1587916999695 1 3883
1587917016553 1 3884
1587917033785 1 3885
1587917050713 1 3886
1587917067730 1 3887
1587917084691 1 3888
1587917101617 1 3889
1587917118674 1 3890
1587917135533 1 3891
1587917152417 1 3892
1587917169325 1 3893
1587917186216 1 3894
1587917203417 1 3895
1587917220270 1 3896
1587917237261 1 3897
1587917254257 1 3898
1587917271249 1 3899
1587917288603 1 3900
1587917305841 1 3901
1587917322906 1 3902
1587917340034 1 3903
1587917357177 1 3904
1587917374287 1 3905
1587917391872 1 3906
1587917409039 1 3907
1587917426223 1 3908
1587917443537 1 3909
1587917460866 1 3910
1587917478066 1 3911
1587917495186 1 3912
1587917512334 1 3913
1587917529675 1 3914
1587917546893 1 3915
1587917564485 1 3916
1587917581655 1 3917
1587917598797 1 3918
1587917615905 1 3919
1587917633145 1 3920
1587917650317 1 3921
1587917667420 1 3922
1587917684601 1 3923
1587917701693 1 3924
1587917718827 1 3925
1587917735929 1 3926
1587917753657 1 3927
1587917770783 1 3928
1587917787905 1 3929
1587917805099 1 3930
1587917822205 1 3931
1587917839329 1 3932
1587917856397 1 3933
1587917873505 1 3934
1587917890614 1 3935
1587917907681 1 3936
1587917925261 1 3937
1587917942341 1 3938
1587917959469 1 3939
1587917976724 1 3940
1587917993806 1 3941
1587918010993 1 3942
1587918028084 1 3943
1587918045233 1 3944
1587918062333 1 3945
1587918079437 1 3946
1587918096543 1 3947
1587918113998 1 3948
1587918131129 1 3949
1587918148340 1 3950
1587918165477 1 3951
1587918182607 1 3952
1587918199713 1 3953
1587918216751 1 3954
1587918233844 1 3955
1587918250959 1 3956
1587918268183 1 3957
1587918285749 1 3958
1587918302917 1 3959
1587918320134 1 3960
1587918337198 1 3961
1587918354333 1 3962
1587918371509 1 3963
1587918388573 1 3964
1587918405669 1 3965
1587918422832 1 3966
1587918440075 1 3967
1587918457227 1 3968
1587918474889 1 3969
1587918492245 1 3970
1587918509353 1 3971
1587918526481 1 3972
1587918543608 1 3973
1587918560733 1 3974
1587918577797 1 3975
1587918594905 1 3976
1587918612032 1 3977
1587918629159 1 3978
1587918646589 1 3979
1587918663864 1 3980
1587918680933 1 3981
1587918698053 1 3982
1587918715213 1 3983
1587918732430 1 3984
1587918749641 1 3985
1587918766841 1 3986
1587918784117 1 3987
1587918801237 1 3988
1587918818412 1 3989
1587918836231 1 3990
1587918853352 1 3991
1587918870441 1 3992
1587918887545 1 3993
1587918904702 1 3994
1587918921813 1 3995
1587918938973 1 3996
1587918956113 1 3997
1587918973257 1 3998
1587918990394 1 3999
1587919007965 1 4000
1587919025633 1 4001
1587919042718 1 4002
1587919059877 1 4003
1587919077089 1 4004
1587919094235 1 4005
1587919111389 1 4006
1587919128645 1 4007
1587919145768 1 4008
1587919162885 1 4009
1587919180175 1 4010
1587919197735 1 4011
1587919214875 1 4012
1587919231981 1 4013
1587919249165 1 4014
1587919266339 1 4015
1587919283493 1 4016
1587919300589 1 4017
1587919317737 1 4018
1587919334967 1 4019
1587919352392 1 4020
1587919369921 1 4021
1587919387025 1 4022
1587919404145 1 4023
1587919421229 1 4024
1587919438313 1 4025
1587919455457 1 4026
1587919472528 1 4027
1587919489641 1 4028
1587919506801 1 4029
1587919524048 1 4030
1587919541346 1 4031
1587919558688 1 4032
1587919575817 1 4033
1587919592933 1 4034
1587919610090 1 4035
1587919627455 1 4036
1587919644616 1 4037
1587919661761 1 4038
1587919678905 1 4039
1587919696196 1 4040
1587919713317 1 4041
1587919730777 1 4042
1587919747913 1 4043
1587919765050 1 4044
1587919782149 1 4045
1587919799305 1 4046
1587919816444 1 4047
1587919833559 1 4048
1587919850617 1 4049
1587919867906 1 4050
1587919885121 1 4051
1587919902755 1 4052
1587919919952 1 4053
1587919937078 1 4054
1587919954190 1 4055
1587919971265 1 4056
1587919988431 1 4057
1587920005508 1 4058
1587920022657 1 4059
1587920039933 1 4060
1587920057123 1 4061
1587920074273 1 4062
1587920091853 1 4063
1587920109041 1 4064
1587920126153 1 4065
1587920143332 1 4066
1587920160469 1 4067
1587920177773 1 4068
