1587226486443 1 1
1587226506704 0.995 2
1587226527062 0.990025 3
1587226547515 0.985074875 4
1587226568011 0.9801495006250001 5
1587226588990 0.9752487531218751 6
1587226609398 0.9703725093562657 7
1587226629758 0.9655206468094844 8
1587226650147 0.960693043575437 9
1587226670716 0.9558895783575597 10
1587226691149 0.9511101304657719 11
1587226711637 0.946354579813443 12
1587226732284 0.9416228069143757 13
1587226752888 0.9369146928798039 14
1587226774043 0.9322301194154049 15
1587226794585 0.9275689688183278 16
1587226815279 0.9229311239742362 17
1587226835924 0.918316468354365 18
1587226856545 0.9137248860125932 19
1587226877390 0.9091562615825302 20
1587226898109 0.9046104802746175 21
1587226918815 0.9000874278732445 22
1587226939954 0.8955869907338783 23
1587226960762 0.8911090557802088 24
1587226981449 0.8866535105013078 25
1587227002151 0.8822202429488013 26
1587227022849 0.8778091417340573 27
1587227043526 0.8734200960253871 28
1587227064191 0.8690529955452602 29
1587227085071 0.8647077305675338 30
1587227105824 0.8603841919146962 31
1587227127204 0.8560822709551227 32
1587227147880 0.851801859600347 33
1587227168629 0.8475428503023453 34
1587227189374 0.8433051360508336 35
1587227210104 0.8390886103705794 36
1587227230959 0.8348931673187264 37
1587227251727 0.8307187014821328 38
1587227272572 0.8265651079747222 39
1587227293593 0.8224322824348486 40
1587227315023 0.8183201210226743 41
1587227335857 0.8142285204175609 42
1587227356757 0.810157377815473 43
1587227377624 0.8061065909263957 44
1587227398563 0.8020760579717637 45
1587227419480 0.798065677681905 46
1587227440352 0.7940753492934954 47
1587227461246 0.7901049725470279 48
1587227482797 0.7861544476842928 49
1587227503806 0.7822236754458713 50
1587227524714 0.778312557068642 51
1587227545600 0.7744209942832988 52
1587227566432 0.7705488893118823 53
1587227587323 0.7666961448653229 54
1587227608229 0.7628626641409962 55
1587227629140 0.7590483508202912 56
1587227650136 0.7552531090661897 57
1587227671783 0.7514768435208588 58
1587227692768 0.7477194593032545 59
1587227713845 0.7439808620067382 60
1587227734818 0.7402609576967045 61
1587227755804 0.736559652908221 62
1587227776779 0.7328768546436799 63
1587227797749 0.7292124703704616 64
1587227818765 0.7255664080186093 65
1587227840361 0.7219385759785162 66
1587227861512 0.7183288830986236 67
1587227882603 0.7147372386831305 68
1587227903673 0.7111635524897149 69
1587227924872 0.7076077347272662 70
1587227945966 0.7040696960536299 71
1587227967056 0.7005493475733617 72
1587227988179 0.697046600835495 73
1587228009295 0.6935613678313175 74
1587228030967 0.6900935609921609 75
1587228052111 0.6866430931872001 76
1587228073328 0.6832098777212641 77
1587228094539 0.6797938283326578 78
1587228115685 0.6763948591909945 79
1587228137009 0.6730128848950395 80
1587228158159 0.6696478204705644 81
1587228179320 0.6662995813682115 82
1587228201184 0.6629680834613705 83
1587228222338 0.6596532430440636 84
1587228243565 0.6563549768288433 85
1587228264743 0.653073201944699 86
1587228285884 0.6498078359349755 87
1587228307141 0.6465587967553006 88
1587228328327 0.6433260027715241 89
1587228349736 0.6401093727576664 90
1587228371015 0.6369088258938781 91
1587228392795 0.6337242817644086 92
1587228414060 0.6305556603555866 93
1587228435447 0.6274028820538087 94
1587228456706 0.6242658676435396 95
1587228478034 0.6211445383053219 96
1587228499342 0.6180388156137953 97
1587228520693 0.6149486215357263 98
1587228542006 0.6118738784280476 99
1587228564008 0.6088145090359074 100
1587228585308 0.6057704364907278 101
1587228606632 0.6027415843082742 102
1587228628056 0.5997278763867329 103
1587228649368 0.5967292370047992 104
1587228670682 0.5937455908197752 105
1587228692042 0.5907768628656763 106
1587228713375 0.5878229785513479 107
1587228734933 0.5848838636585911 108
1587228756990 0.5819594443402982 109
1587228778567 0.5790496471185967 110
1587228800111 0.5761543988830038 111
1587228821474 0.5732736268885887 112
1587228842871 0.5704072587541458 113
1587228864283 0.567555222460375 114
1587228885666 0.5647174463480732 115
1587228907101 0.5618938591163328 116
1587228928878 0.5590843898207511 117
1587228950263 0.5562889678716474 118
1587228971739 0.5535075230322891 119
1587228993382 0.5507399854171277 120
1587229014748 0.547986285490042 121
1587229036133 0.5452463540625918 122
1587229057395 0.5425201222922789 123
1587229078703 0.5398075216808175 124
1587229100429 0.5371084840724134 125
1587229121748 0.5344229416520513 126
1587229143107 0.531750826943791 127
