1587226486443 1001 1
1587226506704 1001 2
1587226527062 1001 3
1587226547515 1001 4
1587226568011 1001 5
1587226588990 1001 6
1587226609398 1001 7
1587226629758 1001 8
1587226650147 1001 9
1587226670716 1001 10
1587226691149 1001 11
1587226711637 1001 12
1587226732284 1001 13
1587226752888 1001 14
1587226774043 1001 15
1587226794585 1001 16
1587226815279 1001 17
1587226835924 1001 18
1587226856545 1001 19
1587226877390 1001 20
1587226898109 1001 21
1587226918815 1001 22
1587226939954 1001 23
1587226960762 1001 24
1587226981449 1001 25
1587227002151 1001 26
1587227022849 1001 27
1587227043526 1001 28
1587227064191 1001 29
1587227085071 1001 30
1587227105824 1001 31
1587227127204 1001 32
1587227147880 1001 33
1587227168629 1001 34
1587227189374 1001 35
1587227210104 1001 36
1587227230959 1001 37
1587227251727 1001 38
1587227272572 1001 39
1587227293593 1001 40
1587227315023 1001 41
1587227335857 1001 42
1587227356757 1001 43
1587227377624 1001 44
1587227398563 1001 45
1587227419480 1001 46
1587227440352 1001 47
1587227461246 1001 48
1587227482797 1001 49
1587227503806 1001 50
1587227524714 1001 51
1587227545600 1001 52
1587227566432 1001 53
1587227587323 1001 54
1587227608229 1001 55
1587227629140 1001 56
1587227650136 1001 57
1587227671783 1001 58
1587227692768 1001 59
1587227713845 1001 60
1587227734818 1001 61
1587227755804 1001 62
1587227776779 1001 63
1587227797749 1001 64
1587227818765 1001 65
1587227840361 1001 66
1587227861512 1001 67
1587227882603 1001 68
1587227903673 1001 69
1587227924872 1001 70
1587227945966 1001 71
1587227967056 1001 72
1587227988179 1001 73
1587228009295 1001 74
1587228030967 1001 75
1587228052111 1001 76
1587228073328 1001 77
1587228094539 1001 78
1587228115685 1001 79
1587228137009 1001 80
1587228158159 1001 81
1587228179320 1001 82
1587228201184 1001 83
1587228222338 1001 84
1587228243565 1001 85
1587228264743 1001 86
1587228285884 1001 87
1587228307141 1001 88
1587228328327 1001 89
1587228349736 1001 90
1587228371015 1001 91
1587228392795 1001 92
1587228414060 1001 93
1587228435447 1001 94
1587228456706 1001 95
1587228478034 1001 96
1587228499342 1001 97
1587228520693 1001 98
1587228542006 1001 99
1587228564008 1001 100
1587228585308 1001 101
1587228606632 1001 102
1587228628056 1001 103
1587228649368 1001 104
1587228670682 1001 105
1587228692042 1001 106
1587228713375 1001 107
1587228734933 1001 108
1587228756990 1001 109
1587228778567 1001 110
1587228800111 1001 111
1587228821474 1001 112
1587228842871 1001 113
1587228864283 1001 114
1587228885666 1001 115
1587228907101 1001 116
1587228928878 1001 117
1587228950263 1001 118
1587228971739 1001 119
1587228993382 1001 120
1587229014748 1001 121
1587229036133 1001 122
1587229057395 1001 123
1587229078703 1001 124
1587229100429 1001 125
1587229121748 1001 126
1587229143107 1001 127
