1587226486443 0.05999999865889549 1
1587226506704 0.1099999975413084 2
1587226527062 0.17999999597668648 3
1587226547515 0.29999999329447746 4
1587226568011 0.17999999597668648 5
1587226588990 0.11999999731779099 6
1587226609398 0.0 7
1587226629758 0.0 8
1587226650147 0.3299999926239252 9
1587226670716 0.3899999912828207 10
1587226691149 0.0 11
1587226711637 0.0 12
1587226732284 0.40999999083578587 13
1587226752888 0.8699999805539846 14
1587226774043 0.2799999937415123 15
1587226794585 0.1599999964237213 16
1587226815279 0.3199999928474426 17
1587226835924 0.42999999038875103 18
1587226856545 0.8699999805539846 19
1587226877390 0.5899999868124723 20
1587226898109 0.1599999964237213 21
1587226918815 0.5699999872595072 22
1587226939954 0.5299999881535769 23
1587226960762 1.2999999709427357 24
1587226981449 0.549999987706542 25
1587227002151 1.3999999687075615 26
1587227022849 0.9399999789893627 27
1587227043526 0.8399999812245369 28
1587227064191 1.149999974295497 29
1587227085071 0.7999999821186066 30
1587227105824 1.4299999680370092 31
1587227127204 0.1699999962002039 32
1587227147880 1.2099999729543924 33
1587227168629 1.2299999725073576 34
1587227189374 0.9899999778717756 35
1587227210104 0.3799999915063381 36
1587227230959 1.8999999575316906 37
1587227251727 0.47999998927116394 38
1587227272572 1.6399999633431435 39
1587227293593 2.0499999541789293 40
1587227315023 2.659999940544367 41
1587227335857 1.2599999718368053 42
1587227356757 1.4999999664723873 43
1587227377624 0.9899999778717756 44
1587227398563 1.8099999595433474 45
1587227419480 1.5999999642372131 46
1587227440352 1.6399999633431435 47
1587227461246 2.079999953508377 48
1587227482797 1.1599999740719795 49
1587227503806 1.9099999573081732 50
1587227524714 1.8099999595433474 51
1587227545600 0.8399999812245369 52
1587227566432 1.3299999702721834 53
1587227587323 1.169999973848462 54
1587227608229 2.5899999421089888 55
1587227629140 1.219999972730875 56
1587227650136 3.7899999152868986 57
1587227671783 2.229999950155616 58
1587227692768 1.4999999664723873 59
1587227713845 0.8599999807775021 60
1587227734818 2.7599999383091927 61
1587227755804 0.9499999787658453 62
1587227776779 1.7899999599903822 63
1587227797749 2.9499999340623617 64
1587227818765 1.7099999617785215 65
1587227840361 3.6499999184161425 66
1587227861512 2.609999941661954 67
1587227882603 2.779999937862158 68
1587227903673 0.8999999798834324 69
1587227924872 3.829999914392829 70
1587227945966 3.0499999318271875 71
1587227967056 4.719999894499779 72
1587227988179 2.4699999447911978 73
1587228009295 2.2199999503791332 74
1587228030967 2.4999999441206455 75
1587228052111 1.149999974295497 76
1587228073328 3.249999927356839 77
1587228094539 1.1799999736249447 78
1587228115685 2.2099999506026506 79
1587228137009 2.4799999445676804 80
1587228158159 2.079999953508377 81
1587228179320 1.149999974295497 82
1587228201184 1.3499999698251486 83
1587228222338 2.6199999414384365 84
1587228243565 2.489999944344163 85
1587228264743 3.6999999172985554 86
1587228285884 1.4499999675899744 87
1587228307141 2.7699999380856752 88
1587228328327 2.5699999425560236 89
1587228349736 1.269999971613288 90
1587228371015 4.699999894946814 91
1587228392795 2.269999949261546 92
1587228414060 4.049999909475446 93
1587228435447 3.4599999226629734 94
1587228456706 1.6799999624490738 95
1587228478034 3.009999932721257 96
1587228499342 3.709999917075038 97
1587228520693 4.979999888688326 98
1587228542006 1.8799999579787254 99
1587228564008 3.7399999164044857 100
1587228585308 1.8999999575316906 101
1587228606632 3.1999999284744263 102
1587228628056 1.7599999606609344 103
1587228649368 3.05999993160367 104
1587228670682 2.2899999488145113 105
1587228692042 2.0499999541789293 106
1587228713375 3.4599999226629734 107
1587228734933 3.9299999121576548 108
1587228756990 2.269999949261546 109
1587228778567 3.0999999307096004 110
1587228800111 2.849999936297536 111
1587228821474 1.5899999644607306 112
1587228842871 3.94999991171062 113
1587228864283 2.8599999360740185 114
1587228885666 5.099999886006117 115
1587228907101 1.7399999611079693 116
1587228928878 2.369999947026372 117
1587228950263 2.009999955072999 118
1587228971739 3.8899999130517244 119
1587228993382 2.2399999499320984 120
1587229014748 3.569999920204282 121
1587229036133 6.07999986410141 122
1587229057395 4.129999907687306 123
1587229078703 4.059999909251928 124
1587229100429 1.5999999642372131 125
1587229121748 2.699999939650297 126
1587229143107 6.269999859854579 127
