1587809130828 1 1
1587809136715 1 2
1587809142612 1 3
1587809148548 1 4
1587809154543 1 5
1587809161094 1 6
1587809167051 1 7
1587809173001 1 8
1587809178945 1 9
1587809184888 1 10
1587809190858 1 11
1587809196808 1 12
1587809202777 1 13
1587809208744 1 14
1587809214699 1 15
1587809220653 1 16
1587809226622 1 17
1587809232587 1 18
1587809238551 1 19
1587809244599 1 20
1587809250567 1 21
1587809256531 1 22
1587809262502 1 23
1587809268471 1 24
1587809274434 1 25
1587809280392 1 26
1587809286379 1 27
1587809292346 1 28
1587809298307 1 29
1587809304268 1 30
1587809310317 1 31
1587809316295 1 32
1587809322263 1 33
1587809328264 1 34
1587809334286 1 35
1587809340749 1 36
1587809346773 1 37
1587809352760 1 38
1587809358755 1 39
1587809364810 1 40
1587809370805 1 41
1587809376814 1 42
1587809382806 1 43
1587809388802 1 44
1587809394811 1 45
1587809400821 1 46
1587809406847 1 47
1587809412854 1 48
1587809418862 1 49
1587809424868 1 50
1587809430881 1 51
1587809436888 1 52
1587809442894 1 53
1587809448921 1 54
1587809454925 1 55
1587809460942 1 56
1587809467012 1 57
1587809473031 1 58
1587809479054 1 59
1587809485159 1 60
1587809491184 1 61
1587809497212 1 62
1587809503235 1 63
1587809509272 1 64
1587809515558 1 65
1587809521897 1 66
1587809527933 1 67
1587809533970 1 68
1587809540013 1 69
1587809546047 1 70
1587809552087 1 71
1587809558126 1 72
1587809564170 1 73
1587809570237 1 74
1587809576277 1 75
1587809582355 1 76
1587809588421 1 77
1587809594492 1 78
1587809600589 1 79
1587809606739 1 80
1587809612803 1 81
1587809618865 1 82
1587809624920 1 83
1587809630977 1 84
1587809637045 1 85
1587809643131 1 86
1587809649214 1 87
1587809655292 1 88
1587809661363 1 89
1587809667445 1 90
1587809673517 1 91
1587809679576 1 92
1587809685647 1 93
1587809691732 1 94
1587809698360 1 95
1587809704479 1 96
1587809710566 1 97
1587809716663 1 98
1587809722793 1 99
1587809728971 1 100
1587809735108 1 101
1587809741222 1 102
1587809747332 1 103
1587809753452 1 104
1587809759570 1 105
1587809765706 1 106
1587809771829 1 107
1587809777964 1 108
1587809784080 1 109
1587809790196 1 110
1587809796291 1 111
1587809802375 1 112
1587809808475 1 113
1587809814573 1 114
1587809820672 1 115
1587809826794 1 116
1587809832976 1 117
1587809839070 1 118
1587809845179 1 119
1587809851357 1 120
1587809857458 1 121
1587809863559 1 122
1587809869662 1 123
1587809876062 1 124
1587809882437 1 125
1587809888557 1 126
1587809894687 1 127
1587809900796 1 128
1587809906946 1 129
1587809913100 1 130
1587809919225 1 131
1587809925359 1 132
1587809931518 1 133
1587809937665 1 134
1587809943841 1 135
1587809949982 1 136
1587809956116 1 137
1587809962251 1 138
1587809968400 1 139
1587809974615 1 140
1587809980767 1 141
1587809986917 1 142
1587809993064 1 143
1587809999205 1 144
1587810005384 1 145
1587810011554 1 146
1587810017700 1 147
1587810023846 1 148
1587810030000 1 149
1587810036179 1 150
1587810042326 1 151
1587810048462 1 152
1587810054712 1 153
1587810061499 1 154
1587810067700 1 155
1587810073879 1 156
1587810080060 1 157
1587810086228 1 158
1587810092406 1 159
1587810098661 1 160
1587810104848 1 161
1587810111042 1 162
1587810117248 1 163
1587810123467 1 164
1587810129680 1 165
1587810135881 1 166
1587810142069 1 167
1587810148280 1 168
1587810154487 1 169
1587810160678 1 170
1587810166880 1 171
1587810173101 1 172
1587810179318 1 173
1587810185585 1 174
1587810191841 1 175
1587810198058 1 176
1587810204272 1 177
1587810210485 1 178
1587810216706 1 179
1587810223000 1 180
1587810229223 1 181
1587810235667 1 182
1587810242201 1 183
1587810248474 1 184
1587810254701 1 185
1587810260918 1 186
1587810267143 1 187
1587810273350 1 188
1587810279581 1 189
1587810285808 1 190
1587810292031 1 191
1587810298260 1 192
1587810304517 1 193
1587810310781 1 194
1587810317024 1 195
1587810323279 1 196
1587810329561 1 197
1587810335811 1 198
1587810342066 1 199
1587810348399 1 200
1587810354680 1 201
1587810361029 1 202
1587810367349 1 203
1587810373620 1 204
1587810379884 1 205
1587810386182 1 206
1587810392456 1 207
1587810398736 1 208
1587810405016 1 209
1587810411280 1 210
1587810418046 1 211
1587810424353 1 212
1587810430647 1 213
1587810436930 1 214
1587810443225 1 215
1587810449526 1 216
1587810455829 1 217
1587810462126 1 218
1587810468433 1 219
1587810474817 1 220
1587810481120 1 221
1587810487475 1 222
1587810493793 1 223
1587810500102 1 224
1587810506433 1 225
1587810512766 1 226
1587810519093 1 227
1587810525406 1 228
1587810531735 1 229
1587810538059 1 230
1587810544593 1 231
1587810551589 1 232
1587810558965 1 233
1587810566375 1 234
1587810573471 1 235
1587810580314 1 236
1587810586895 1 237
1587810593560 1 238
1587810600702 1 239
1587810607456 1 240
1587810614098 1 241
1587810620711 1 242
1587810627225 1 243
1587810633890 1 244
1587810640504 1 245
1587810647192 1 246
1587810653952 1 247
1587810660630 1 248
1587810667326 1 249
1587810674078 1 250
1587810680814 1 251
1587810687480 1 252
1587810694113 1 253
1587810700868 1 254
1587810707702 1 255
1587810714362 1 256
1587810721041 1 257
1587810727477 1 258
1587810733893 1 259
1587810740373 1 260
1587810746793 1 261
1587810753222 1 262
1587810759652 1 263
1587810766085 1 264
1587810772525 1 265
1587810779463 1 266
1587810785940 1 267
1587810792399 1 268
1587810798846 1 269
1587810805303 1 270
1587810811748 1 271
1587810818196 1 272
1587810824658 1 273
1587810831108 1 274
1587810837578 1 275
1587810844093 1 276
1587810850602 1 277
1587810857109 1 278
1587810863575 1 279
1587810870145 1 280
1587810876607 1 281
1587810883081 1 282
1587810889557 1 283
1587810896035 1 284
1587810902548 1 285
1587810909041 1 286
1587810915543 1 287
1587810922072 1 288
1587810928566 1 289
1587810935053 1 290
1587810941565 1 291
1587810948086 1 292
1587810954666 1 293
1587810961566 1 294
1587810968212 1 295
1587810974767 1 296
1587810981329 1 297
1587810987894 1 298
1587810994453 1 299
1587811001103 1 300
1587811007689 1 301
1587811014237 1 302
1587811020809 1 303
1587811027411 1 304
1587811033982 1 305
1587811040574 1 306
1587811047173 1 307
1587811053761 1 308
1587811060346 1 309
1587811066935 1 310
1587811073538 1 311
1587811080131 1 312
1587811086745 1 313
1587811093367 1 314
1587811099972 1 315
1587811106586 1 316
1587811113202 1 317
1587811119824 1 318
1587811126429 1 319
1587811133131 1 320
1587811140310 1 321
1587811146963 1 322
1587811153604 1 323
1587811160248 1 324
1587811166912 1 325
1587811173553 1 326
1587811180188 1 327
1587811186844 1 328
1587811193495 1 329
1587811200166 1 330
1587811206862 1 331
1587811213539 1 332
1587811220190 1 333
1587811226860 1 334
1587811233542 1 335
1587811240217 1 336
1587811246912 1 337
1587811253592 1 338
1587811260267 1 339
1587811267109 1 340
1587811273813 1 341
1587811280505 1 342
1587811287183 1 343
1587811293877 1 344
1587811300586 1 345
1587811307294 1 346
1587811314011 1 347
1587811321300 1 348
1587811328040 1 349
1587811334763 1 350
1587811341468 1 351
1587811348190 1 352
1587811354941 1 353
1587811361701 1 354
1587811368444 1 355
1587811375186 1 356
1587811381959 1 357
1587811388727 1 358
1587811395509 1 359
1587811402362 1 360
1587811409154 1 361
1587811415928 1 362
1587811422699 1 363
1587811429462 1 364
1587811436243 1 365
1587811443049 1 366
1587811449832 1 367
1587811456631 1 368
1587811463422 1 369
1587811470225 1 370
1587811477045 1 371
1587811483852 1 372
1587811490652 1 373
1587811497975 1 374
1587811504847 1 375
1587811511702 1 376
1587811518561 1 377
1587811525403 1 378
1587811532233 1 379
1587811539157 1 380
1587811546021 1 381
1587811552874 1 382
1587811559721 1 383
1587811566616 1 384
1587811573502 1 385
1587811580355 1 386
1587811587212 1 387
1587811594054 1 388
1587811600916 1 389
1587811607764 1 390
1587811614602 1 391
1587811621453 1 392
1587811628339 1 393
1587811635197 1 394
1587811642051 1 395
1587811648926 1 396
1587811655798 1 397
1587811662701 1 398
1587811669582 1 399
1587811677021 1 400
1587811683977 1 401
1587811690895 1 402
1587811697808 1 403
1587811704733 1 404
1587811711650 1 405
1587811718600 1 406
1587811725535 1 407
1587811732475 1 408
1587811739577 1 409
1587811746576 1 410
1587811753502 1 411
1587811760436 1 412
1587811767395 1 413
1587811774325 1 414
1587811781266 1 415
1587811788229 1 416
1587811795167 1 417
1587811802145 1 418
1587811809133 1 419
1587811816207 1 420
1587811823193 1 421
1587811830161 1 422
1587811837146 1 423
1587811844147 1 424
1587811851155 1 425
1587811858587 1 426
1587811865615 1 427
1587811872639 1 428
1587811879637 1 429
1587811886646 1 430
1587811893654 1 431
1587811900694 1 432
1587811907723 1 433
1587811914793 1 434
1587811921878 1 435
1587811928941 1 436
1587811936013 1 437
1587811943075 1 438
1587811950144 1 439
1587811957286 1 440
1587811964367 1 441
1587811971439 1 442
1587811978502 1 443
1587811985624 1 444
1587811992723 1 445
1587811999812 1 446
1587812006900 1 447
1587812013979 1 448
1587812021065 1 449
1587812028172 1 450
1587812035526 1 451
1587812042905 1 452
1587812050017 1 453
1587812057149 1 454
1587812064273 1 455
1587812071393 1 456
1587812078531 1 457
1587812085674 1 458
1587812092809 1 459
1587812100045 1 460
1587812107220 1 461
1587812114386 1 462
1587812121540 1 463
1587812128712 1 464
1587812135890 1 465
1587812143074 1 466
1587812150280 1 467
1587812157483 1 468
1587812164726 1 469
1587812171946 1 470
1587812179130 1 471
1587812186338 1 472
1587812193533 1 473
1587812200739 1 474
1587812207957 1 475
1587812215303 1 476
1587812222967 1 477
1587812230194 1 478
1587812237426 1 479
1587812244790 1 480
1587812252045 1 481
1587812259296 1 482
1587812266534 1 483
1587812273790 1 484
1587812281030 1 485
1587812288308 1 486
1587812295578 1 487
1587812302848 1 488
1587812310111 1 489
1587812317357 1 490
1587812324624 1 491
1587812331910 1 492
1587812339177 1 493
1587812346489 1 494
1587812353789 1 495
1587812361128 1 496
1587812368462 1 497
1587812375773 1 498
1587812383087 1 499
1587812390503 1 500
1587812398356 1 501
1587812405739 1 502
1587812413089 1 503
1587812420425 1 504
1587812427751 1 505
1587812435080 1 506
1587812442413 1 507
1587812449755 1 508
1587812457102 1 509
1587812464476 1 510
1587812471857 1 511
1587812479229 1 512
1587812486627 1 513
1587812494028 1 514
1587812501437 1 515
1587812508870 1 516
1587812516290 1 517
1587812523731 1 518
1587812531162 1 519
1587812538687 1 520
1587812546097 1 521
1587812553496 1 522
1587812560886 1 523
1587812568295 1 524
1587812575931 1 525
1587812583570 1 526
1587812591027 1 527
1587812598486 1 528
1587812605958 1 529
1587812613445 1 530
1587812620928 1 531
1587812628412 1 532
1587812635890 1 533
1587812643412 1 534
1587812650904 1 535
1587812658394 1 536
1587812665903 1 537
1587812673378 1 538
1587812680851 1 539
1587812688437 1 540
1587812695946 1 541
1587812703466 1 542
1587812710973 1 543
1587812718478 1 544
1587812726010 1 545
1587812733538 1 546
1587812741266 1 547
1587812748804 1 548
1587812756596 1 549
1587812764286 1 550
1587812771847 1 551
1587812779416 1 552
1587812786960 1 553
1587812794497 1 554
1587812802059 1 555
1587812809640 1 556
1587812817202 1 557
1587812824784 1 558
1587812832388 1 559
1587812840065 1 560
1587812847679 1 561
1587812855286 1 562
1587812862870 1 563
1587812870475 1 564
1587812878083 1 565
1587812885768 1 566
1587812893420 1 567
1587812901064 1 568
1587812908675 1 569
1587812916276 1 570
1587812923882 1 571
1587812931497 1 572
1587812939604 1 573
1587812947275 1 574
1587812954925 1 575
1587812962575 1 576
1587812970234 1 577
1587812977890 1 578
1587812985607 1 579
1587812993401 1 580
1587813001043 1 581
1587813008752 1 582
1587813016442 1 583
1587813024149 1 584
1587813031830 1 585
1587813039514 1 586
1587813047199 1 587
1587813054860 1 588
1587813062582 1 589
1587813070330 1 590
1587813078043 1 591
1587813085771 1 592
1587813093518 1 593
1587813101269 1 594
1587813109029 1 595
1587813117144 1 596
1587813124933 1 597
1587813132708 1 598
1587813140454 1 599
1587813148324 1 600
1587813156113 1 601
1587813163883 1 602
1587813171654 1 603
1587813179403 1 604
1587813187237 1 605
1587813195071 1 606
1587813202879 1 607
1587813210698 1 608
1587813218514 1 609
1587813226345 1 610
1587813234172 1 611
1587813242022 1 612
1587813249869 1 613
1587813257715 1 614
1587813265566 1 615
1587813273392 1 616
1587813281202 1 617
1587813288995 1 618
1587813297164 1 619
1587813305154 1 620
1587813313024 1 621
1587813320893 1 622
1587813328762 1 623
1587813336623 1 624
1587813344469 1 625
1587813352348 1 626
1587813360202 1 627
1587813368128 1 628
1587813376043 1 629
1587813383946 1 630
1587813391872 1 631
1587813399772 1 632
1587813407711 1 633
1587813415605 1 634
1587813423539 1 635
1587813431493 1 636
1587813439407 1 637
1587813447358 1 638
1587813455315 1 639
1587813463442 1 640
1587813471539 1 641
1587813480013 1 642
1587813487997 1 643
1587813495987 1 644
1587813503985 1 645
1587813511963 1 646
1587813519968 1 647
1587813527960 1 648
1587813535954 1 649
1587813543984 1 650
1587813551994 1 651
1587813559971 1 652
1587813568042 1 653
1587813576323 1 654
1587813584334 1 655
1587813592349 1 656
1587813600366 1 657
1587813608422 1 658
1587813616437 1 659
1587813624556 1 660
1587813632580 1 661
1587813640613 1 662
