1587230590625 1 1
1587230596454 1 2
1587230602306 1 3
1587230608149 1 4
1587230613995 1 5
1587230619881 1 6
1587230625755 1 7
1587230631643 1 8
1587230637515 1 9
1587230643457 1 10
1587230649370 1 11
1587230655245 1 12
1587230661128 1 13
1587230667020 1 14
1587230672914 1 15
1587230678834 1 16
1587230684740 1 17
1587230690633 1 18
1587230696541 1 19
1587230702547 1 20
1587230708484 1 21
1587230714429 1 22
1587230720944 1 23
1587230726867 1 24
1587230732783 1 25
1587230738697 1 26
1587230744602 1 27
1587230750541 1 28
1587230756448 1 29
1587230762404 1 30
1587230768369 1 31
1587230774282 1 32
1587230780189 1 33
1587230786109 1 34
1587230792067 1 35
1587230798002 1 36
1587230803945 1 37
1587230809948 1 38
1587230815891 1 39
1587230821919 1 40
1587230827883 1 41
1587230833838 1 42
1587230839794 1 43
1587230845761 1 44
1587230851716 1 45
1587230857696 1 46
1587230863687 1 47
1587230869674 1 48
1587230875675 1 49
1587230881673 1 50
1587230887664 1 51
1587230893658 1 52
1587230899940 1 53
1587230906038 1 54
1587230912037 1 55
1587230918044 1 56
1587230924054 1 57
1587230930059 1 58
1587230936049 1 59
1587230942135 1 60
1587230948114 1 61
1587230954129 1 62
1587230960128 1 63
1587230966102 1 64
1587230972090 1 65
1587230978118 1 66
1587230984132 1 67
1587230990143 1 68
1587230996146 1 69
1587231002178 1 70
1587231008210 1 71
1587231014227 1 72
1587231020262 1 73
1587231026270 1 74
1587231032287 1 75
1587231038311 1 76
1587231044343 1 77
1587231050386 1 78
1587231056395 1 79
1587231062501 1 80
1587231068527 1 81
1587231074523 1 82
1587231081063 1 83
1587231087081 1 84
1587231093108 1 85
1587231099156 1 86
1587231105175 1 87
1587231111217 1 88
1587231117279 1 89
1587231123368 1 90
1587231129411 1 91
1587231135461 1 92
1587231141532 1 93
1587231147591 1 94
1587231153658 1 95
1587231159704 1 96
1587231165748 1 97
1587231171813 1 98
1587231177839 1 99
1587231183983 1 100
1587231190029 1 101
1587231196076 1 102
1587231202162 1 103
1587231208234 1 104
1587231214285 1 105
1587231220381 1 106
1587231226460 1 107
1587231232568 1 108
1587231238639 1 109
1587231244785 1 110
1587231250867 1 111
1587231256947 1 112
1587231263455 1 113
1587231269527 1 114
1587231275624 1 115
1587231281704 1 116
1587231287797 1 117
1587231293883 1 118
1587231299962 1 119
1587231306164 1 120
1587231312251 1 121
1587231318329 1 122
1587231324493 1 123
1587231330594 1 124
1587231336705 1 125
1587231342801 1 126
1587231348896 1 127
1587231355014 1 128
1587231361123 1 129
1587231367264 1 130
1587231373365 1 131
1587231379481 1 132
1587231385593 1 133
1587231391725 1 134
1587231397856 1 135
1587231403975 1 136
1587231410100 1 137
1587231416200 1 138
1587231422326 1 139
1587231428537 1 140
1587231434652 1 141
1587231441271 1 142
1587231447455 1 143
1587231453624 1 144
1587231459742 1 145
1587231465881 1 146
1587231471978 1 147
1587231478089 1 148
1587231484296 1 149
1587231490461 1 150
1587231496613 1 151
1587231502730 1 152
1587231508857 1 153
1587231514978 1 154
1587231521083 1 155
1587231527206 1 156
1587231533346 1 157
1587231539480 1 158
1587231545636 1 159
1587231551829 1 160
1587231557965 1 161
1587231564109 1 162
1587231570248 1 163
1587231576404 1 164
1587231582563 1 165
1587231588734 1 166
1587231594926 1 167
1587231601111 1 168
1587231607318 1 169
1587231613464 1 170
1587231619919 1 171
1587231626162 1 172
1587231632315 1 173
1587231638458 1 174
1587231644607 1 175
1587231650753 1 176
1587231656905 1 177
1587231663094 1 178
1587231669288 1 179
1587231675528 1 180
1587231681694 1 181
1587231687865 1 182
1587231694047 1 183
1587231700221 1 184
1587231706382 1 185
1587231712547 1 186
1587231718711 1 187
1587231725147 1 188
1587231732118 1 189
1587231739350 1 190
1587231746587 1 191
1587231753554 1 192
1587231760141 1 193
1587231766699 1 194
1587231773265 1 195
1587231779661 1 196
1587231786149 1 197
1587231792656 1 198
1587231799444 1 199
1587231806252 1 200
1587231812799 1 201
1587231819331 1 202
1587231825937 1 203
1587231832466 1 204
1587231839053 1 205
1587231845633 1 206
1587231852201 1 207
1587231858788 1 208
1587231865456 1 209
1587231872010 1 210
1587231878506 1 211
1587231884917 1 212
1587231891159 1 213
1587231897407 1 214
1587231903660 1 215
1587231909896 1 216
1587231916132 1 217
1587231922359 1 218
1587231928615 1 219
1587231934949 1 220
1587231941170 1 221
1587231947428 1 222
1587231953685 1 223
1587231959930 1 224
1587231966222 1 225
1587231972481 1 226
1587231978968 1 227
1587231985469 1 228
1587231991763 1 229
1587231998071 1 230
1587232004360 1 231
1587232010663 1 232
1587232016958 1 233
1587232023267 1 234
1587232029599 1 235
1587232035922 1 236
1587232042256 1 237
1587232048612 1 238
1587232054978 1 239
1587232061396 1 240
1587232067709 1 241
1587232074026 1 242
1587232080338 1 243
1587232086698 1 244
1587232093036 1 245
1587232099391 1 246
1587232105746 1 247
1587232112111 1 248
1587232118437 1 249
1587232124800 1 250
1587232131155 1 251
1587232137543 1 252
1587232143927 1 253
1587232150264 1 254
1587232156652 1 255
1587232163673 1 256
1587232170035 1 257
1587232176408 1 258
1587232182784 1 259
1587232189233 1 260
1587232195605 1 261
1587232202004 1 262
1587232208402 1 263
1587232214792 1 264
1587232221184 1 265
1587232227579 1 266
1587232233977 1 267
1587232240378 1 268
1587232246794 1 269
1587232253216 1 270
1587232259620 1 271
1587232266043 1 272
1587232272478 1 273
1587232278894 1 274
1587232285310 1 275
1587232291720 1 276
1587232298158 1 277
1587232304597 1 278
1587232311019 1 279
1587232317545 1 280
1587232324043 1 281
1587232330514 1 282
1587232336991 1 283
1587232344062 1 284
1587232350514 1 285
1587232357010 1 286
1587232363521 1 287
1587232369970 1 288
1587232376429 1 289
1587232382923 1 290
1587232389425 1 291
1587232395910 1 292
1587232402435 1 293
1587232408956 1 294
1587232415471 1 295
1587232421994 1 296
1587232428533 1 297
1587232435071 1 298
1587232441681 1 299
1587232448308 1 300
1587232454935 1 301
1587232461451 1 302
1587232467968 1 303
1587232474496 1 304
1587232481048 1 305
1587232487568 1 306
1587232494103 1 307
1587232500625 1 308
1587232507231 1 309
1587232513807 1 310
1587232520846 1 311
1587232527396 1 312
1587232534016 1 313
1587232540607 1 314
1587232547176 1 315
1587232553758 1 316
1587232560348 1 317
1587232566993 1 318
1587232573607 1 319
1587232580307 1 320
1587232586902 1 321
1587232593524 1 322
1587232600173 1 323
1587232606798 1 324
1587232613412 1 325
1587232620044 1 326
1587232626681 1 327
1587232633326 1 328
1587232639968 1 329
1587232646614 1 330
1587232653254 1 331
1587232659929 1 332
1587232666556 1 333
1587232673181 1 334
1587232679815 1 335
1587232686517 1 336
1587232693217 1 337
1587232700398 1 338
1587232707062 1 339
1587232713805 1 340
1587232720460 1 341
1587232727093 1 342
1587232733749 1 343
1587232740396 1 344
1587232747070 1 345
1587232753716 1 346
1587232760370 1 347
1587232767042 1 348
1587232773704 1 349
1587232780408 1 350
1587232787128 1 351
1587232793835 1 352
1587232800546 1 353
1587232807315 1 354
1587232814035 1 355
1587232820733 1 356
1587232827452 1 357
1587232834146 1 358
1587232840864 1 359
1587232847672 1 360
1587232854408 1 361
1587232861163 1 362
1587232867921 1 363
1587232874646 1 364
1587232881929 1 365
1587232888705 1 366
1587232895467 1 367
1587232902210 1 368
1587232908950 1 369
1587232915715 1 370
1587232922521 1 371
1587232929274 1 372
1587232936050 1 373
1587232942841 1 374
1587232949626 1 375
1587232956384 1 376
1587232963176 1 377
1587232969943 1 378
1587232976745 1 379
1587232983642 1 380
1587232990444 1 381
1587232997269 1 382
1587233004110 1 383
1587233010944 1 384
1587233017764 1 385
1587233024584 1 386
1587233031448 1 387
1587233038270 1 388
1587233045155 1 389
1587233052016 1 390
1587233059122 1 391
1587233066241 1 392
1587233073120 1 393
1587233079991 1 394
1587233086843 1 395
1587233093702 1 396
1587233100559 1 397
1587233107472 1 398
1587233114360 1 399
1587233121317 1 400
1587233128202 1 401
1587233135063 1 402
1587233141929 1 403
1587233148804 1 404
1587233155687 1 405
1587233162627 1 406
1587233169533 1 407
1587233176440 1 408
1587233183322 1 409
1587233190221 1 410
1587233197117 1 411
1587233204031 1 412
1587233210961 1 413
1587233217917 1 414
1587233225077 1 415
1587233232047 1 416
1587233239384 1 417
1587233246507 1 418
1587233253502 1 419
1587233260578 1 420
1587233267589 1 421
1587233274544 1 422
1587233281507 1 423
1587233288497 1 424
1587233295473 1 425
1587233302428 1 426
1587233309403 1 427
1587233316413 1 428
1587233323394 1 429
1587233330403 1 430
1587233337390 1 431
1587233344427 1 432
1587233351419 1 433
1587233358428 1 434
1587233365434 1 435
1587233372458 1 436
1587233379466 1 437
1587233386485 1 438
1587233393541 1 439
1587233400653 1 440
1587233407765 1 441
1587233414799 1 442
1587233422532 1 443
1587233429604 1 444
1587233436667 1 445
1587233443726 1 446
1587233450782 1 447
1587233457855 1 448
1587233464968 1 449
1587233472038 1 450
1587233479121 1 451
1587233486179 1 452
1587233493263 1 453
1587233500361 1 454
1587233507464 1 455
1587233514583 1 456
1587233521704 1 457
1587233528850 1 458
1587233535977 1 459
1587233543169 1 460
1587233550305 1 461
1587233557417 1 462
1587233564547 1 463
1587233571698 1 464
1587233578844 1 465
1587233586016 1 466
1587233593202 1 467
1587233600916 1 468
1587233608055 1 469
1587233615229 1 470
1587233622396 1 471
1587233629544 1 472
1587233636712 1 473
1587233643946 1 474
1587233651120 1 475
1587233658295 1 476
1587233665521 1 477
1587233672742 1 478
1587233679924 1 479
1587233687218 1 480
1587233694430 1 481
1587233701649 1 482
1587233708877 1 483
1587233716062 1 484
1587233723292 1 485
1587233730567 1 486
1587233737803 1 487
1587233745077 1 488
1587233752296 1 489
1587233759562 1 490
1587233766848 1 491
1587233774097 1 492
1587233781846 1 493
1587233789148 1 494
1587233796447 1 495
1587233803733 1 496
1587233811046 1 497
1587233818418 1 498
1587233825772 1 499
1587233833226 1 500
1587233840582 1 501
1587233847878 1 502
1587233855214 1 503
1587233862557 1 504
1587233869879 1 505
1587233877198 1 506
1587233884541 1 507
1587233891889 1 508
1587233899222 1 509
1587233906592 1 510
1587233913943 1 511
1587233921274 1 512
1587233928637 1 513
1587233936019 1 514
1587233943421 1 515
1587233950809 1 516
1587233958293 1 517
1587233966070 1 518
1587233973438 1 519
1587233980941 1 520
1587233988370 1 521
1587233995781 1 522
1587234003198 1 523
1587234010682 1 524
1587234018107 1 525
1587234025560 1 526
1587234033052 1 527
1587234040479 1 528
1587234047930 1 529
1587234055402 1 530
1587234062924 1 531
1587234070467 1 532
1587234077977 1 533
1587234085453 1 534
1587234092937 1 535
1587234100417 1 536
1587234107912 1 537
1587234115370 1 538
1587234122903 1 539
1587234130519 1 540
1587234138087 1 541
1587234146057 1 542
1587234153576 1 543
1587234161078 1 544
1587234168577 1 545
1587234176131 1 546
1587234183676 1 547
1587234191211 1 548
1587234198721 1 549
1587234206285 1 550
1587234213836 1 551
1587234221413 1 552
1587234229134 1 553
1587234236677 1 554
1587234244260 1 555
1587234251839 1 556
1587234259466 1 557
1587234267088 1 558
1587234274631 1 559
1587234282340 1 560
1587234289945 1 561
1587234297519 1 562
1587234305242 1 563
1587234312892 1 564
1587234321057 1 565
1587234328721 1 566
1587234336432 1 567
1587234344137 1 568
1587234351785 1 569
1587234359486 1 570
1587234367258 1 571
1587234375004 1 572
1587234382706 1 573
1587234390388 1 574
1587234398051 1 575
1587234405753 1 576
1587234413438 1 577
1587234421176 1 578
1587234428937 1 579
1587234436760 1 580
1587234444484 1 581
1587234452226 1 582
1587234459970 1 583
1587234467713 1 584
1587234475410 1 585
1587234483234 1 586
1587234491018 1 587
1587234498909 1 588
1587234507030 1 589
1587234514753 1 590
1587234522517 1 591
1587234530273 1 592
1587234538061 1 593
1587234545865 1 594
1587234553621 1 595
1587234561421 1 596
1587234569225 1 597
1587234577028 1 598
1587234584799 1 599
1587234592728 1 600
1587234600604 1 601
1587234608524 1 602
1587234616376 1 603
1587234624224 1 604
1587234632061 1 605
1587234639871 1 606
1587234647715 1 607
1587234655551 1 608
1587234663456 1 609
1587234671370 1 610
1587234679502 1 611
1587234687539 1 612
1587234695397 1 613
1587234703269 1 614
1587234711147 1 615
1587234719029 1 616
1587234726967 1 617
1587234734853 1 618
1587234742781 1 619
1587234750833 1 620
1587234758739 1 621
1587234766641 1 622
1587234774577 1 623
1587234782545 1 624
1587234790504 1 625
1587234798488 1 626
1587234806444 1 627
1587234814403 1 628
1587234822328 1 629
1587234830275 1 630
1587234838280 1 631
1587234846261 1 632
1587234854217 1 633
1587234862556 1 634
1587234870534 1 635
1587234878441 1 636
1587234886451 1 637
1587234894433 1 638
1587234902454 1 639
1587234910591 1 640
1587234918581 1 641
1587234926548 1 642
1587234934552 1 643
1587234942583 1 644
1587234950599 1 645
1587234958602 1 646
1587234966666 1 647
1587234974659 1 648
1587234982693 1 649
1587234990719 1 650
1587234998755 1 651
1587235006793 1 652
1587235014791 1 653
1587235022880 1 654
1587235030961 1 655
1587235039250 1 656
1587235047526 1 657
1587235055545 1 658
1587235063641 1 659
1587235071885 1 660
1587235079993 1 661
1587235088071 1 662
1587235096154 1 663
1587235104300 1 664
1587235112384 1 665
1587235120459 1 666
1587235128605 1 667
1587235136750 1 668
1587235144907 1 669
1587235153048 1 670
1587235161146 1 671
1587235169251 1 672
1587235177384 1 673
1587235185490 1 674
1587235193583 1 675
1587235201787 1 676
1587235209976 1 677
1587235218241 1 678
1587235226836 1 679
1587235235146 1 680
1587235243360 1 681
1587235251562 1 682
1587235259807 1 683
1587235268080 1 684
1587235276269 1 685
1587235284485 1 686
1587235292688 1 687
1587235300899 1 688
1587235309137 1 689
1587235317351 1 690
1587235325665 1 691
1587235333945 1 692
1587235342190 1 693
1587235350434 1 694
1587235358694 1 695
1587235367010 1 696
1587235375323 1 697
1587235383684 1 698
1587235391970 1 699
1587235400916 1 700
1587235409254 1 701
1587235417596 1 702
1587235425906 1 703
1587235434209 1 704
1587235442589 1 705
1587235450944 1 706
1587235459254 1 707
1587235467541 1 708
1587235475858 1 709
1587235484163 1 710
1587235492526 1 711
1587235500904 1 712
1587235509252 1 713
1587235517598 1 714
1587235525991 1 715
1587235534375 1 716
1587235542745 1 717
1587235551142 1 718
1587235559505 1 719
1587235568023 1 720
1587235576397 1 721
1587235585161 1 722
1587235593510 1 723
1587235601871 1 724
1587235610228 1 725
1587235618583 1 726
1587235627224 1 727
1587235635681 1 728
1587235644030 1 729
1587235652369 1 730
1587235660748 1 731
1587235669112 1 732
1587235677527 1 733
1587235685996 1 734
1587235694366 1 735
1587235702749 1 736
1587235711193 1 737
1587235719669 1 738
1587235728189 1 739
1587235736775 1 740
1587235745276 1 741
1587235753688 1 742
1587235762569 1 743
1587235771002 1 744
1587235779457 1 745
1587235787931 1 746
1587235796420 1 747
1587235804939 1 748
1587235813424 1 749
1587235821872 1 750
1587235830411 1 751
1587235838924 1 752
1587235847445 1 753
1587235855952 1 754
1587235864543 1 755
1587235873085 1 756
1587235881605 1 757
1587235890120 1 758
1587235898665 1 759
1587235907352 1 760
1587235915896 1 761
1587235924553 1 762
1587235933195 1 763
1587235942150 1 764
1587235950755 1 765
1587235959327 1 766
1587235967996 1 767
1587235976551 1 768
1587235985180 1 769
1587235993793 1 770
1587236002429 1 771
1587236011088 1 772
1587236019707 1 773
1587236028332 1 774
1587236036975 1 775
1587236045657 1 776
1587236054288 1 777
1587236062895 1 778
1587236071519 1 779
1587236080312 1 780
1587236088970 1 781
1587236097678 1 782
1587236106455 1 783
1587236115133 1 784
1587236124391 1 785
1587236133015 1 786
1587236141676 1 787
1587236150324 1 788
1587236158991 1 789
1587236167797 1 790
1587236176464 1 791
1587236185169 1 792
1587236193860 1 793
1587236202590 1 794
1587236211298 1 795
1587236220029 1 796
1587236228791 1 797
1587236237557 1 798
1587236246260 1 799
1587236255109 1 800
1587236263871 1 801
1587236272612 1 802
1587236281378 1 803
1587236290174 1 804
1587236299084 1 805
1587236307983 1 806
1587236316778 1 807
1587236325596 1 808
1587236334420 1 809
1587236343259 1 810
1587236352069 1 811
1587236360899 1 812
1587236369692 1 813
1587236378467 1 814
1587236387321 1 815
1587236396177 1 816
1587236405064 1 817
1587236413917 1 818
1587236422712 1 819
1587236431635 1 820
1587236440495 1 821
1587236449321 1 822
1587236458154 1 823
1587236467037 1 824
1587236475909 1 825
1587236485205 1 826
1587236494147 1 827
1587236503040 1 828
1587236511890 1 829
1587236520792 1 830
1587236529740 1 831
1587236538655 1 832
1587236547559 1 833
1587236556495 1 834
1587236565369 1 835
1587236574282 1 836
1587236583160 1 837
1587236592161 1 838
1587236601062 1 839
1587236610061 1 840
1587236618988 1 841
1587236627934 1 842
1587236636901 1 843
1587236645927 1 844
1587236654903 1 845
1587236664255 1 846
1587236673251 1 847
1587236682247 1 848
1587236691297 1 849
1587236700345 1 850
1587236709425 1 851
1587236718484 1 852
1587236727484 1 853
1587236736538 1 854
1587236745628 1 855
1587236754714 1 856
1587236763751 1 857
1587236772742 1 858
1587236781747 1 859
1587236790889 1 860
1587236799922 1 861
1587236809018 1 862
1587236818075 1 863
1587236827165 1 864
1587236836220 1 865
1587236845695 1 866
1587236854838 1 867
1587236864007 1 868
1587236873127 1 869
1587236882310 1 870
1587236891517 1 871
1587236900684 1 872
1587236909836 1 873
1587236919008 1 874
1587236928140 1 875
1587236937284 1 876
1587236946462 1 877
1587236955619 1 878
1587236964764 1 879
1587236974043 1 880
1587236983175 1 881
1587236992369 1 882
1587237001503 1 883
1587237010799 1 884
1587237020377 1 885
1587237029588 1 886
1587237038785 1 887
1587237047958 1 888
1587237057178 1 889
1587237066471 1 890
1587237075705 1 891
1587237084913 1 892
1587237094131 1 893
1587237103382 1 894
1587237112711 1 895
1587237121987 1 896
1587237131280 1 897
1587237140539 1 898
1587237149814 1 899
1587237159276 1 900
1587237168616 1 901
1587237177856 1 902
1587237187217 1 903
1587237196577 1 904
1587237206424 1 905
1587237215720 1 906
1587237225117 1 907
1587237234411 1 908
1587237243755 1 909
1587237253108 1 910
1587237262449 1 911
1587237271765 1 912
1587237281074 1 913
1587237290424 1 914
1587237299748 1 915
1587237309133 1 916
1587237318541 1 917
1587237327877 1 918
1587237337214 1 919
1587237346689 1 920
1587237355987 1 921
1587237365316 1 922
1587237374679 1 923
1587237384492 1 924
1587237393856 1 925
1587237403289 1 926
1587237412710 1 927
1587237422038 1 928
1587237431408 1 929
1587237440821 1 930
1587237450177 1 931
1587237459516 1 932
1587237468903 1 933
1587237478182 1 934
1587237487629 1 935
1587237496996 1 936
1587237506383 1 937
1587237515796 1 938
1587237525199 1 939
1587237534791 1 940
1587237544291 1 941
1587237553716 1 942
1587237563825 1 943
1587237573236 1 944
1587237582665 1 945
1587237592130 1 946
1587237601650 1 947
1587237611148 1 948
1587237620620 1 949
1587237630104 1 950
1587237639641 1 951
1587237649167 1 952
1587237658572 1 953
1587237668137 1 954
1587237677613 1 955
1587237687123 1 956
1587237696585 1 957
1587237706111 1 958
1587237715662 1 959
1587237725333 1 960
1587237734879 1 961
1587237744820 1 962
1587237754425 1 963
1587237764097 1 964
1587237773735 1 965
1587237783222 1 966
1587237792722 1 967
1587237802280 1 968
1587237811812 1 969
1587237821378 1 970
1587237830911 1 971
1587237840471 1 972
1587237850057 1 973
1587237859651 1 974
1587237869138 1 975
1587237878681 1 976
1587237888233 1 977
1587237897856 1 978
1587237907528 1 979
1587237917288 1 980
1587237927366 1 981
1587237936990 1 982
1587237946553 1 983
1587237956112 1 984
1587237965752 1 985
1587237975343 1 986
1587237984924 1 987
1587237994585 1 988
1587238004131 1 989
1587238013785 1 990
1587238023447 1 991
1587238033083 1 992
1587238042645 1 993
1587238052191 1 994
1587238061885 1 995
1587238071545 1 996
1587238081163 1 997
1587238090811 1 998
1587238100916 1 999
1587238110778 1 1000
1587238120549 1 1001
1587238130239 1 1002
1587238139928 1 1003
1587238149644 1 1004
1587238159278 1 1005
1587238168971 1 1006
1587238178655 1 1007
1587238188295 1 1008
1587238198008 1 1009
1587238207722 1 1010
1587238217407 1 1011
1587238227052 1 1012
1587238236732 1 1013
1587238246431 1 1014
1587238256170 1 1015
1587238265894 1 1016
1587238275600 1 1017
1587238285642 1 1018
1587238295426 1 1019
1587238305223 1 1020
1587238314919 1 1021
1587238324632 1 1022
1587238334299 1 1023
1587238343991 1 1024
1587238353744 1 1025
1587238363484 1 1026
1587238373167 1 1027
1587238382967 1 1028
1587238392707 1 1029
1587238402443 1 1030
1587238412187 1 1031
1587238421917 1 1032
1587238431616 1 1033
1587238441249 1 1034
1587238450933 1 1035
1587238461039 1 1036
1587238470749 1 1037
1587238480421 1 1038
1587238490133 1 1039
1587238499976 1 1040
1587238509693 1 1041
1587238519379 1 1042
1587238529054 1 1043
1587238538781 1 1044
1587238548474 1 1045
1587238558173 1 1046
1587238567878 1 1047
1587238577616 1 1048
1587238587226 1 1049
1587238596962 1 1050
1587238606709 1 1051
1587238616670 1 1052
1587238626584 1 1053
1587238636646 1 1054
1587238646832 1 1055
1587238656676 1 1056
1587238666479 1 1057
1587238676335 1 1058
1587238686226 1 1059
1587238696219 1 1060
1587238706074 1 1061
1587238715947 1 1062
1587238725848 1 1063
1587238735656 1 1064
1587238745497 1 1065
1587238755334 1 1066
1587238765192 1 1067
1587238775107 1 1068
1587238784970 1 1069
1587238794897 1 1070
1587238804885 1 1071
1587238814849 1 1072
1587238825210 1 1073
1587238835078 1 1074
1587238845142 1 1075
1587238855162 1 1076
1587238865071 1 1077
1587238875060 1 1078
1587238885029 1 1079
1587238895142 1 1080
1587238905065 1 1081
1587238914897 1 1082
1587238924794 1 1083
1587238934600 1 1084
1587238944532 1 1085
1587238954486 1 1086
1587238964303 1 1087
1587238974244 1 1088
1587238984293 1 1089
1587238994246 1 1090
1587239004517 1 1091
1587239014436 1 1092
1587239024297 1 1093
1587239034178 1 1094
1587239044097 1 1095
1587239054002 1 1096
1587239063869 1 1097
1587239073717 1 1098
1587239083631 1 1099
1587239093704 1 1100
1587239103752 1 1101
1587239113658 1 1102
1587239123499 1 1103
1587239133421 1 1104
1587239143270 1 1105
1587239153333 1 1106
1587239163182 1 1107
1587239172965 1 1108
1587239183253 1 1109
1587239193079 1 1110
1587239202929 1 1111
1587239212685 1 1112
1587239222431 1 1113
1587239232107 1 1114
1587239241879 1 1115
1587239251603 1 1116
1587239261354 1 1117
1587239271106 1 1118
1587239280866 1 1119
1587239290854 1 1120
1587239300680 1 1121
1587239310381 1 1122
1587239320177 1 1123
1587239329890 1 1124
1587239339635 1 1125
1587239349351 1 1126
1587239359142 1 1127
1587239369025 1 1128
1587239378814 1 1129
1587239388606 1 1130
1587239398408 1 1131
1587239408175 1 1132
1587239417937 1 1133
1587239427680 1 1134
1587239437413 1 1135
1587239447180 1 1136
1587239456913 1 1137
1587239466635 1 1138
1587239476357 1 1139
1587239486224 1 1140
1587239496021 1 1141
1587239505772 1 1142
1587239515560 1 1143
1587239525334 1 1144
1587239535098 1 1145
1587239545356 1 1146
1587239555252 1 1147
1587239565012 1 1148
1587239574789 1 1149
1587239584606 1 1150
1587239594431 1 1151
1587239604273 1 1152
1587239614113 1 1153
1587239623944 1 1154
1587239633844 1 1155
1587239643711 1 1156
1587239653499 1 1157
1587239663354 1 1158
1587239673209 1 1159
1587239683152 1 1160
1587239693006 1 1161
1587239702801 1 1162
1587239712744 1 1163
1587239722956 1 1164
1587239732795 1 1165
1587239742659 1 1166
1587239752451 1 1167
1587239762371 1 1168
1587239772254 1 1169
1587239782105 1 1170
1587239791943 1 1171
1587239801715 1 1172
1587239811660 1 1173
1587239821625 1 1174
1587239831625 1 1175
1587239841718 1 1176
1587239851827 1 1177
1587239861821 1 1178
1587239871753 1 1179
1587239881914 1 1180
1587239891969 1 1181
1587239902179 1 1182
1587239912107 1 1183
1587239921986 1 1184
1587239931921 1 1185
1587239941852 1 1186
1587239951790 1 1187
1587239961764 1 1188
1587239971624 1 1189
1587239981536 1 1190
1587239991432 1 1191
1587240001306 1 1192
1587240011280 1 1193
1587240021152 1 1194
1587240031048 1 1195
1587240041002 1 1196
1587240050970 1 1197
1587240060846 1 1198
1587240070849 1 1199
1587240081366 1 1200
1587240091398 1 1201
1587240101313 1 1202
1587240111297 1 1203
1587240121325 1 1204
1587240131313 1 1205
1587240141346 1 1206
1587240151327 1 1207
1587240161331 1 1208
1587240171343 1 1209
1587240181260 1 1210
1587240191234 1 1211
1587240201241 1 1212
1587240211230 1 1213
1587240221201 1 1214
1587240231172 1 1215
1587240241131 1 1216
1587240251121 1 1217
1587240261552 1 1218
1587240271498 1 1219
1587240281612 1 1220
1587240291581 1 1221
1587240301557 1 1222
1587240311512 1 1223
1587240321368 1 1224
1587240331302 1 1225
1587240341149 1 1226
1587240351071 1 1227
1587240360948 1 1228
1587240370972 1 1229
1587240380928 1 1230
1587240390941 1 1231
1587240400981 1 1232
1587240410869 1 1233
1587240420776 1 1234
1587240430679 1 1235
1587240441084 1 1236
1587240450954 1 1237
1587240460877 1 1238
1587240470616 1 1239
1587240480511 1 1240
1587240490296 1 1241
1587240500080 1 1242
1587240509769 1 1243
1587240519489 1 1244
1587240529220 1 1245
1587240538916 1 1246
1587240548620 1 1247
1587240558330 1 1248
1587240568114 1 1249
1587240577875 1 1250
1587240587585 1 1251
1587240597357 1 1252
1587240607094 1 1253
1587240616880 1 1254
1587240626842 1 1255
1587240636566 1 1256
1587240646235 1 1257
1587240655986 1 1258
1587240665758 1 1259
1587240675668 1 1260
1587240685415 1 1261
1587240695211 1 1262
1587240704992 1 1263
1587240714765 1 1264
1587240724575 1 1265
1587240734347 1 1266
1587240744030 1 1267
1587240753801 1 1268
1587240763517 1 1269
1587240773184 1 1270
1587240782986 1 1271
1587240792742 1 1272
1587240802746 1 1273
1587240812479 1 1274
1587240822154 1 1275
1587240831875 1 1276
1587240841561 1 1277
1587240851257 1 1278
1587240861069 1 1279
1587240870856 1 1280
1587240880545 1 1281
1587240890267 1 1282
1587240899998 1 1283
1587240909749 1 1284
1587240919522 1 1285
1587240929293 1 1286
1587240939032 1 1287
1587240948767 1 1288
1587240958473 1 1289
1587240968265 1 1290
1587240977967 1 1291
1587240987857 1 1292
1587240997573 1 1293
1587241007264 1 1294
1587241017076 1 1295
1587241026888 1 1296
1587241036621 1 1297
1587241046364 1 1298
1587241056029 1 1299
1587241065911 1 1300
1587241075907 1 1301
1587241085669 1 1302
1587241095405 1 1303
1587241105162 1 1304
1587241114959 1 1305
1587241124709 1 1306
1587241134463 1 1307
1587241144256 1 1308
1587241153922 1 1309
1587241163971 1 1310
1587241173712 1 1311
1587241183482 1 1312
1587241193243 1 1313
1587241202949 1 1314
1587241212635 1 1315
1587241222222 1 1316
1587241231937 1 1317
1587241241662 1 1318
1587241251362 1 1319
1587241261175 1 1320
1587241270897 1 1321
1587241280624 1 1322
1587241290302 1 1323
1587241299939 1 1324
1587241309602 1 1325
1587241319227 1 1326
1587241328946 1 1327
1587241338753 1 1328
1587241348603 1 1329
1587241358370 1 1330
1587241368036 1 1331
1587241377787 1 1332
1587241387468 1 1333
1587241397165 1 1334
1587241406841 1 1335
1587241416623 1 1336
1587241426363 1 1337
1587241435973 1 1338
1587241445654 1 1339
1587241455476 1 1340
1587241465128 1 1341
1587241474744 1 1342
1587241484411 1 1343
1587241494158 1 1344
1587241503866 1 1345
1587241513657 1 1346
1587241523753 1 1347
1587241533423 1 1348
1587241543145 1 1349
1587241552817 1 1350
1587241562552 1 1351
1587241572272 1 1352
1587241581955 1 1353
1587241591640 1 1354
1587241601396 1 1355
1587241611020 1 1356
1587241620672 1 1357
1587241630361 1 1358
1587241640063 1 1359
1587241649842 1 1360
1587241659537 1 1361
1587241669193 1 1362
1587241678843 1 1363
1587241688527 1 1364
1587241698300 1 1365
1587241708272 1 1366
1587241717906 1 1367
1587241727530 1 1368
1587241737117 1 1369
1587241746768 1 1370
1587241756475 1 1371
1587241766176 1 1372
1587241775811 1 1373
1587241785484 1 1374
1587241795197 1 1375
1587241804837 1 1376
1587241814498 1 1377
1587241824164 1 1378
1587241833825 1 1379
1587241843681 1 1380
1587241853408 1 1381
1587241863037 1 1382
1587241872734 1 1383
1587241882688 1 1384
1587241892413 1 1385
1587241902060 1 1386
1587241911749 1 1387
1587241921406 1 1388
1587241931048 1 1389
1587241940649 1 1390
1587241950241 1 1391
1587241959856 1 1392
1587241969498 1 1393
1587241979166 1 1394
1587241988907 1 1395
1587241998681 1 1396
1587242008274 1 1397
1587242017927 1 1398
1587242027626 1 1399
1587242037490 1 1400
1587242047290 1 1401
1587242056999 1 1402
1587242067113 1 1403
1587242076737 1 1404
1587242086348 1 1405
1587242095996 1 1406
1587242105682 1 1407
1587242115336 1 1408
1587242125010 1 1409
1587242134633 1 1410
1587242144302 1 1411
1587242153917 1 1412
1587242163584 1 1413
1587242173244 1 1414
1587242182897 1 1415
1587242192563 1 1416
1587242202196 1 1417
1587242211951 1 1418
1587242221723 1 1419
1587242231646 1 1420
1587242241736 1 1421
1587242251544 1 1422
1587242261380 1 1423
1587242271168 1 1424
1587242280929 1 1425
1587242290786 1 1426
1587242300632 1 1427
1587242310412 1 1428
1587242320157 1 1429
1587242329986 1 1430
1587242339765 1 1431
1587242349669 1 1432
1587242359540 1 1433
1587242369350 1 1434
1587242379150 1 1435
1587242388896 1 1436
1587242398643 1 1437
1587242408505 1 1438
1587242418413 1 1439
1587242428658 1 1440
1587242438419 1 1441
1587242448143 1 1442
1587242457975 1 1443
1587242467821 1 1444
1587242477638 1 1445
1587242487421 1 1446
1587242497229 1 1447
1587242507065 1 1448
1587242516883 1 1449
1587242526637 1 1450
1587242536390 1 1451
1587242546137 1 1452
1587242555930 1 1453
1587242565754 1 1454
1587242575668 1 1455
1587242585631 1 1456
1587242595670 1 1457
1587242606258 1 1458
1587242616251 1 1459
1587242626410 1 1460
1587242636318 1 1461
1587242646303 1 1462
1587242656277 1 1463
1587242666288 1 1464
1587242676218 1 1465
1587242686217 1 1466
1587242696105 1 1467
1587242706044 1 1468
1587242716030 1 1469
1587242726055 1 1470
1587242736012 1 1471
1587242745988 1 1472
1587242755972 1 1473
1587242765985 1 1474
1587242775937 1 1475
1587242786416 1 1476
1587242796334 1 1477
1587242806245 1 1478
1587242816094 1 1479
1587242826224 1 1480
1587242836191 1 1481
1587242846131 1 1482
1587242856014 1 1483
1587242866001 1 1484
1587242875981 1 1485
1587242885925 1 1486
1587242895886 1 1487
1587242905843 1 1488
1587242915853 1 1489
1587242925839 1 1490
1587242935825 1 1491
1587242945843 1 1492
1587242955815 1 1493
1587242966217 1 1494
1587242976193 1 1495
1587242986181 1 1496
1587242996226 1 1497
1587243006220 1 1498
1587243016157 1 1499
1587243026306 1 1500
1587243036373 1 1501
1587243046297 1 1502
1587243056254 1 1503
1587243066134 1 1504
1587243076175 1 1505
1587243086149 1 1506
1587243096049 1 1507
1587243106009 1 1508
1587243115979 1 1509
1587243125905 1 1510
1587243135874 1 1511
1587243146159 1 1512
1587243156147 1 1513
1587243166078 1 1514
1587243175988 1 1515
1587243185923 1 1516
1587243195848 1 1517
1587243205775 1 1518
1587243215684 1 1519
1587243225760 1 1520
1587243235754 1 1521
1587243245717 1 1522
1587243255626 1 1523
1587243265545 1 1524
1587243275436 1 1525
1587243285435 1 1526
1587243295357 1 1527
1587243305382 1 1528
1587243315357 1 1529
1587243325739 1 1530
1587243335657 1 1531
1587243345584 1 1532
1587243355528 1 1533
1587243365499 1 1534
1587243375458 1 1535
1587243385410 1 1536
1587243395363 1 1537
1587243405347 1 1538
1587243415166 1 1539
1587243425174 1 1540
1587243434986 1 1541
1587243444773 1 1542
1587243454619 1 1543
1587243464441 1 1544
1587243474232 1 1545
1587243484090 1 1546
1587243493910 1 1547
1587243504145 1 1548
1587243513932 1 1549
1587243523786 1 1550
1587243533564 1 1551
1587243543361 1 1552
1587243553242 1 1553
1587243563050 1 1554
1587243572903 1 1555
1587243582799 1 1556
1587243592667 1 1557
1587243602597 1 1558
1587243612385 1 1559
1587243622337 1 1560
1587243632193 1 1561
1587243642053 1 1562
1587243651857 1 1563
1587243661667 1 1564
1587243671603 1 1565
1587243681921 1 1566
1587243691700 1 1567
1587243701577 1 1568
1587243711436 1 1569
1587243721233 1 1570
1587243731061 1 1571
1587243740840 1 1572
1587243750690 1 1573
1587243760524 1 1574
1587243770366 1 1575
1587243780166 1 1576
1587243789985 1 1577
1587243799792 1 1578
1587243809670 1 1579
1587243819686 1 1580
1587243829544 1 1581
1587243839334 1 1582
1587243849198 1 1583
1587243859191 1 1584
1587243869133 1 1585
1587243878919 1 1586
1587243888810 1 1587
1587243898651 1 1588
1587243908414 1 1589
1587243918246 1 1590
1587243928077 1 1591
1587243938011 1 1592
1587243947901 1 1593
1587243957770 1 1594
1587243967551 1 1595
1587243977413 1 1596
1587243987232 1 1597
1587243997110 1 1598
1587244006907 1 1599
1587244016905 1 1600
1587244026882 1 1601
1587244036761 1 1602
1587244046883 1 1603
1587244056737 1 1604
1587244066630 1 1605
1587244076456 1 1606
1587244086347 1 1607
1587244096185 1 1608
1587244106041 1 1609
1587244115884 1 1610
1587244125734 1 1611
1587244135560 1 1612
1587244145372 1 1613
1587244155161 1 1614
1587244165002 1 1615
1587244174844 1 1616
1587244184633 1 1617
1587244194449 1 1618
1587244204394 1 1619
1587244214331 1 1620
1587244224389 1 1621
1587244234198 1 1622
1587244243997 1 1623
1587244253742 1 1624
1587244263527 1 1625
1587244273400 1 1626
1587244283207 1 1627
1587244293020 1 1628
1587244302791 1 1629
1587244312734 1 1630
1587244322578 1 1631
1587244332377 1 1632
1587244342079 1 1633
1587244351858 1 1634
1587244361638 1 1635
1587244371424 1 1636
1587244381239 1 1637
1587244391006 1 1638
1587244401199 1 1639
1587244411131 1 1640
1587244420959 1 1641
1587244430745 1 1642
1587244440542 1 1643
1587244450365 1 1644
1587244460124 1 1645
1587244469940 1 1646
1587244479751 1 1647
1587244489596 1 1648
1587244499364 1 1649
1587244509236 1 1650
1587244519049 1 1651
1587244528910 1 1652
1587244538702 1 1653
1587244548506 1 1654
1587244558279 1 1655
1587244568079 1 1656
1587244578009 1 1657
1587244588138 1 1658
1587244597951 1 1659
1587244607970 1 1660
1587244617826 1 1661
1587244627652 1 1662
1587244637425 1 1663
1587244647178 1 1664
1587244656926 1 1665
1587244666789 1 1666
1587244676593 1 1667
1587244686316 1 1668
1587244696094 1 1669
1587244705844 1 1670
1587244715628 1 1671
1587244725519 1 1672
1587244735346 1 1673
1587244745307 1 1674
1587244755206 1 1675
1587244765578 1 1676
1587244775482 1 1677
1587244785416 1 1678
1587244795359 1 1679
1587244805470 1 1680
1587244815426 1 1681
1587244825407 1 1682
1587244835328 1 1683
1587244845222 1 1684
1587244855107 1 1685
1587244864994 1 1686
1587244874962 1 1687
1587244884803 1 1688
1587244894737 1 1689
1587244904678 1 1690
1587244914631 1 1691
1587244924584 1 1692
1587244934483 1 1693
1587244944856 1 1694
1587244954801 1 1695
1587244964683 1 1696
1587244974648 1 1697
1587244984571 1 1698
1587244994511 1 1699
1587245004649 1 1700
1587245014619 1 1701
1587245024460 1 1702
1587245034393 1 1703
1587245044377 1 1704
1587245054269 1 1705
1587245064119 1 1706
1587245074064 1 1707
1587245084068 1 1708
1587245094076 1 1709
1587245104025 1 1710
1587245113993 1 1711
1587245124411 1 1712
1587245134335 1 1713
1587245144266 1 1714
1587245154204 1 1715
1587245164118 1 1716
1587245174113 1 1717
1587245184084 1 1718
1587245194047 1 1719
1587245204166 1 1720
1587245214314 1 1721
1587245224529 1 1722
1587245234677 1 1723
1587245244874 1 1724
1587245255024 1 1725
1587245265293 1 1726
1587245275473 1 1727
1587245285641 1 1728
1587245295821 1 1729
1587245306457 1 1730
1587245316699 1 1731
1587245326947 1 1732
1587245337239 1 1733
1587245347565 1 1734
1587245357756 1 1735
1587245367960 1 1736
1587245378184 1 1737
1587245388353 1 1738
1587245398424 1 1739
1587245408797 1 1740
1587245418963 1 1741
1587245429195 1 1742
1587245439496 1 1743
1587245449819 1 1744
1587245460094 1 1745
1587245470411 1 1746
1587245480958 1 1747
1587245491175 1 1748
1587245501439 1 1749
1587245511665 1 1750
1587245522008 1 1751
1587245532348 1 1752
1587245542572 1 1753
1587245552894 1 1754
