1587230590625 1 1
1587230596454 0.995 2
1587230602306 0.990025 3
1587230608149 0.985074875 4
1587230613995 0.9801495006250001 5
1587230619881 0.9752487531218751 6
1587230625755 0.9703725093562657 7
1587230631643 0.9655206468094844 8
1587230637515 0.960693043575437 9
1587230643457 0.9558895783575597 10
1587230649370 0.9511101304657719 11
1587230655245 0.946354579813443 12
1587230661128 0.9416228069143757 13
1587230667020 0.9369146928798039 14
1587230672914 0.9322301194154049 15
1587230678834 0.9275689688183278 16
1587230684740 0.9229311239742362 17
1587230690633 0.918316468354365 18
1587230696541 0.9137248860125932 19
1587230702547 0.9091562615825302 20
1587230708484 0.9046104802746175 21
1587230714429 0.9000874278732445 22
1587230720944 0.8955869907338783 23
1587230726867 0.8911090557802088 24
1587230732783 0.8866535105013078 25
1587230738697 0.8822202429488013 26
1587230744602 0.8778091417340573 27
1587230750541 0.8734200960253871 28
1587230756448 0.8690529955452602 29
1587230762404 0.8647077305675338 30
1587230768369 0.8603841919146962 31
1587230774282 0.8560822709551227 32
1587230780189 0.851801859600347 33
1587230786109 0.8475428503023453 34
1587230792067 0.8433051360508336 35
1587230798002 0.8390886103705794 36
1587230803945 0.8348931673187264 37
1587230809948 0.8307187014821328 38
1587230815891 0.8265651079747222 39
1587230821919 0.8224322824348486 40
1587230827883 0.8183201210226743 41
1587230833838 0.8142285204175609 42
1587230839794 0.810157377815473 43
1587230845761 0.8061065909263957 44
1587230851716 0.8020760579717637 45
1587230857696 0.798065677681905 46
1587230863687 0.7940753492934954 47
1587230869674 0.7901049725470279 48
1587230875675 0.7861544476842928 49
1587230881673 0.7822236754458713 50
1587230887664 0.778312557068642 51
1587230893658 0.7744209942832988 52
1587230899940 0.7705488893118823 53
1587230906038 0.7666961448653229 54
1587230912037 0.7628626641409962 55
1587230918044 0.7590483508202912 56
1587230924054 0.7552531090661897 57
1587230930059 0.7514768435208588 58
1587230936049 0.7477194593032545 59
1587230942135 0.7439808620067382 60
1587230948114 0.7402609576967045 61
1587230954129 0.736559652908221 62
1587230960128 0.7328768546436799 63
1587230966102 0.7292124703704616 64
1587230972090 0.7255664080186093 65
1587230978118 0.7219385759785162 66
1587230984132 0.7183288830986236 67
1587230990143 0.7147372386831305 68
1587230996146 0.7111635524897149 69
1587231002178 0.7076077347272662 70
1587231008210 0.7040696960536299 71
1587231014227 0.7005493475733617 72
1587231020262 0.697046600835495 73
1587231026270 0.6935613678313175 74
1587231032287 0.6900935609921609 75
1587231038311 0.6866430931872001 76
1587231044343 0.6832098777212641 77
1587231050386 0.6797938283326578 78
1587231056395 0.6763948591909945 79
1587231062501 0.6730128848950395 80
1587231068527 0.6696478204705644 81
1587231074523 0.6662995813682115 82
1587231081063 0.6629680834613705 83
1587231087081 0.6596532430440636 84
1587231093108 0.6563549768288433 85
1587231099156 0.653073201944699 86
1587231105175 0.6498078359349755 87
1587231111217 0.6465587967553006 88
1587231117279 0.6433260027715241 89
1587231123368 0.6401093727576664 90
1587231129411 0.6369088258938781 91
1587231135461 0.6337242817644086 92
1587231141532 0.6305556603555866 93
1587231147591 0.6274028820538087 94
1587231153658 0.6242658676435396 95
1587231159704 0.6211445383053219 96
1587231165748 0.6180388156137953 97
1587231171813 0.6149486215357263 98
1587231177839 0.6118738784280476 99
1587231183983 0.6088145090359074 100
1587231190029 0.6057704364907278 101
1587231196076 0.6027415843082742 102
1587231202162 0.5997278763867329 103
1587231208234 0.5967292370047992 104
1587231214285 0.5937455908197752 105
1587231220381 0.5907768628656763 106
1587231226460 0.5878229785513479 107
1587231232568 0.5848838636585911 108
1587231238639 0.5819594443402982 109
1587231244785 0.5790496471185967 110
1587231250867 0.5761543988830038 111
1587231256947 0.5732736268885887 112
1587231263455 0.5704072587541458 113
1587231269527 0.567555222460375 114
1587231275624 0.5647174463480732 115
1587231281704 0.5618938591163328 116
1587231287797 0.5590843898207511 117
1587231293883 0.5562889678716474 118
1587231299962 0.5535075230322891 119
1587231306164 0.5507399854171277 120
1587231312251 0.547986285490042 121
1587231318329 0.5452463540625918 122
1587231324493 0.5425201222922789 123
1587231330594 0.5398075216808175 124
1587231336705 0.5371084840724134 125
1587231342801 0.5344229416520513 126
1587231348896 0.531750826943791 127
1587231355014 0.5290920728090721 128
1587231361123 0.5264466124450268 129
1587231367264 0.5238143793828016 130
1587231373365 0.5211953074858876 131
1587231379481 0.5185893309484582 132
1587231385593 0.5159963842937159 133
1587231391725 0.5134164023722473 134
1587231397856 0.510849320360386 135
1587231403975 0.5082950737585841 136
1587231410100 0.5057535983897912 137
1587231416200 0.5032248303978422 138
1587231422326 0.500708706245853 139
1587231428537 0.4982051627146237 140
1587231434652 0.49571413690105054 141
1587231441271 0.4932355662165453 142
1587231447455 0.4907693883854626 143
1587231453624 0.4883155414435353 144
1587231459742 0.4858739637363176 145
1587231465881 0.483444593917636 146
1587231471978 0.4810273709480478 147
1587231478089 0.47862223409330756 148
1587231484296 0.47622912292284103 149
1587231490461 0.4738479773082268 150
1587231496613 0.47147873742168567 151
1587231502730 0.46912134373457726 152
1587231508857 0.46677573701590436 153
1587231514978 0.46444185833082485 154
1587231521083 0.46211964903917074 155
1587231527206 0.4598090507939749 156
1587231533346 0.457510005540005 157
1587231539480 0.45522245551230495 158
1587231545636 0.4529463432347434 159
1587231551829 0.4506816115185697 160
1587231557965 0.4484282034609769 161
1587231564109 0.446186062443672 162
1587231570248 0.4439551321314536 163
1587231576404 0.4417353564707963 164
1587231582563 0.43952667968844233 165
1587231588734 0.43732904629000013 166
1587231594926 0.4351424010585501 167
1587231601111 0.43296668905325736 168
1587231607318 0.43080185560799106 169
1587231613464 0.4286478463299511 170
1587231619919 0.42650460709830135 171
1587231626162 0.42437208406280985 172
1587231632315 0.4222502236424958 173
1587231638458 0.42013897252428334 174
1587231644607 0.4180382776616619 175
1587231650753 0.4159480862733536 176
1587231656905 0.41386834584198684 177
1587231663094 0.4117990041127769 178
1587231669288 0.40974000909221303 179
1587231675528 0.40769130904675194 180
1587231681694 0.40565285250151817 181
1587231687865 0.4036245882390106 182
1587231694047 0.4016064652978155 183
1587231700221 0.3995984329713264 184
1587231706382 0.3976004408064698 185
1587231712547 0.39561243860243744 186
1587231718711 0.3936343764094253 187
1587231725147 0.39166620452737816 188
1587231732118 0.3897078735047413 189
1587231739350 0.3877593341372176 190
1587231746587 0.3858205374665315 191
1587231753554 0.38389143477919885 192
1587231760141 0.3819719776053028 193
1587231766699 0.3800621177172763 194
1587231773265 0.37816180712868996 195
1587231779661 0.37627099809304654 196
1587231786149 0.3743896431025813 197
1587231792656 0.37251769488706843 198
1587231799444 0.3706551064126331 199
1587231806252 0.36880183088056995 200
1587231812799 0.3669578217261671 201
1587231819331 0.36512303261753626 202
1587231825937 0.3632974174544486 203
1587231832466 0.3614809303671764 204
1587231839053 0.3596735257153405 205
1587231845633 0.3578751580867638 206
1587231852201 0.35608578229633 207
1587231858788 0.3543053533848483 208
1587231865456 0.35253382661792404 209
1587231872010 0.3507711574848344 210
1587231878506 0.34901730169741024 211
1587231884917 0.3472722151889232 212
1587231891159 0.3455358541129786 213
1587231897407 0.3438081748424137 214
1587231903660 0.3420891339682016 215
1587231909896 0.3403786882983606 216
1587231916132 0.3386767948568688 217
1587231922359 0.33698341088258443 218
1587231928615 0.3352984938281715 219
1587231934949 0.33362200135903064 220
1587231941170 0.33195389135223546 221
1587231947428 0.3302941218954743 222
1587231953685 0.32864265128599696 223
1587231959930 0.326999438029567 224
1587231966222 0.3253644408394192 225
1587231972481 0.3237376186352221 226
1587231978968 0.322118930542046 227
1587231985469 0.32050833588933575 228
1587231991763 0.31890579420988907 229
1587231998071 0.3173112652388396 230
1587232004360 0.3157247089126454 231
1587232010663 0.3141460853680822 232
1587232016958 0.3125753549412418 233
1587232023267 0.31101247816653554 234
1587232029599 0.30945741577570285 235
1587232035922 0.3079101286968243 236
1587232042256 0.3063705780533402 237
1587232048612 0.30483872516307353 238
1587232054978 0.3033145315372582 239
1587232061396 0.3017979588795719 240
1587232067709 0.30028896908517405 241
1587232074026 0.2987875242397482 242
1587232080338 0.29729358661854943 243
1587232086698 0.29580711868545667 244
1587232093036 0.2943280830920294 245
1587232099391 0.29285644267656924 246
1587232105746 0.2913921604631864 247
1587232112111 0.28993519966087045 248
1587232118437 0.2884855236625661 249
1587232124800 0.28704309604425327 250
1587232131155 0.285607880564032 251
1587232137543 0.28417984116121187 252
1587232143927 0.2827589419554058 253
1587232150264 0.28134514724562876 254
1587232156652 0.2799384215094006 255
1587232163673 0.27853872940185365 256
1587232170035 0.27714603575484437 257
1587232176408 0.2757603055760701 258
1587232182784 0.2743815040481898 259
1587232189233 0.2730095965279488 260
1587232195605 0.27164454854530906 261
1587232202004 0.2702863258025825 262
1587232208402 0.2689348941735696 263
1587232214792 0.26759021970270175 264
1587232221184 0.2662522686041882 265
1587232227579 0.2649210072611673 266
1587232233977 0.26359640222486147 267
1587232240378 0.26227842021373715 268
1587232246794 0.2609670281126685 269
1587232253216 0.25966219297210513 270
1587232259620 0.2583638820072446 271
1587232266043 0.2570720625972084 272
1587232272478 0.25578670228422234 273
1587232278894 0.25450776877280124 274
1587232285310 0.2532352299289372 275
1587232291720 0.2519690537792925 276
1587232298158 0.2507092085103961 277
1587232304597 0.2494556624678441 278
1587232311019 0.24820838415550486 279
1587232317545 0.24696734223472733 280
1587232324043 0.2457325055235537 281
1587232330514 0.24450384299593592 282
1587232336991 0.24328132378095624 283
1587232344062 0.24206491716205145 284
1587232350514 0.2408545925762412 285
1587232357010 0.23965031961336 286
1587232363521 0.2384520680152932 287
1587232369970 0.23725980767521673 288
1587232376429 0.23607350863684065 289
1587232382923 0.23489314109365644 290
1587232389425 0.23371867538818816 291
1587232395910 0.23255008201124722 292
1587232402435 0.231387331601191 293
1587232408956 0.23023039494318503 294
1587232415471 0.2290792429684691 295
1587232421994 0.22793384675362674 296
1587232428533 0.22679417751985861 297
1587232435071 0.22566020663225933 298
1587232441681 0.22453190559909803 299
1587232448308 0.22340924607110255 300
1587232454935 0.22229219984074702 301
1587232461451 0.2211807388415433 302
1587232467968 0.22007483514733558 303
1587232474496 0.2189744609715989 304
1587232481048 0.2178795886667409 305
1587232487568 0.2167901907234072 306
1587232494103 0.21570623976979014 307
1587232500625 0.21462770857094118 308
1587232507231 0.21355457002808648 309
1587232513807 0.21248679717794605 310
1587232520846 0.21142436319205632 311
1587232527396 0.21036724137609603 312
1587232534016 0.20931540516921554 313
1587232540607 0.20826882814336947 314
1587232547176 0.20722748400265262 315
1587232553758 0.20619134658263935 316
1587232560348 0.20516038984972615 317
1587232566993 0.2041345879004775 318
1587232573607 0.2031139149609751 319
1587232580307 0.20209834538617025 320
1587232586902 0.2010878536592394 321
1587232593524 0.2000824143909432 322
1587232600173 0.19908200231898848 323
1587232606798 0.19808659230739353 324
1587232613412 0.19709615934585656 325
1587232620044 0.19611067854912728 326
1587232626681 0.19513012515638165 327
1587232633326 0.19415447453059972 328
1587232639968 0.19318370215794672 329
1587232646614 0.192217783647157 330
1587232653254 0.1912566947289212 331
1587232659929 0.1903004112552766 332
1587232666556 0.18934890919900021 333
1587232673181 0.18840216465300522 334
1587232679815 0.18746015382974018 335
1587232686517 0.1865228530605915 336
1587232693217 0.18559023879528855 337
1587232700398 0.1846622876013121 338
1587232707062 0.18373897616330553 339
1587232713805 0.182820281282489 340
1587232720460 0.18190617987607657 341
1587232727093 0.18099664897669618 342
1587232733749 0.1800916657318127 343
1587232740396 0.17919120740315364 344
1587232747070 0.17829525136613786 345
1587232753716 0.17740377510930716 346
1587232760370 0.17651675623376062 347
1587232767042 0.1756341724525918 348
1587232773704 0.17475600159032884 349
1587232780408 0.17388222158237718 350
1587232787128 0.1730128104744653 351
1587232793835 0.17214774642209296 352
1587232800546 0.1712870076899825 353
1587232807315 0.17043057265153258 354
1587232814035 0.16957841978827493 355
1587232820733 0.16873052768933355 356
1587232827452 0.1678868750508869 357
1587232834146 0.16704744067563246 358
1587232840864 0.1662122034722543 359
1587232847672 0.16538114245489302 360
1587232854408 0.16455423674261854 361
1587232861163 0.16373146555890544 362
1587232867921 0.16291280823111093 363
1587232874646 0.16209824418995536 364
1587232881929 0.16128775296900558 365
1587232888705 0.16048131420416054 366
1587232895467 0.15967890763313974 367
1587232902210 0.15888051309497406 368
1587232908950 0.1580861105294992 369
1587232915715 0.1572956799768517 370
1587232922521 0.15650920157696743 371
1587232929274 0.1557266555690826 372
1587232936050 0.1549480222912372 373
1587232942841 0.15417328217978102 374
1587232949626 0.1534024157688821 375
1587232956384 0.1526354036900377 376
1587232963176 0.1518722266715875 377
1587232969943 0.15111286553822956 378
1587232976745 0.15035730121053842 379
1587232983642 0.14960551470448571 380
1587232990444 0.14885748713096328 381
1587232997269 0.14811319969530845 382
1587233004110 0.1473726336968319 383
1587233010944 0.14663577052834775 384
1587233017764 0.14590259167570602 385
1587233024584 0.1451730787173275 386
1587233031448 0.14444721332374086 387
1587233038270 0.14372497725712216 388
1587233045155 0.14300635237083656 389
1587233052016 0.14229132060898236 390
1587233059122 0.14157986400593744 391
1587233066241 0.14087196468590776 392
1587233073120 0.14016760486247823 393
1587233079991 0.13946676683816583 394
1587233086843 0.138769433003975 395
1587233093702 0.13807558583895513 396
1587233100559 0.13738520790976036 397
1587233107472 0.13669828187021155 398
1587233114360 0.13601479046086049 399
1587233121317 0.1353347165085562 400
1587233128202 0.1346580429260134 401
1587233135063 0.13398475271138335 402
1587233141929 0.13331482894782642 403
1587233148804 0.13264825480308728 404
1587233155687 0.13198501352907185 405
1587233162627 0.1313250884614265 406
1587233169533 0.13066846301911936 407
1587233176440 0.13001512070402377 408
1587233183322 0.12936504510050365 409
1587233190221 0.12871821987500112 410
1587233197117 0.12807462877562611 411
1587233204031 0.12743425563174798 412
1587233210961 0.12679708435358925 413
1587233217917 0.1261630989318213 414
1587233225077 0.1255322834371622 415
1587233232047 0.12490462201997637 416
1587233239384 0.1242800989098765 417
1587233246507 0.12365869841532712 418
1587233253502 0.12304040492325048 419
1587233260578 0.12242520289863423 420
1587233267589 0.12181307688414106 421
1587233274544 0.12120401149972035 422
1587233281507 0.12059799144222175 423
1587233288497 0.11999500148501063 424
1587233295473 0.11939502647758558 425
1587233302428 0.11879805134519765 426
1587233309403 0.11820406108847166 427
1587233316413 0.1176130407830293 428
1587233323394 0.11702497557911415 429
1587233330403 0.11643985070121858 430
1587233337390 0.11585765144771248 431
1587233344427 0.11527836319047392 432
1587233351419 0.11470197137452155 433
1587233358428 0.11412846151764894 434
1587233365434 0.1135578192100607 435
1587233372458 0.11299003011401039 436
1587233379466 0.11242507996344034 437
1587233386485 0.11186295456362313 438
1587233393541 0.11130363979080501 439
1587233400653 0.11074712159185099 440
1587233407765 0.11019338598389174 441
1587233414799 0.10964241905397228 442
1587233422532 0.10909420695870241 443
1587233429604 0.1085487359239089 444
1587233436667 0.10800599224428936 445
1587233443726 0.10746596228306791 446
1587233450782 0.10692863247165257 447
1587233457855 0.1063939893092943 448
1587233464968 0.10586201936274783 449
1587233472038 0.10533270926593409 450
1587233479121 0.10480604571960442 451
1587233486179 0.1042820154910064 452
1587233493263 0.10376060541355137 453
1587233500361 0.1032418023864836 454
1587233507464 0.10272559337455119 455
1587233514583 0.10221196540767843 456
1587233521704 0.10170090558064004 457
1587233528850 0.10119240105273684 458
1587233535977 0.10068643904747315 459
1587233543169 0.10018300685223579 460
1587233550305 0.0996820918179746 461
1587233557417 0.09918368135888474 462
1587233564547 0.09868776295209031 463
1587233571698 0.09819432413732986 464
1587233578844 0.09770335251664321 465
1587233586016 0.09721483575406 466
1587233593202 0.09672876157528969 467
1587233600916 0.09624511776741324 468
1587233608055 0.09576389217857617 469
1587233615229 0.09528507271768329 470
1587233622396 0.09480864735409487 471
1587233629544 0.0943346041173244 472
1587233636712 0.09386293109673778 473
1587233643946 0.09339361644125409 474
1587233651120 0.09292664835904782 475
1587233658295 0.09246201511725258 476
1587233665521 0.09199970504166631 477
1587233672742 0.09153970651645797 478
1587233679924 0.09108200798387568 479
1587233687218 0.0906265979439563 480
1587233694430 0.09017346495423652 481
1587233701649 0.08972259762946533 482
1587233708877 0.089273984641318 483
1587233716062 0.0888276147181114 484
1587233723292 0.08838347664452084 485
1587233730567 0.08794155926129824 486
1587233737803 0.08750185146499175 487
1587233745077 0.08706434220766679 488
1587233752296 0.08662902049662846 489
1587233759562 0.08619587539414532 490
1587233766848 0.08576489601717459 491
1587233774097 0.08533607153708872 492
1587233781846 0.08490939117940327 493
1587233789148 0.08448484422350626 494
1587233796447 0.08406242000238873 495
1587233803733 0.08364210790237678 496
1587233811046 0.0832238973628649 497
1587233818418 0.08280777787605056 498
1587233825772 0.08239373898667031 499
1587233833226 0.08198177029173696 500
1587233840582 0.08157186144027828 501
1587233847878 0.0811640021330769 502
1587233855214 0.08075818212241151 503
1587233862557 0.08035439121179945 504
1587233869879 0.07995261925574046 505
1587233877198 0.07955285615946175 506
1587233884541 0.07915509187866444 507
1587233891889 0.07875931641927113 508
1587233899222 0.07836551983717477 509
1587233906592 0.07797369223798889 510
1587233913943 0.07758382377679894 511
1587233921274 0.07719590465791494 512
1587233928637 0.07680992513462537 513
1587233936019 0.07642587550895225 514
1587233943421 0.07604374613140748 515
1587233950809 0.07566352740075044 516
1587233958293 0.07528520976374668 517
1587233966070 0.07490878371492794 518
1587233973438 0.0745342397963533 519
1587233980941 0.07416156859737154 520
1587233988370 0.07379076075438468 521
1587233995781 0.07342180695061275 522
1587234003198 0.07305469791585968 523
1587234010682 0.07268942442628039 524
1587234018107 0.07232597730414898 525
1587234025560 0.07196434741762824 526
1587234033052 0.0716045256805401 527
1587234040479 0.0712465030521374 528
1587234047930 0.0708902705368767 529
1587234055402 0.07053581918419231 530
1587234062924 0.07018314008827135 531
1587234070467 0.06983222438783 532
1587234077977 0.06948306326589085 533
1587234085453 0.0691356479495614 534
1587234092937 0.06878996970981359 535
1587234100417 0.06844601986126451 536
1587234107912 0.06810378976195819 537
1587234115370 0.0677632708131484 538
1587234122903 0.06742445445908266 539
1587234130519 0.06708733218678724 540
1587234138087 0.0667518955258533 541
1587234146057 0.06641813604822402 542
1587234153576 0.0660860453679829 543
1587234161078 0.06575561514114299 544
1587234168577 0.06542683706543727 545
1587234176131 0.06509970288011008 546
1587234183676 0.06477420436570952 547
1587234191211 0.06445033334388098 548
1587234198721 0.06412808167716157 549
1587234206285 0.06380744126877576 550
1587234213836 0.06348840406243188 551
1587234221413 0.06317096204211972 552
1587234229134 0.06285510723190912 553
1587234236677 0.06254083169574957 554
1587234244260 0.062228127537270826 555
1587234251839 0.06191698689958447 556
1587234259466 0.061607401965086545 557
1587234267088 0.06129936495526111 558
1587234274631 0.0609928681304848 559
1587234282340 0.060687903789832374 560
1587234289945 0.06038446427088321 561
1587234297519 0.06008254194952879 562
1587234305242 0.05978212923978115 563
1587234312892 0.05948321859358224 564
1587234321057 0.05918580250061433 565
1587234328721 0.058889873488111255 566
1587234336432 0.058595424120670696 567
1587234344137 0.05830244700006734 568
1587234351785 0.058010934765067 569
1587234359486 0.05772088009124167 570
1587234367258 0.05743227569078546 571
1587234375004 0.05714511431233153 572
1587234382706 0.05685938874076987 573
1587234390388 0.056575091797066025 574
1587234398051 0.056292216338080694 575
1587234405753 0.05601075525639029 576
1587234413438 0.05573070148010834 577
1587234421176 0.0554520479727078 578
1587234428937 0.05517478773284426 579
1587234436760 0.05489891379418004 580
1587234444484 0.05462441922520914 581
1587234452226 0.0543512971290831 582
1587234459970 0.05407954064343768 583
1587234467713 0.05380914294022049 584
1587234475410 0.05354009722551939 585
1587234483234 0.05327239673939179 586
1587234491018 0.053006034755694834 587
1587234498909 0.052741004581916356 588
1587234507030 0.052477299559006776 589
1587234514753 0.052214913061211746 590
1587234522517 0.05195383849590569 591
1587234530273 0.05169406930342616 592
1587234538061 0.05143559895690903 593
1587234545865 0.051178420962124486 594
1587234553621 0.05092252885731386 595
1587234561421 0.05066791621302729 596
1587234569225 0.05041457663196215 597
1587234577028 0.050162503748802344 598
1587234584799 0.049911691230058335 599
1587234592728 0.04966213277390804 600
1587234600604 0.0494138221100385 601
1587234608524 0.04916675299948831 602
1587234616376 0.04892091923449087 603
1587234624224 0.04867631463831842 604
1587234632061 0.048432933065126825 605
1587234639871 0.048190768399801194 606
1587234647715 0.04794981455780219 607
1587234655551 0.04771006548501318 608
1587234663456 0.047471515157588115 609
1587234671370 0.047234157581800176 610
1587234679502 0.046997986793891174 611
1587234687539 0.04676299685992172 612
1587234695397 0.04652918187562211 613
1587234703269 0.046296535966244 614
1587234711147 0.046065053286412784 615
1587234719029 0.04583472801998072 616
1587234726967 0.045605554379880814 617
1587234734853 0.04537752660798141 618
1587234742781 0.0451506389749415 619
1587234750833 0.044924885780066794 620
1587234758739 0.04470026135116646 621
1587234766641 0.04447676004441063 622
1587234774577 0.04425437624418858 623
1587234782545 0.04403310436296763 624
1587234790504 0.043812938841152796 625
1587234798488 0.04359387414694703 626
1587234806444 0.043375904776212296 627
1587234814403 0.043159025252331236 628
1587234822328 0.04294323012606958 629
1587234830275 0.04272851397543923 630
1587234838280 0.04251487140556204 631
1587234846261 0.04230229704853423 632
1587234854217 0.04209078556329156 633
1587234862556 0.0418803316354751 634
1587234870534 0.041670929977297724 635
1587234878441 0.04146257532741124 636
1587234886451 0.04125526245077418 637
1587234894433 0.04104898613852031 638
1587234902454 0.04084374120782771 639
1587234910591 0.04063952250178857 640
1587234918581 0.04043632488927963 641
1587234926548 0.04023414326483323 642
1587234934552 0.040032972548509065 643
1587234942583 0.03983280768576652 644
1587234950599 0.03963364364733769 645
1587234958602 0.039435475429100995 646
1587234966666 0.03923829805195549 647
1587234974659 0.03904210656169572 648
1587234982693 0.03884689602888724 649
1587234990719 0.0386526615487428 650
1587234998755 0.03845939824099909 651
1587235006793 0.03826710124979409 652
1587235014791 0.038075765743545126 653
1587235022880 0.0378853869148274 654
1587235030961 0.03769595998025326 655
1587235039250 0.03750748018035199 656
1587235047526 0.037319942779450235 657
1587235055545 0.037133343065552986 658
1587235063641 0.03694767635022522 659
1587235071885 0.036762937968474095 660
1587235079993 0.03657912327863173 661
1587235088071 0.036396227662238566 662
1587235096154 0.03621424652392737 663
1587235104300 0.036033175291307735 664
1587235112384 0.03585300941485119 665
1587235120459 0.035673744367776934 666
1587235128605 0.03549537564593805 667
1587235136750 0.035317898767708356 668
1587235144907 0.03514130927386981 669
1587235153048 0.03496560272750046 670
1587235161146 0.03479077471386296 671
1587235169251 0.03461682084029365 672
1587235177384 0.034443736736092176 673
1587235185490 0.034271518052411715 674
1587235193583 0.034100160462149656 675
1587235201787 0.03392965965983891 676
1587235209976 0.033760011361539714 677
1587235218241 0.03359121130473201 678
1587235226836 0.033423255248208356 679
1587235235146 0.03325613897196732 680
1587235243360 0.03308985827710748 681
1587235251562 0.032924408985721944 682
1587235259807 0.03275978694079333 683
1587235268080 0.032595988006089364 684
1587235276269 0.032433008066058915 685
1587235284485 0.03227084302572862 686
1587235292688 0.032109488810599975 687
1587235300899 0.031948941366546975 688
1587235309137 0.03178919665971424 689
1587235317351 0.03163025067641567 690
1587235325665 0.03147209942303359 691
1587235333945 0.03131473892591842 692
1587235342190 0.031158165231288826 693
1587235350434 0.03100237440513238 694
1587235358694 0.030847362533106718 695
1587235367010 0.030693125720441184 696
1587235375323 0.030539660091838977 697
1587235383684 0.03038696179137978 698
1587235391970 0.030235026982422884 699
1587235400916 0.030083851847510768 700
1587235409254 0.029933432588273214 701
1587235417596 0.029783765425331846 702
1587235425906 0.029634846598205186 703
1587235434209 0.02948667236521416 704
1587235442589 0.029339239003388088 705
1587235450944 0.029192542808371146 706
1587235459254 0.02904658009432929 707
1587235467541 0.028901347193857643 708
1587235475858 0.028756840457888354 709
1587235484163 0.02861305625559891 710
1587235492526 0.028469990974320916 711
1587235500904 0.02832764101944931 712
1587235509252 0.028186002814352063 713
1587235517598 0.0280450728002803 714
1587235525991 0.0279048474362789 715
1587235534375 0.027765323199097504 716
1587235542745 0.027626496583102015 717
1587235551142 0.027488364100186506 718
1587235559505 0.027350922279685573 719
1587235568023 0.027214167668287145 720
1587235576397 0.02707809682994571 721
1587235585161 0.02694270634579598 722
1587235593510 0.026807992814067 723
1587235601871 0.026673952849996664 724
1587235610228 0.02654058308574668 725
1587235618583 0.026407880170317945 726
1587235627224 0.026275840769466357 727
1587235635681 0.026144461565619025 728
1587235644030 0.02601373925779093 729
1587235652369 0.025883670561501974 730
1587235660748 0.025754252208694463 731
1587235669112 0.02562548094765099 732
1587235677527 0.025497353542912736 733
1587235685996 0.02536986677519817 734
1587235694366 0.02524301744132218 735
1587235702749 0.025116802354115567 736
1587235711193 0.024991218342344988 737
1587235719669 0.024866262250633264 738
1587235728189 0.024741930939380097 739
1587235736775 0.024618221284683196 740
1587235745276 0.02449513017825978 741
1587235753688 0.02437265452736848 742
1587235762569 0.024250791254731636 743
1587235771002 0.024129537298457977 744
1587235779457 0.024008889611965685 745
1587235787931 0.023888845163905856 746
1587235796420 0.023769400938086327 747
1587235804939 0.023650553933395897 748
1587235813424 0.023532301163728918 749
1587235821872 0.023414639657910272 750
1587235830411 0.023297566459620722 751
1587235838924 0.023181078627322618 752
1587235847445 0.023065173234186005 753
1587235855952 0.022949847368015076 754
1587235864543 0.022835098131175 755
1587235873085 0.022720922640519125 756
1587235881605 0.02260731802731653 757
1587235890120 0.022494281437179946 758
1587235898665 0.022381810029994047 759
1587235907352 0.022269900979844076 760
1587235915896 0.022158551474944856 761
1587235924553 0.022047758717570132 762
1587235933195 0.021937519923982282 763
1587235942150 0.021827832324362372 764
1587235950755 0.02171869316274056 765
1587235959327 0.021610099696926857 766
1587235967996 0.021502049198442223 767
1587235976551 0.021394538952450012 768
1587235985180 0.02128756625768776 769
1587235993793 0.021181128426399323 770
1587236002429 0.021075222784267326 771
1587236011088 0.020969846670345987 772
1587236019707 0.020864997436994256 773
1587236028332 0.020760672449809284 774
1587236036975 0.020656869087560238 775
1587236045657 0.020553584742122436 776
1587236054288 0.020450816818411825 777
1587236062895 0.020348562734319765 778
1587236071519 0.020246819920648168 779
1587236080312 0.020145585821044927 780
1587236088970 0.020044857891939702 781
1587236097678 0.019944633602480003 782
1587236106455 0.019844910434467605 783
1587236115133 0.019745685882295267 784
1587236124391 0.01964695745288379 785
1587236133015 0.01954872266561937 786
1587236141676 0.019450979052291272 787
1587236150324 0.019353724157029815 788
1587236158991 0.019256955536244666 789
1587236167797 0.019160670758563442 790
1587236176464 0.019064867404770626 791
1587236185169 0.018969543067746772 792
1587236193860 0.018874695352408037 793
1587236202590 0.018780321875645996 794
1587236211298 0.018686420266267767 795
1587236220029 0.018592988164936427 796
1587236228791 0.018500023224111744 797
1587236237557 0.018407523107991184 798
1587236246260 0.01831548549245123 799
1587236255109 0.018223908064988973 800
1587236263871 0.018132788524664028 801
1587236272612 0.018042124582040707 802
1587236281378 0.017951913959130504 803
1587236290174 0.01786215438933485 804
1587236299084 0.017772843617388175 805
1587236307983 0.017683979399301233 806
1587236316778 0.017595559502304726 807
1587236325596 0.0175075817047932 808
1587236334420 0.017420043796269234 809
1587236343259 0.017332943577287888 810
1587236352069 0.01724627885940145 811
1587236360899 0.017160047465104442 812
1587236369692 0.01707424722777892 813
1587236378467 0.016988875991640028 814
1587236387321 0.016903931611681827 815
1587236396177 0.01681941195362342 816
1587236405064 0.016735314893855303 817
1587236413917 0.016651638319386028 818
1587236422712 0.0165683801277891 819
1587236431635 0.016485538227150154 820
1587236440495 0.0164031105360144 821
1587236449321 0.01632109498333433 822
1587236458154 0.016239489508417658 823
1587236467037 0.01615829206087557 824
1587236475909 0.01607750060057119 825
1587236485205 0.015997113097568336 826
1587236494147 0.015917127532080494 827
1587236503040 0.01583754189442009 828
1587236511890 0.01575835418494799 829
1587236520792 0.01567956241402325 830
1587236529740 0.015601164601953134 831
1587236538655 0.015523158778943369 832
1587236547559 0.015445542985048652 833
1587236556495 0.015368315270123408 834
1587236565369 0.01529147369377279 835
1587236574282 0.015215016325303928 836
1587236583160 0.015138941243677408 837
1587236592161 0.01506324653745902 838
1587236601062 0.014987930304771725 839
1587236610061 0.014912990653247866 840
1587236618988 0.014838425699981627 841
1587236627934 0.01476423357148172 842
1587236636901 0.014690412403624311 843
1587236645927 0.01461696034160619 844
1587236654903 0.014543875539898159 845
1587236664255 0.014471156162198668 846
1587236673251 0.014398800381387675 847
1587236682247 0.014326806379480736 848
1587236691297 0.014255172347583332 849
1587236700345 0.014183896485845416 850
1587236709425 0.014112977003416188 851
1587236718484 0.014042412118399107 852
1587236727484 0.013972200057807112 853
1587236736538 0.013902339057518077 854
1587236745628 0.013832827362230486 855
1587236754714 0.013763663225419333 856
1587236763751 0.013694844909292236 857
1587236772742 0.013626370684745774 858
1587236781747 0.013558238831322046 859
1587236790889 0.013490447637165436 860
1587236799922 0.013422995398979608 861
1587236809018 0.01335588042198471 862
1587236818075 0.013289101019874787 863
1587236827165 0.013222655514775413 864
1587236836220 0.013156542237201536 865
1587236845695 0.013090759526015528 866
1587236854838 0.01302530572838545 867
1587236864007 0.012960179199743523 868
1587236873127 0.012895378303744804 869
1587236882310 0.01283090141222608 870
1587236891517 0.012766746905164949 871
1587236900684 0.012702913170639124 872
1587236909836 0.012639398604785928 873
1587236919008 0.012576201611761997 874
1587236928140 0.012513320603703188 875
1587236937284 0.012450754000684672 876
1587236946462 0.012388500230681249 877
1587236955619 0.012326557729527843 878
1587236964764 0.012264924940880204 879
1587236974043 0.012203600316175803 880
1587236983175 0.012142582314594924 881
1587236992369 0.01208186940302195 882
1587237001503 0.01202146005600684 883
1587237010799 0.011961352755726806 884
1587237020377 0.01190154599194817 885
1587237029588 0.01184203826198843 886
1587237038785 0.011782828070678488 887
1587237047958 0.011723913930325095 888
1587237057178 0.01166529436067347 889
1587237066471 0.011606967888870102 890
1587237075705 0.01154893304942575 891
1587237084913 0.011491188384178622 892
1587237094131 0.011433732442257729 893
1587237103382 0.01137656378004644 894
1587237112711 0.011319680961146208 895
1587237121987 0.011263082556340478 896
1587237131280 0.011206767143558775 897
1587237140539 0.011150733307840981 898
1587237149814 0.011094979641301777 899
1587237159276 0.011039504743095268 900
1587237168616 0.01098430721937979 901
1587237177856 0.010929385683282892 902
1587237187217 0.010874738754866477 903
1587237196577 0.010820365061092144 904
1587237206424 0.010766263235786683 905
1587237215720 0.01071243191960775 906
1587237225117 0.010658869760009713 907
1587237234411 0.010605575411209664 908
1587237243755 0.010552547534153616 909
1587237253108 0.010499784796482848 910
1587237262449 0.010447285872500434 911
1587237271765 0.01039504944313793 912
1587237281074 0.010343074195922241 913
1587237290424 0.01029135882494263 914
1587237299748 0.010239902030817916 915
1587237309133 0.010188702520663827 916
1587237318541 0.010137759008060509 917
1587237327877 0.010087070213020206 918
1587237337214 0.010036634861955105 919
1587237346689 0.01 920
1587237355987 0.01 921
1587237365316 0.01 922
1587237374679 0.01 923
1587237384492 0.01 924
1587237393856 0.01 925
1587237403289 0.01 926
1587237412710 0.01 927
1587237422038 0.01 928
1587237431408 0.01 929
1587237440821 0.01 930
1587237450177 0.01 931
1587237459516 0.01 932
1587237468903 0.01 933
1587237478182 0.01 934
1587237487629 0.01 935
1587237496996 0.01 936
1587237506383 0.01 937
1587237515796 0.01 938
1587237525199 0.01 939
1587237534791 0.01 940
1587237544291 0.01 941
1587237553716 0.01 942
1587237563825 0.01 943
1587237573236 0.01 944
1587237582665 0.01 945
1587237592130 0.01 946
1587237601650 0.01 947
1587237611148 0.01 948
1587237620620 0.01 949
1587237630104 0.01 950
1587237639641 0.01 951
1587237649167 0.01 952
1587237658572 0.01 953
1587237668137 0.01 954
1587237677613 0.01 955
1587237687123 0.01 956
1587237696585 0.01 957
1587237706111 0.01 958
1587237715662 0.01 959
1587237725333 0.01 960
1587237734879 0.01 961
1587237744820 0.01 962
1587237754425 0.01 963
1587237764097 0.01 964
1587237773735 0.01 965
1587237783222 0.01 966
1587237792722 0.01 967
1587237802280 0.01 968
1587237811812 0.01 969
1587237821378 0.01 970
1587237830911 0.01 971
1587237840471 0.01 972
1587237850057 0.01 973
1587237859651 0.01 974
1587237869138 0.01 975
1587237878681 0.01 976
1587237888233 0.01 977
1587237897856 0.01 978
1587237907528 0.01 979
1587237917288 0.01 980
1587237927366 0.01 981
1587237936990 0.01 982
1587237946553 0.01 983
1587237956112 0.01 984
1587237965752 0.01 985
1587237975343 0.01 986
1587237984924 0.01 987
1587237994585 0.01 988
1587238004131 0.01 989
1587238013785 0.01 990
1587238023447 0.01 991
1587238033083 0.01 992
1587238042645 0.01 993
1587238052191 0.01 994
1587238061885 0.01 995
1587238071545 0.01 996
1587238081163 0.01 997
1587238090811 0.01 998
1587238100916 0.01 999
1587238110778 0.01 1000
1587238120549 0.01 1001
1587238130239 0.01 1002
1587238139928 0.01 1003
1587238149644 0.01 1004
1587238159278 0.01 1005
1587238168971 0.01 1006
1587238178655 0.01 1007
1587238188295 0.01 1008
1587238198008 0.01 1009
1587238207722 0.01 1010
1587238217407 0.01 1011
1587238227052 0.01 1012
1587238236732 0.01 1013
1587238246431 0.01 1014
1587238256170 0.01 1015
1587238265894 0.01 1016
1587238275600 0.01 1017
1587238285642 0.01 1018
1587238295426 0.01 1019
1587238305223 0.01 1020
1587238314919 0.01 1021
1587238324632 0.01 1022
1587238334299 0.01 1023
1587238343991 0.01 1024
1587238353744 0.01 1025
1587238363484 0.01 1026
1587238373167 0.01 1027
1587238382967 0.01 1028
1587238392707 0.01 1029
1587238402443 0.01 1030
1587238412187 0.01 1031
1587238421917 0.01 1032
1587238431616 0.01 1033
1587238441249 0.01 1034
1587238450933 0.01 1035
1587238461039 0.01 1036
1587238470749 0.01 1037
1587238480421 0.01 1038
1587238490133 0.01 1039
1587238499976 0.01 1040
1587238509693 0.01 1041
1587238519379 0.01 1042
1587238529054 0.01 1043
1587238538781 0.01 1044
1587238548474 0.01 1045
1587238558173 0.01 1046
1587238567878 0.01 1047
1587238577616 0.01 1048
1587238587226 0.01 1049
1587238596962 0.01 1050
1587238606709 0.01 1051
1587238616670 0.01 1052
1587238626584 0.01 1053
1587238636646 0.01 1054
1587238646832 0.01 1055
1587238656676 0.01 1056
1587238666479 0.01 1057
1587238676335 0.01 1058
1587238686226 0.01 1059
1587238696219 0.01 1060
1587238706074 0.01 1061
1587238715947 0.01 1062
1587238725848 0.01 1063
1587238735656 0.01 1064
1587238745497 0.01 1065
1587238755334 0.01 1066
1587238765192 0.01 1067
1587238775107 0.01 1068
1587238784970 0.01 1069
1587238794897 0.01 1070
1587238804885 0.01 1071
1587238814849 0.01 1072
1587238825210 0.01 1073
1587238835078 0.01 1074
1587238845142 0.01 1075
1587238855162 0.01 1076
1587238865071 0.01 1077
1587238875060 0.01 1078
1587238885029 0.01 1079
1587238895142 0.01 1080
1587238905065 0.01 1081
1587238914897 0.01 1082
1587238924794 0.01 1083
1587238934600 0.01 1084
1587238944532 0.01 1085
1587238954486 0.01 1086
1587238964303 0.01 1087
1587238974244 0.01 1088
1587238984293 0.01 1089
1587238994246 0.01 1090
1587239004517 0.01 1091
1587239014436 0.01 1092
1587239024297 0.01 1093
1587239034178 0.01 1094
1587239044097 0.01 1095
1587239054002 0.01 1096
1587239063869 0.01 1097
1587239073717 0.01 1098
1587239083631 0.01 1099
1587239093704 0.01 1100
1587239103752 0.01 1101
1587239113658 0.01 1102
1587239123499 0.01 1103
1587239133421 0.01 1104
1587239143270 0.01 1105
1587239153333 0.01 1106
1587239163182 0.01 1107
1587239172965 0.01 1108
1587239183253 0.01 1109
1587239193079 0.01 1110
1587239202929 0.01 1111
1587239212685 0.01 1112
1587239222431 0.01 1113
1587239232107 0.01 1114
1587239241879 0.01 1115
1587239251603 0.01 1116
1587239261354 0.01 1117
1587239271106 0.01 1118
1587239280866 0.01 1119
1587239290854 0.01 1120
1587239300680 0.01 1121
1587239310381 0.01 1122
1587239320177 0.01 1123
1587239329890 0.01 1124
1587239339635 0.01 1125
1587239349351 0.01 1126
1587239359142 0.01 1127
1587239369025 0.01 1128
1587239378814 0.01 1129
1587239388606 0.01 1130
1587239398408 0.01 1131
1587239408175 0.01 1132
1587239417937 0.01 1133
1587239427680 0.01 1134
1587239437413 0.01 1135
1587239447180 0.01 1136
1587239456913 0.01 1137
1587239466635 0.01 1138
1587239476357 0.01 1139
1587239486224 0.01 1140
1587239496021 0.01 1141
1587239505772 0.01 1142
1587239515560 0.01 1143
1587239525334 0.01 1144
1587239535098 0.01 1145
1587239545356 0.01 1146
1587239555252 0.01 1147
1587239565012 0.01 1148
1587239574789 0.01 1149
1587239584606 0.01 1150
1587239594431 0.01 1151
1587239604273 0.01 1152
1587239614113 0.01 1153
1587239623944 0.01 1154
1587239633844 0.01 1155
1587239643711 0.01 1156
1587239653499 0.01 1157
1587239663354 0.01 1158
1587239673209 0.01 1159
1587239683152 0.01 1160
1587239693006 0.01 1161
1587239702801 0.01 1162
1587239712744 0.01 1163
1587239722956 0.01 1164
1587239732795 0.01 1165
1587239742659 0.01 1166
1587239752451 0.01 1167
1587239762371 0.01 1168
1587239772254 0.01 1169
1587239782105 0.01 1170
1587239791943 0.01 1171
1587239801715 0.01 1172
1587239811660 0.01 1173
1587239821625 0.01 1174
1587239831625 0.01 1175
1587239841718 0.01 1176
1587239851827 0.01 1177
1587239861821 0.01 1178
1587239871753 0.01 1179
1587239881914 0.01 1180
1587239891969 0.01 1181
1587239902179 0.01 1182
1587239912107 0.01 1183
1587239921986 0.01 1184
1587239931921 0.01 1185
1587239941852 0.01 1186
1587239951790 0.01 1187
1587239961764 0.01 1188
1587239971624 0.01 1189
1587239981536 0.01 1190
1587239991432 0.01 1191
1587240001306 0.01 1192
1587240011280 0.01 1193
1587240021152 0.01 1194
1587240031048 0.01 1195
1587240041002 0.01 1196
1587240050970 0.01 1197
1587240060846 0.01 1198
1587240070849 0.01 1199
1587240081366 0.01 1200
1587240091398 0.01 1201
1587240101313 0.01 1202
1587240111297 0.01 1203
1587240121325 0.01 1204
1587240131313 0.01 1205
1587240141346 0.01 1206
1587240151327 0.01 1207
1587240161331 0.01 1208
1587240171343 0.01 1209
1587240181260 0.01 1210
1587240191234 0.01 1211
1587240201241 0.01 1212
1587240211230 0.01 1213
1587240221201 0.01 1214
1587240231172 0.01 1215
1587240241131 0.01 1216
1587240251121 0.01 1217
1587240261552 0.01 1218
1587240271498 0.01 1219
1587240281612 0.01 1220
1587240291581 0.01 1221
1587240301557 0.01 1222
1587240311512 0.01 1223
1587240321368 0.01 1224
1587240331302 0.01 1225
1587240341149 0.01 1226
1587240351071 0.01 1227
1587240360948 0.01 1228
1587240370972 0.01 1229
1587240380928 0.01 1230
1587240390941 0.01 1231
1587240400981 0.01 1232
1587240410869 0.01 1233
1587240420776 0.01 1234
1587240430679 0.01 1235
1587240441084 0.01 1236
1587240450954 0.01 1237
1587240460877 0.01 1238
1587240470616 0.01 1239
1587240480511 0.01 1240
1587240490296 0.01 1241
1587240500080 0.01 1242
1587240509769 0.01 1243
1587240519489 0.01 1244
1587240529220 0.01 1245
1587240538916 0.01 1246
1587240548620 0.01 1247
1587240558330 0.01 1248
1587240568114 0.01 1249
1587240577875 0.01 1250
1587240587585 0.01 1251
1587240597357 0.01 1252
1587240607094 0.01 1253
1587240616880 0.01 1254
1587240626842 0.01 1255
1587240636566 0.01 1256
1587240646235 0.01 1257
1587240655986 0.01 1258
1587240665758 0.01 1259
1587240675668 0.01 1260
1587240685415 0.01 1261
1587240695211 0.01 1262
1587240704992 0.01 1263
1587240714765 0.01 1264
1587240724575 0.01 1265
1587240734347 0.01 1266
1587240744030 0.01 1267
1587240753801 0.01 1268
1587240763517 0.01 1269
1587240773184 0.01 1270
1587240782986 0.01 1271
1587240792742 0.01 1272
1587240802746 0.01 1273
1587240812479 0.01 1274
1587240822154 0.01 1275
1587240831875 0.01 1276
1587240841561 0.01 1277
1587240851257 0.01 1278
1587240861069 0.01 1279
1587240870856 0.01 1280
1587240880545 0.01 1281
1587240890267 0.01 1282
1587240899998 0.01 1283
1587240909749 0.01 1284
1587240919522 0.01 1285
1587240929293 0.01 1286
1587240939032 0.01 1287
1587240948767 0.01 1288
1587240958473 0.01 1289
1587240968265 0.01 1290
1587240977967 0.01 1291
1587240987857 0.01 1292
1587240997573 0.01 1293
1587241007264 0.01 1294
1587241017076 0.01 1295
1587241026888 0.01 1296
1587241036621 0.01 1297
1587241046364 0.01 1298
1587241056029 0.01 1299
1587241065911 0.01 1300
1587241075907 0.01 1301
1587241085669 0.01 1302
1587241095405 0.01 1303
1587241105162 0.01 1304
1587241114959 0.01 1305
1587241124709 0.01 1306
1587241134463 0.01 1307
1587241144256 0.01 1308
1587241153922 0.01 1309
1587241163971 0.01 1310
1587241173712 0.01 1311
1587241183482 0.01 1312
1587241193243 0.01 1313
1587241202949 0.01 1314
1587241212635 0.01 1315
1587241222222 0.01 1316
1587241231937 0.01 1317
1587241241662 0.01 1318
1587241251362 0.01 1319
1587241261175 0.01 1320
1587241270897 0.01 1321
1587241280624 0.01 1322
1587241290302 0.01 1323
1587241299939 0.01 1324
1587241309602 0.01 1325
1587241319227 0.01 1326
1587241328946 0.01 1327
1587241338753 0.01 1328
1587241348603 0.01 1329
1587241358370 0.01 1330
1587241368036 0.01 1331
1587241377787 0.01 1332
1587241387468 0.01 1333
1587241397165 0.01 1334
1587241406841 0.01 1335
1587241416623 0.01 1336
1587241426363 0.01 1337
1587241435973 0.01 1338
1587241445654 0.01 1339
1587241455476 0.01 1340
1587241465128 0.01 1341
1587241474744 0.01 1342
1587241484411 0.01 1343
1587241494158 0.01 1344
1587241503866 0.01 1345
1587241513657 0.01 1346
1587241523753 0.01 1347
1587241533423 0.01 1348
1587241543145 0.01 1349
1587241552817 0.01 1350
1587241562552 0.01 1351
1587241572272 0.01 1352
1587241581955 0.01 1353
1587241591640 0.01 1354
1587241601396 0.01 1355
1587241611020 0.01 1356
1587241620672 0.01 1357
1587241630361 0.01 1358
1587241640063 0.01 1359
1587241649842 0.01 1360
1587241659537 0.01 1361
1587241669193 0.01 1362
1587241678843 0.01 1363
1587241688527 0.01 1364
1587241698300 0.01 1365
1587241708272 0.01 1366
1587241717906 0.01 1367
1587241727530 0.01 1368
1587241737117 0.01 1369
1587241746768 0.01 1370
1587241756475 0.01 1371
1587241766176 0.01 1372
1587241775811 0.01 1373
1587241785484 0.01 1374
1587241795197 0.01 1375
1587241804837 0.01 1376
1587241814498 0.01 1377
1587241824164 0.01 1378
1587241833825 0.01 1379
1587241843681 0.01 1380
1587241853408 0.01 1381
1587241863037 0.01 1382
1587241872734 0.01 1383
1587241882688 0.01 1384
1587241892413 0.01 1385
1587241902060 0.01 1386
1587241911749 0.01 1387
1587241921406 0.01 1388
1587241931048 0.01 1389
1587241940649 0.01 1390
1587241950241 0.01 1391
1587241959856 0.01 1392
1587241969498 0.01 1393
1587241979166 0.01 1394
1587241988907 0.01 1395
1587241998681 0.01 1396
1587242008274 0.01 1397
1587242017927 0.01 1398
1587242027626 0.01 1399
1587242037490 0.01 1400
1587242047290 0.01 1401
1587242056999 0.01 1402
1587242067113 0.01 1403
1587242076737 0.01 1404
1587242086348 0.01 1405
1587242095996 0.01 1406
1587242105682 0.01 1407
1587242115336 0.01 1408
1587242125010 0.01 1409
1587242134633 0.01 1410
1587242144302 0.01 1411
1587242153917 0.01 1412
1587242163584 0.01 1413
1587242173244 0.01 1414
1587242182897 0.01 1415
1587242192563 0.01 1416
1587242202196 0.01 1417
1587242211951 0.01 1418
1587242221723 0.01 1419
1587242231646 0.01 1420
1587242241736 0.01 1421
1587242251544 0.01 1422
1587242261380 0.01 1423
1587242271168 0.01 1424
1587242280929 0.01 1425
1587242290786 0.01 1426
1587242300632 0.01 1427
1587242310412 0.01 1428
1587242320157 0.01 1429
1587242329986 0.01 1430
1587242339765 0.01 1431
1587242349669 0.01 1432
1587242359540 0.01 1433
1587242369350 0.01 1434
1587242379150 0.01 1435
1587242388896 0.01 1436
1587242398643 0.01 1437
1587242408505 0.01 1438
1587242418413 0.01 1439
1587242428658 0.01 1440
1587242438419 0.01 1441
1587242448143 0.01 1442
1587242457975 0.01 1443
1587242467821 0.01 1444
1587242477638 0.01 1445
1587242487421 0.01 1446
1587242497229 0.01 1447
1587242507065 0.01 1448
1587242516883 0.01 1449
1587242526637 0.01 1450
1587242536390 0.01 1451
1587242546137 0.01 1452
1587242555930 0.01 1453
1587242565754 0.01 1454
1587242575668 0.01 1455
1587242585631 0.01 1456
1587242595670 0.01 1457
1587242606258 0.01 1458
1587242616251 0.01 1459
1587242626410 0.01 1460
1587242636318 0.01 1461
1587242646303 0.01 1462
1587242656277 0.01 1463
1587242666288 0.01 1464
1587242676218 0.01 1465
1587242686217 0.01 1466
1587242696105 0.01 1467
1587242706044 0.01 1468
1587242716030 0.01 1469
1587242726055 0.01 1470
1587242736012 0.01 1471
1587242745988 0.01 1472
1587242755972 0.01 1473
1587242765985 0.01 1474
1587242775937 0.01 1475
1587242786416 0.01 1476
1587242796334 0.01 1477
1587242806245 0.01 1478
1587242816094 0.01 1479
1587242826224 0.01 1480
1587242836191 0.01 1481
1587242846131 0.01 1482
1587242856014 0.01 1483
1587242866001 0.01 1484
1587242875981 0.01 1485
1587242885925 0.01 1486
1587242895886 0.01 1487
1587242905843 0.01 1488
1587242915853 0.01 1489
1587242925839 0.01 1490
1587242935825 0.01 1491
1587242945843 0.01 1492
1587242955815 0.01 1493
1587242966217 0.01 1494
1587242976193 0.01 1495
1587242986181 0.01 1496
1587242996226 0.01 1497
1587243006220 0.01 1498
1587243016157 0.01 1499
1587243026306 0.01 1500
1587243036373 0.01 1501
1587243046297 0.01 1502
1587243056254 0.01 1503
1587243066134 0.01 1504
1587243076175 0.01 1505
1587243086149 0.01 1506
1587243096049 0.01 1507
1587243106009 0.01 1508
1587243115979 0.01 1509
1587243125905 0.01 1510
1587243135874 0.01 1511
1587243146159 0.01 1512
1587243156147 0.01 1513
1587243166078 0.01 1514
1587243175988 0.01 1515
1587243185923 0.01 1516
1587243195848 0.01 1517
1587243205775 0.01 1518
1587243215684 0.01 1519
1587243225760 0.01 1520
1587243235754 0.01 1521
1587243245717 0.01 1522
1587243255626 0.01 1523
1587243265545 0.01 1524
1587243275436 0.01 1525
1587243285435 0.01 1526
1587243295357 0.01 1527
1587243305382 0.01 1528
1587243315357 0.01 1529
1587243325739 0.01 1530
1587243335657 0.01 1531
1587243345584 0.01 1532
1587243355528 0.01 1533
1587243365499 0.01 1534
1587243375458 0.01 1535
1587243385410 0.01 1536
1587243395363 0.01 1537
1587243405347 0.01 1538
1587243415166 0.01 1539
1587243425174 0.01 1540
1587243434986 0.01 1541
1587243444773 0.01 1542
1587243454619 0.01 1543
1587243464441 0.01 1544
1587243474232 0.01 1545
1587243484090 0.01 1546
1587243493910 0.01 1547
1587243504145 0.01 1548
1587243513932 0.01 1549
1587243523786 0.01 1550
1587243533564 0.01 1551
1587243543361 0.01 1552
1587243553242 0.01 1553
1587243563050 0.01 1554
1587243572903 0.01 1555
1587243582799 0.01 1556
1587243592667 0.01 1557
1587243602597 0.01 1558
1587243612385 0.01 1559
1587243622337 0.01 1560
1587243632193 0.01 1561
1587243642053 0.01 1562
1587243651857 0.01 1563
1587243661667 0.01 1564
1587243671603 0.01 1565
1587243681921 0.01 1566
1587243691700 0.01 1567
1587243701577 0.01 1568
1587243711436 0.01 1569
1587243721233 0.01 1570
1587243731061 0.01 1571
1587243740840 0.01 1572
1587243750690 0.01 1573
1587243760524 0.01 1574
1587243770366 0.01 1575
1587243780166 0.01 1576
1587243789985 0.01 1577
1587243799792 0.01 1578
1587243809670 0.01 1579
1587243819686 0.01 1580
1587243829544 0.01 1581
1587243839334 0.01 1582
1587243849198 0.01 1583
1587243859191 0.01 1584
1587243869133 0.01 1585
1587243878919 0.01 1586
1587243888810 0.01 1587
1587243898651 0.01 1588
1587243908414 0.01 1589
1587243918246 0.01 1590
1587243928077 0.01 1591
1587243938011 0.01 1592
1587243947901 0.01 1593
1587243957770 0.01 1594
1587243967551 0.01 1595
1587243977413 0.01 1596
1587243987232 0.01 1597
1587243997110 0.01 1598
1587244006907 0.01 1599
1587244016905 0.01 1600
1587244026882 0.01 1601
1587244036761 0.01 1602
1587244046883 0.01 1603
1587244056737 0.01 1604
1587244066630 0.01 1605
1587244076456 0.01 1606
1587244086347 0.01 1607
1587244096185 0.01 1608
1587244106041 0.01 1609
1587244115884 0.01 1610
1587244125734 0.01 1611
1587244135560 0.01 1612
1587244145372 0.01 1613
1587244155161 0.01 1614
1587244165002 0.01 1615
1587244174844 0.01 1616
1587244184633 0.01 1617
1587244194449 0.01 1618
1587244204394 0.01 1619
1587244214331 0.01 1620
1587244224389 0.01 1621
1587244234198 0.01 1622
1587244243997 0.01 1623
1587244253742 0.01 1624
1587244263527 0.01 1625
1587244273400 0.01 1626
1587244283207 0.01 1627
1587244293020 0.01 1628
1587244302791 0.01 1629
1587244312734 0.01 1630
1587244322578 0.01 1631
1587244332377 0.01 1632
1587244342079 0.01 1633
1587244351858 0.01 1634
1587244361638 0.01 1635
1587244371424 0.01 1636
1587244381239 0.01 1637
1587244391006 0.01 1638
1587244401199 0.01 1639
1587244411131 0.01 1640
1587244420959 0.01 1641
1587244430745 0.01 1642
1587244440542 0.01 1643
1587244450365 0.01 1644
1587244460124 0.01 1645
1587244469940 0.01 1646
1587244479751 0.01 1647
1587244489596 0.01 1648
1587244499364 0.01 1649
1587244509236 0.01 1650
1587244519049 0.01 1651
1587244528910 0.01 1652
1587244538702 0.01 1653
1587244548506 0.01 1654
1587244558279 0.01 1655
1587244568079 0.01 1656
1587244578009 0.01 1657
1587244588138 0.01 1658
1587244597951 0.01 1659
1587244607970 0.01 1660
1587244617826 0.01 1661
1587244627652 0.01 1662
1587244637425 0.01 1663
1587244647178 0.01 1664
1587244656926 0.01 1665
1587244666789 0.01 1666
1587244676593 0.01 1667
1587244686316 0.01 1668
1587244696094 0.01 1669
1587244705844 0.01 1670
1587244715628 0.01 1671
1587244725519 0.01 1672
1587244735346 0.01 1673
1587244745307 0.01 1674
1587244755206 0.01 1675
1587244765578 0.01 1676
1587244775482 0.01 1677
1587244785416 0.01 1678
1587244795359 0.01 1679
1587244805470 0.01 1680
1587244815426 0.01 1681
1587244825407 0.01 1682
1587244835328 0.01 1683
1587244845222 0.01 1684
1587244855107 0.01 1685
1587244864994 0.01 1686
1587244874962 0.01 1687
1587244884803 0.01 1688
1587244894737 0.01 1689
1587244904678 0.01 1690
1587244914631 0.01 1691
1587244924584 0.01 1692
1587244934483 0.01 1693
1587244944856 0.01 1694
1587244954801 0.01 1695
1587244964683 0.01 1696
1587244974648 0.01 1697
1587244984571 0.01 1698
1587244994511 0.01 1699
1587245004649 0.01 1700
1587245014619 0.01 1701
1587245024460 0.01 1702
1587245034393 0.01 1703
1587245044377 0.01 1704
1587245054269 0.01 1705
1587245064119 0.01 1706
1587245074064 0.01 1707
1587245084068 0.01 1708
1587245094076 0.01 1709
1587245104025 0.01 1710
1587245113993 0.01 1711
1587245124411 0.01 1712
1587245134335 0.01 1713
1587245144266 0.01 1714
1587245154204 0.01 1715
1587245164118 0.01 1716
1587245174113 0.01 1717
1587245184084 0.01 1718
1587245194047 0.01 1719
1587245204166 0.01 1720
1587245214314 0.01 1721
1587245224529 0.01 1722
1587245234677 0.01 1723
1587245244874 0.01 1724
1587245255024 0.01 1725
1587245265293 0.01 1726
1587245275473 0.01 1727
1587245285641 0.01 1728
1587245295821 0.01 1729
1587245306457 0.01 1730
1587245316699 0.01 1731
1587245326947 0.01 1732
1587245337239 0.01 1733
1587245347565 0.01 1734
1587245357756 0.01 1735
1587245367960 0.01 1736
1587245378184 0.01 1737
1587245388353 0.01 1738
1587245398424 0.01 1739
1587245408797 0.01 1740
1587245418963 0.01 1741
1587245429195 0.01 1742
1587245439496 0.01 1743
1587245449819 0.01 1744
1587245460094 0.01 1745
1587245470411 0.01 1746
1587245480958 0.01 1747
1587245491175 0.01 1748
1587245501439 0.01 1749
1587245511665 0.01 1750
1587245522008 0.01 1751
1587245532348 0.01 1752
1587245542572 0.01 1753
1587245552894 0.01 1754
