1587230590625 1001 1
1587230596454 1001 2
1587230602306 1001 3
1587230608149 1001 4
1587230613995 1001 5
1587230619881 1001 6
1587230625755 1001 7
1587230631643 1001 8
1587230637515 1001 9
1587230643457 1001 10
1587230649370 1001 11
1587230655245 1001 12
1587230661128 1001 13
1587230667020 1001 14
1587230672914 1001 15
1587230678834 1001 16
1587230684740 1001 17
1587230690633 1001 18
1587230696541 1001 19
1587230702547 1001 20
1587230708484 1001 21
1587230714429 1001 22
1587230720944 1001 23
1587230726867 1001 24
1587230732783 1001 25
1587230738697 1001 26
1587230744602 1001 27
1587230750541 1001 28
1587230756448 1001 29
1587230762404 1001 30
1587230768369 1001 31
1587230774282 1001 32
1587230780189 1001 33
1587230786109 1001 34
1587230792067 1001 35
1587230798002 1001 36
1587230803945 1001 37
1587230809948 1001 38
1587230815891 1001 39
1587230821919 1001 40
1587230827883 1001 41
1587230833838 1001 42
1587230839794 1001 43
1587230845761 1001 44
1587230851716 1001 45
1587230857696 1001 46
1587230863687 1001 47
1587230869674 1001 48
1587230875675 1001 49
1587230881673 1001 50
1587230887664 1001 51
1587230893658 1001 52
1587230899940 1001 53
1587230906038 1001 54
1587230912037 1001 55
1587230918044 1001 56
1587230924054 1001 57
1587230930059 1001 58
1587230936049 1001 59
1587230942135 1001 60
1587230948114 1001 61
1587230954129 1001 62
1587230960128 1001 63
1587230966102 1001 64
1587230972090 1001 65
1587230978118 1001 66
1587230984132 1001 67
1587230990143 1001 68
1587230996146 1001 69
1587231002178 1001 70
1587231008210 1001 71
1587231014227 1001 72
1587231020262 1001 73
1587231026270 1001 74
1587231032287 1001 75
1587231038311 1001 76
1587231044343 1001 77
1587231050386 1001 78
1587231056395 1001 79
1587231062501 1001 80
1587231068527 1001 81
1587231074523 1001 82
1587231081063 1001 83
1587231087081 1001 84
1587231093108 1001 85
1587231099156 1001 86
1587231105175 1001 87
1587231111217 1001 88
1587231117279 1001 89
1587231123368 1001 90
1587231129411 1001 91
1587231135461 1001 92
1587231141532 1001 93
1587231147591 1001 94
1587231153658 1001 95
1587231159704 1001 96
1587231165748 1001 97
1587231171813 1001 98
1587231177839 1001 99
1587231183983 1001 100
1587231190029 1001 101
1587231196076 1001 102
1587231202162 1001 103
1587231208234 1001 104
1587231214285 1001 105
1587231220381 1001 106
1587231226460 1001 107
1587231232568 1001 108
1587231238639 1001 109
1587231244785 1001 110
1587231250867 1001 111
1587231256947 1001 112
1587231263455 1001 113
1587231269527 1001 114
1587231275624 1001 115
1587231281704 1001 116
1587231287797 1001 117
1587231293883 1001 118
1587231299962 1001 119
1587231306164 1001 120
1587231312251 1001 121
1587231318329 1001 122
1587231324493 1001 123
1587231330594 1001 124
1587231336705 1001 125
1587231342801 1001 126
1587231348896 1001 127
1587231355014 1001 128
1587231361123 1001 129
1587231367264 1001 130
1587231373365 1001 131
1587231379481 1001 132
1587231385593 1001 133
1587231391725 1001 134
1587231397856 1001 135
1587231403975 1001 136
1587231410100 1001 137
1587231416200 1001 138
1587231422326 1001 139
1587231428537 1001 140
1587231434652 1001 141
1587231441271 1001 142
1587231447455 1001 143
1587231453624 1001 144
1587231459742 1001 145
1587231465881 1001 146
1587231471978 1001 147
1587231478089 1001 148
1587231484296 1001 149
1587231490461 1001 150
1587231496613 1001 151
1587231502730 1001 152
1587231508857 1001 153
1587231514978 1001 154
1587231521083 1001 155
1587231527206 1001 156
1587231533346 1001 157
1587231539480 1001 158
1587231545636 1001 159
1587231551829 1001 160
1587231557965 1001 161
1587231564109 1001 162
1587231570248 1001 163
1587231576404 1001 164
1587231582563 1001 165
1587231588734 1001 166
1587231594926 1001 167
1587231601111 1001 168
1587231607318 1001 169
1587231613464 1001 170
1587231619919 1001 171
1587231626162 1001 172
1587231632315 1001 173
1587231638458 1001 174
1587231644607 1001 175
1587231650753 1001 176
1587231656905 1001 177
1587231663094 1001 178
1587231669288 1001 179
1587231675528 1001 180
1587231681694 1001 181
1587231687865 1001 182
1587231694047 1001 183
1587231700221 1001 184
1587231706382 1001 185
1587231712547 1001 186
1587231718711 1001 187
1587231725147 1001 188
1587231732118 1001 189
1587231739350 1001 190
1587231746587 1001 191
1587231753554 1001 192
1587231760141 1001 193
1587231766699 1001 194
1587231773265 1001 195
1587231779661 1001 196
1587231786149 1001 197
1587231792656 1001 198
1587231799444 1001 199
1587231806252 1001 200
1587231812799 1001 201
1587231819331 1001 202
1587231825937 1001 203
1587231832466 1001 204
1587231839053 1001 205
1587231845633 1001 206
1587231852201 1001 207
1587231858788 1001 208
1587231865456 1001 209
1587231872010 1001 210
1587231878506 1001 211
1587231884917 1001 212
1587231891159 1001 213
1587231897407 1001 214
1587231903660 1001 215
1587231909896 1001 216
1587231916132 1001 217
1587231922359 1001 218
1587231928615 1001 219
1587231934949 1001 220
1587231941170 1001 221
1587231947428 1001 222
1587231953685 1001 223
1587231959930 1001 224
1587231966222 1001 225
1587231972481 1001 226
1587231978968 1001 227
1587231985469 1001 228
1587231991763 1001 229
1587231998071 1001 230
1587232004360 1001 231
1587232010663 1001 232
1587232016958 1001 233
1587232023267 1001 234
1587232029599 1001 235
1587232035922 1001 236
1587232042256 1001 237
1587232048612 1001 238
1587232054978 1001 239
1587232061396 1001 240
1587232067709 1001 241
1587232074026 1001 242
1587232080338 1001 243
1587232086698 1001 244
1587232093036 1001 245
1587232099391 1001 246
1587232105746 1001 247
1587232112111 1001 248
1587232118437 1001 249
1587232124800 1001 250
1587232131155 1001 251
1587232137543 1001 252
1587232143927 1001 253
1587232150264 1001 254
1587232156652 1001 255
1587232163673 1001 256
1587232170035 1001 257
1587232176408 1001 258
1587232182784 1001 259
1587232189233 1001 260
1587232195605 1001 261
1587232202004 1001 262
1587232208402 1001 263
1587232214792 1001 264
1587232221184 1001 265
1587232227579 1001 266
1587232233977 1001 267
1587232240378 1001 268
1587232246794 1001 269
1587232253216 1001 270
1587232259620 1001 271
1587232266043 1001 272
1587232272478 1001 273
1587232278894 1001 274
1587232285310 1001 275
1587232291720 1001 276
1587232298158 1001 277
1587232304597 1001 278
1587232311019 1001 279
1587232317545 1001 280
1587232324043 1001 281
1587232330514 1001 282
1587232336991 1001 283
1587232344062 1001 284
1587232350514 1001 285
1587232357010 1001 286
1587232363521 1001 287
1587232369970 1001 288
1587232376429 1001 289
1587232382923 1001 290
1587232389425 1001 291
1587232395910 1001 292
1587232402435 1001 293
1587232408956 1001 294
1587232415471 1001 295
1587232421994 1001 296
1587232428533 1001 297
1587232435071 1001 298
1587232441681 1001 299
1587232448308 1001 300
1587232454935 1001 301
1587232461451 1001 302
1587232467968 1001 303
1587232474496 1001 304
1587232481048 1001 305
1587232487568 1001 306
1587232494103 1001 307
1587232500625 1001 308
1587232507231 1001 309
1587232513807 1001 310
1587232520846 1001 311
1587232527396 1001 312
1587232534016 1001 313
1587232540607 1001 314
1587232547176 1001 315
1587232553758 1001 316
1587232560348 1001 317
1587232566993 1001 318
1587232573607 1001 319
1587232580307 1001 320
1587232586902 1001 321
1587232593524 1001 322
1587232600173 1001 323
1587232606798 1001 324
1587232613412 1001 325
1587232620044 1001 326
1587232626681 1001 327
1587232633326 1001 328
1587232639968 1001 329
1587232646614 1001 330
1587232653254 1001 331
1587232659929 1001 332
1587232666556 1001 333
1587232673181 1001 334
1587232679815 1001 335
1587232686517 1001 336
1587232693217 1001 337
1587232700398 1001 338
1587232707062 1001 339
1587232713805 1001 340
1587232720460 1001 341
1587232727093 1001 342
1587232733749 1001 343
1587232740396 1001 344
1587232747070 1001 345
1587232753716 1001 346
1587232760370 1001 347
1587232767042 1001 348
1587232773704 1001 349
1587232780408 1001 350
1587232787128 1001 351
1587232793835 1001 352
1587232800546 1001 353
1587232807315 1001 354
1587232814035 1001 355
1587232820733 1001 356
1587232827452 1001 357
1587232834146 1001 358
1587232840864 1001 359
1587232847672 1001 360
1587232854408 1001 361
1587232861163 1001 362
1587232867921 1001 363
1587232874646 1001 364
1587232881929 1001 365
1587232888705 1001 366
1587232895467 1001 367
1587232902210 1001 368
1587232908950 1001 369
1587232915715 1001 370
1587232922521 1001 371
1587232929274 1001 372
1587232936050 1001 373
1587232942841 1001 374
1587232949626 1001 375
1587232956384 1001 376
1587232963176 1001 377
1587232969943 1001 378
1587232976745 1001 379
1587232983642 1001 380
1587232990444 1001 381
1587232997269 1001 382
1587233004110 1001 383
1587233010944 1001 384
1587233017764 1001 385
1587233024584 1001 386
1587233031448 1001 387
1587233038270 1001 388
1587233045155 1001 389
1587233052016 1001 390
1587233059122 1001 391
1587233066241 1001 392
1587233073120 1001 393
1587233079991 1001 394
1587233086843 1001 395
1587233093702 1001 396
1587233100559 1001 397
1587233107472 1001 398
1587233114360 1001 399
1587233121317 1001 400
1587233128202 1001 401
1587233135063 1001 402
1587233141929 1001 403
1587233148804 1001 404
1587233155687 1001 405
1587233162627 1001 406
1587233169533 1001 407
1587233176440 1001 408
1587233183322 1001 409
1587233190221 1001 410
1587233197117 1001 411
1587233204031 1001 412
1587233210961 1001 413
1587233217917 1001 414
1587233225077 1001 415
1587233232047 1001 416
1587233239384 1001 417
1587233246507 1001 418
1587233253502 1001 419
1587233260578 1001 420
1587233267589 1001 421
1587233274544 1001 422
1587233281507 1001 423
1587233288497 1001 424
1587233295473 1001 425
1587233302428 1001 426
1587233309403 1001 427
1587233316413 1001 428
1587233323394 1001 429
1587233330403 1001 430
1587233337390 1001 431
1587233344427 1001 432
1587233351419 1001 433
1587233358428 1001 434
1587233365434 1001 435
1587233372458 1001 436
1587233379466 1001 437
1587233386485 1001 438
1587233393541 1001 439
1587233400653 1001 440
1587233407765 1001 441
1587233414799 1001 442
1587233422532 1001 443
1587233429604 1001 444
1587233436667 1001 445
1587233443726 1001 446
1587233450782 1001 447
1587233457855 1001 448
1587233464968 1001 449
1587233472038 1001 450
1587233479121 1001 451
1587233486179 1001 452
1587233493263 1001 453
1587233500361 1001 454
1587233507464 1001 455
1587233514583 1001 456
1587233521704 1001 457
1587233528850 1001 458
1587233535977 1001 459
1587233543169 1001 460
1587233550305 1001 461
1587233557417 1001 462
1587233564547 1001 463
1587233571698 1001 464
1587233578844 1001 465
1587233586016 1001 466
1587233593202 1001 467
1587233600916 1001 468
1587233608055 1001 469
1587233615229 1001 470
1587233622396 1001 471
1587233629544 1001 472
1587233636712 1001 473
1587233643946 1001 474
1587233651120 1001 475
1587233658295 1001 476
1587233665521 1001 477
1587233672742 1001 478
1587233679924 1001 479
1587233687218 1001 480
1587233694430 1001 481
1587233701649 1001 482
1587233708877 1001 483
1587233716062 1001 484
1587233723292 1001 485
1587233730567 1001 486
1587233737803 1001 487
1587233745077 1001 488
1587233752296 1001 489
1587233759562 1001 490
1587233766848 1001 491
1587233774097 1001 492
1587233781846 1001 493
1587233789148 1001 494
1587233796447 1001 495
1587233803733 1001 496
1587233811046 1001 497
1587233818418 1001 498
1587233825772 1001 499
1587233833226 1001 500
1587233840582 1001 501
1587233847878 1001 502
1587233855214 1001 503
1587233862557 1001 504
1587233869879 1001 505
1587233877198 1001 506
1587233884541 1001 507
1587233891889 1001 508
1587233899222 1001 509
1587233906592 1001 510
1587233913943 1001 511
1587233921274 1001 512
1587233928637 1001 513
1587233936019 1001 514
1587233943421 1001 515
1587233950809 1001 516
1587233958293 1001 517
1587233966070 1001 518
1587233973438 1001 519
1587233980941 1001 520
1587233988370 1001 521
1587233995781 1001 522
1587234003198 1001 523
1587234010682 1001 524
1587234018107 1001 525
1587234025560 1001 526
1587234033052 1001 527
1587234040479 1001 528
1587234047930 1001 529
1587234055402 1001 530
1587234062924 1001 531
1587234070467 1001 532
1587234077977 1001 533
1587234085453 1001 534
1587234092937 1001 535
1587234100417 1001 536
1587234107912 1001 537
1587234115370 1001 538
1587234122903 1001 539
1587234130519 1001 540
1587234138087 1001 541
1587234146057 1001 542
1587234153576 1001 543
1587234161078 1001 544
1587234168577 1001 545
1587234176131 1001 546
1587234183676 1001 547
1587234191211 1001 548
1587234198721 1001 549
1587234206285 1001 550
1587234213836 1001 551
1587234221413 1001 552
1587234229134 1001 553
1587234236677 1001 554
1587234244260 1001 555
1587234251839 1001 556
1587234259466 1001 557
1587234267088 1001 558
1587234274631 1001 559
1587234282340 1001 560
1587234289945 1001 561
1587234297519 1001 562
1587234305242 1001 563
1587234312892 1001 564
1587234321057 1001 565
1587234328721 1001 566
1587234336432 1001 567
1587234344137 1001 568
1587234351785 1001 569
1587234359486 1001 570
1587234367258 1001 571
1587234375004 1001 572
1587234382706 1001 573
1587234390388 1001 574
1587234398051 1001 575
1587234405753 1001 576
1587234413438 1001 577
1587234421176 1001 578
1587234428937 1001 579
1587234436760 1001 580
1587234444484 1001 581
1587234452226 1001 582
1587234459970 1001 583
1587234467713 1001 584
1587234475410 1001 585
1587234483234 1001 586
1587234491018 1001 587
1587234498909 1001 588
1587234507030 1001 589
1587234514753 1001 590
1587234522517 1001 591
1587234530273 1001 592
1587234538061 1001 593
1587234545865 1001 594
1587234553621 1001 595
1587234561421 1001 596
1587234569225 1001 597
1587234577028 1001 598
1587234584799 1001 599
1587234592728 1001 600
1587234600604 1001 601
1587234608524 1001 602
1587234616376 1001 603
1587234624224 1001 604
1587234632061 1001 605
1587234639871 1001 606
1587234647715 1001 607
1587234655551 1001 608
1587234663456 1001 609
1587234671370 1001 610
1587234679502 1001 611
1587234687539 1001 612
1587234695397 1001 613
1587234703269 1001 614
1587234711147 1001 615
1587234719029 1001 616
1587234726967 1001 617
1587234734853 1001 618
1587234742781 1001 619
1587234750833 1001 620
1587234758739 1001 621
1587234766641 1001 622
1587234774577 1001 623
1587234782545 1001 624
1587234790504 1001 625
1587234798488 1001 626
1587234806444 1001 627
1587234814403 1001 628
1587234822328 1001 629
1587234830275 1001 630
1587234838280 1001 631
1587234846261 1001 632
1587234854217 1001 633
1587234862556 1001 634
1587234870534 1001 635
1587234878441 1001 636
1587234886451 1001 637
1587234894433 1001 638
1587234902454 1001 639
1587234910591 1001 640
1587234918581 1001 641
1587234926548 1001 642
1587234934552 1001 643
1587234942583 1001 644
1587234950599 1001 645
1587234958602 1001 646
1587234966666 1001 647
1587234974659 1001 648
1587234982693 1001 649
1587234990719 1001 650
1587234998755 1001 651
1587235006793 1001 652
1587235014791 1001 653
1587235022880 1001 654
1587235030961 1001 655
1587235039250 1001 656
1587235047526 1001 657
1587235055545 1001 658
1587235063641 1001 659
1587235071885 1001 660
1587235079993 1001 661
1587235088071 1001 662
1587235096154 1001 663
1587235104300 1001 664
1587235112384 1001 665
1587235120459 1001 666
1587235128605 1001 667
1587235136750 1001 668
1587235144907 1001 669
1587235153048 1001 670
1587235161146 1001 671
1587235169251 1001 672
1587235177384 1001 673
1587235185490 1001 674
1587235193583 1001 675
1587235201787 1001 676
1587235209976 1001 677
1587235218241 1001 678
1587235226836 1001 679
1587235235146 1001 680
1587235243360 1001 681
1587235251562 1001 682
1587235259807 1001 683
1587235268080 1001 684
1587235276269 1001 685
1587235284485 1001 686
1587235292688 1001 687
1587235300899 1001 688
1587235309137 1001 689
1587235317351 1001 690
1587235325665 1001 691
1587235333945 1001 692
1587235342190 1001 693
1587235350434 1001 694
1587235358694 1001 695
1587235367010 1001 696
1587235375323 1001 697
1587235383684 1001 698
1587235391970 1001 699
1587235400916 1001 700
1587235409254 1001 701
1587235417596 1001 702
1587235425906 1001 703
1587235434209 1001 704
1587235442589 1001 705
1587235450944 1001 706
1587235459254 1001 707
1587235467541 1001 708
1587235475858 1001 709
1587235484163 1001 710
1587235492526 1001 711
1587235500904 1001 712
1587235509252 1001 713
1587235517598 1001 714
1587235525991 1001 715
1587235534375 1001 716
1587235542745 1001 717
1587235551142 1001 718
1587235559505 1001 719
1587235568023 1001 720
1587235576397 1001 721
1587235585161 1001 722
1587235593510 1001 723
1587235601871 1001 724
1587235610228 1001 725
1587235618583 1001 726
1587235627224 1001 727
1587235635681 1001 728
1587235644030 1001 729
1587235652369 1001 730
1587235660748 1001 731
1587235669112 1001 732
1587235677527 1001 733
1587235685996 1001 734
1587235694366 1001 735
1587235702749 1001 736
1587235711193 1001 737
1587235719669 1001 738
1587235728189 1001 739
1587235736775 1001 740
1587235745276 1001 741
1587235753688 1001 742
1587235762569 1001 743
1587235771002 1001 744
1587235779457 1001 745
1587235787931 1001 746
1587235796420 1001 747
1587235804939 1001 748
1587235813424 1001 749
1587235821872 1001 750
1587235830411 1001 751
1587235838924 1001 752
1587235847445 1001 753
1587235855952 1001 754
1587235864543 1001 755
1587235873085 1001 756
1587235881605 1001 757
1587235890120 1001 758
1587235898665 1001 759
1587235907352 1001 760
1587235915896 1001 761
1587235924553 1001 762
1587235933195 1001 763
1587235942150 1001 764
1587235950755 1001 765
1587235959327 1001 766
1587235967996 1001 767
1587235976551 1001 768
1587235985180 1001 769
1587235993793 1001 770
1587236002429 1001 771
1587236011088 1001 772
1587236019707 1001 773
1587236028332 1001 774
1587236036975 1001 775
1587236045657 1001 776
1587236054288 1001 777
1587236062895 1001 778
1587236071519 1001 779
1587236080312 1001 780
1587236088970 1001 781
1587236097678 1001 782
1587236106455 1001 783
1587236115133 1001 784
1587236124391 1001 785
1587236133015 1001 786
1587236141676 1001 787
1587236150324 1001 788
1587236158991 1001 789
1587236167797 1001 790
1587236176464 1001 791
1587236185169 1001 792
1587236193860 1001 793
1587236202590 1001 794
1587236211298 1001 795
1587236220029 1001 796
1587236228791 1001 797
1587236237557 1001 798
1587236246260 1001 799
1587236255109 1001 800
1587236263871 1001 801
1587236272612 1001 802
1587236281378 1001 803
1587236290174 1001 804
1587236299084 1001 805
1587236307983 1001 806
1587236316778 1001 807
1587236325596 1001 808
1587236334420 1001 809
1587236343259 1001 810
1587236352069 1001 811
1587236360899 1001 812
1587236369692 1001 813
1587236378467 1001 814
1587236387321 1001 815
1587236396177 1001 816
1587236405064 1001 817
1587236413917 1001 818
1587236422712 1001 819
1587236431635 1001 820
1587236440495 1001 821
1587236449321 1001 822
1587236458154 1001 823
1587236467037 1001 824
1587236475909 1001 825
1587236485205 1001 826
1587236494147 1001 827
1587236503040 1001 828
1587236511890 1001 829
1587236520792 1001 830
1587236529740 1001 831
1587236538655 1001 832
1587236547559 1001 833
1587236556495 1001 834
1587236565369 1001 835
1587236574282 1001 836
1587236583160 1001 837
1587236592161 1001 838
1587236601062 1001 839
1587236610061 1001 840
1587236618988 1001 841
1587236627934 1001 842
1587236636901 1001 843
1587236645927 1001 844
1587236654903 1001 845
1587236664255 1001 846
1587236673251 1001 847
1587236682247 1001 848
1587236691297 1001 849
1587236700345 1001 850
1587236709425 1001 851
1587236718484 1001 852
1587236727484 1001 853
1587236736538 1001 854
1587236745628 1001 855
1587236754714 1001 856
1587236763751 1001 857
1587236772742 1001 858
1587236781747 1001 859
1587236790889 1001 860
1587236799922 1001 861
1587236809018 1001 862
1587236818075 1001 863
1587236827165 1001 864
1587236836220 1001 865
1587236845695 1001 866
1587236854838 1001 867
1587236864007 1001 868
1587236873127 1001 869
1587236882310 1001 870
1587236891517 1001 871
1587236900684 1001 872
1587236909836 1001 873
1587236919008 1001 874
1587236928140 1001 875
1587236937284 1001 876
1587236946462 1001 877
1587236955619 1001 878
1587236964764 1001 879
1587236974043 1001 880
1587236983175 1001 881
1587236992369 1001 882
1587237001503 1001 883
1587237010799 1001 884
1587237020377 1001 885
1587237029588 1001 886
1587237038785 1001 887
1587237047958 1001 888
1587237057178 1001 889
1587237066471 1001 890
1587237075705 1001 891
1587237084913 1001 892
1587237094131 1001 893
1587237103382 1001 894
1587237112711 1001 895
1587237121987 1001 896
1587237131280 1001 897
1587237140539 1001 898
1587237149814 1001 899
1587237159276 1001 900
1587237168616 1001 901
1587237177856 1001 902
1587237187217 1001 903
1587237196577 1001 904
1587237206424 1001 905
1587237215720 1001 906
1587237225117 1001 907
1587237234411 1001 908
1587237243755 1001 909
1587237253108 1001 910
1587237262449 1001 911
1587237271765 1001 912
1587237281074 1001 913
1587237290424 1001 914
1587237299748 1001 915
1587237309133 1001 916
1587237318541 1001 917
1587237327877 1001 918
1587237337214 1001 919
1587237346689 1001 920
1587237355987 1001 921
1587237365316 1001 922
1587237374679 1001 923
1587237384492 1001 924
1587237393856 1001 925
1587237403289 1001 926
1587237412710 1001 927
1587237422038 1001 928
1587237431408 1001 929
1587237440821 1001 930
1587237450177 1001 931
1587237459516 1001 932
1587237468903 1001 933
1587237478182 1001 934
1587237487629 1001 935
1587237496996 1001 936
1587237506383 1001 937
1587237515796 1001 938
1587237525199 1001 939
1587237534791 1001 940
1587237544291 1001 941
1587237553716 1001 942
1587237563825 1001 943
1587237573236 1001 944
1587237582665 1001 945
1587237592130 1001 946
1587237601650 1001 947
1587237611148 1001 948
1587237620620 1001 949
1587237630104 1001 950
1587237639641 1001 951
1587237649167 1001 952
1587237658572 1001 953
1587237668137 1001 954
1587237677613 1001 955
1587237687123 1001 956
1587237696585 1001 957
1587237706111 1001 958
1587237715662 1001 959
1587237725333 1001 960
1587237734879 1001 961
1587237744820 1001 962
1587237754425 1001 963
1587237764097 1001 964
1587237773735 1001 965
1587237783222 1001 966
1587237792722 1001 967
1587237802280 1001 968
1587237811812 1001 969
1587237821378 1001 970
1587237830911 1001 971
1587237840471 1001 972
1587237850057 1001 973
1587237859651 1001 974
1587237869138 1001 975
1587237878681 1001 976
1587237888233 1001 977
1587237897856 1001 978
1587237907528 1001 979
1587237917288 1001 980
1587237927366 1001 981
1587237936990 1001 982
1587237946553 1001 983
1587237956112 1001 984
1587237965752 1001 985
1587237975343 1001 986
1587237984924 1001 987
1587237994585 1001 988
1587238004131 1001 989
1587238013785 1001 990
1587238023447 1001 991
1587238033083 1001 992
1587238042645 1001 993
1587238052191 1001 994
1587238061885 1001 995
1587238071545 1001 996
1587238081163 1001 997
1587238090811 1001 998
1587238100916 1001 999
1587238110778 1001 1000
1587238120549 1001 1001
1587238130239 1001 1002
1587238139928 1001 1003
1587238149644 1001 1004
1587238159278 1001 1005
1587238168971 1001 1006
1587238178655 1001 1007
1587238188295 1001 1008
1587238198008 1001 1009
1587238207722 1001 1010
1587238217407 1001 1011
1587238227052 1001 1012
1587238236732 1001 1013
1587238246431 1001 1014
1587238256170 1001 1015
1587238265894 1001 1016
1587238275600 1001 1017
1587238285642 1001 1018
1587238295426 1001 1019
1587238305223 1001 1020
1587238314919 1001 1021
1587238324632 1001 1022
1587238334299 1001 1023
1587238343991 1001 1024
1587238353744 1001 1025
1587238363484 1001 1026
1587238373167 1001 1027
1587238382967 1001 1028
1587238392707 1001 1029
1587238402443 1001 1030
1587238412187 1001 1031
1587238421917 1001 1032
1587238431616 1001 1033
1587238441249 1001 1034
1587238450933 1001 1035
1587238461039 1001 1036
1587238470749 1001 1037
1587238480421 1001 1038
1587238490133 1001 1039
1587238499976 1001 1040
1587238509693 1001 1041
1587238519379 1001 1042
1587238529054 1001 1043
1587238538781 1001 1044
1587238548474 1001 1045
1587238558173 1001 1046
1587238567878 1001 1047
1587238577616 1001 1048
1587238587226 1001 1049
1587238596962 1001 1050
1587238606709 1001 1051
1587238616670 1001 1052
1587238626584 1001 1053
1587238636646 1001 1054
1587238646832 1001 1055
1587238656676 1001 1056
1587238666479 1001 1057
1587238676335 1001 1058
1587238686226 1001 1059
1587238696219 1001 1060
1587238706074 1001 1061
1587238715947 1001 1062
1587238725848 1001 1063
1587238735656 1001 1064
1587238745497 1001 1065
1587238755334 1001 1066
1587238765192 1001 1067
1587238775107 1001 1068
1587238784970 1001 1069
1587238794897 1001 1070
1587238804885 1001 1071
1587238814849 1001 1072
1587238825210 1001 1073
1587238835078 1001 1074
1587238845142 1001 1075
1587238855162 1001 1076
1587238865071 1001 1077
1587238875060 1001 1078
1587238885029 1001 1079
1587238895142 1001 1080
1587238905065 1001 1081
1587238914897 1001 1082
1587238924794 1001 1083
1587238934600 1001 1084
1587238944532 1001 1085
1587238954486 1001 1086
1587238964303 1001 1087
1587238974244 1001 1088
1587238984293 1001 1089
1587238994246 1001 1090
1587239004517 1001 1091
1587239014436 1001 1092
1587239024297 1001 1093
1587239034178 1001 1094
1587239044097 1001 1095
1587239054002 1001 1096
1587239063869 1001 1097
1587239073717 1001 1098
1587239083631 1001 1099
1587239093704 1001 1100
1587239103752 1001 1101
1587239113658 1001 1102
1587239123499 1001 1103
1587239133421 1001 1104
1587239143270 1001 1105
1587239153333 1001 1106
1587239163182 1001 1107
1587239172965 1001 1108
1587239183253 1001 1109
1587239193079 1001 1110
1587239202929 1001 1111
1587239212685 1001 1112
1587239222431 1001 1113
1587239232107 1001 1114
1587239241879 1001 1115
1587239251603 1001 1116
1587239261354 1001 1117
1587239271106 1001 1118
1587239280866 1001 1119
1587239290854 1001 1120
1587239300680 1001 1121
1587239310381 1001 1122
1587239320177 1001 1123
1587239329890 1001 1124
1587239339635 1001 1125
1587239349351 1001 1126
1587239359142 1001 1127
1587239369025 1001 1128
1587239378814 1001 1129
1587239388606 1001 1130
1587239398408 1001 1131
1587239408175 1001 1132
1587239417937 1001 1133
1587239427680 1001 1134
1587239437413 1001 1135
1587239447180 1001 1136
1587239456913 1001 1137
1587239466635 1001 1138
1587239476357 1001 1139
1587239486224 1001 1140
1587239496021 1001 1141
1587239505772 1001 1142
1587239515560 1001 1143
1587239525334 1001 1144
1587239535098 1001 1145
1587239545356 1001 1146
1587239555252 1001 1147
1587239565012 1001 1148
1587239574789 1001 1149
1587239584606 1001 1150
1587239594431 1001 1151
1587239604273 1001 1152
1587239614113 1001 1153
1587239623944 1001 1154
1587239633844 1001 1155
1587239643711 1001 1156
1587239653499 1001 1157
1587239663354 1001 1158
1587239673209 1001 1159
1587239683152 1001 1160
1587239693006 1001 1161
1587239702801 1001 1162
1587239712744 1001 1163
1587239722956 1001 1164
1587239732795 1001 1165
1587239742659 1001 1166
1587239752451 1001 1167
1587239762371 1001 1168
1587239772254 1001 1169
1587239782105 1001 1170
1587239791943 1001 1171
1587239801715 1001 1172
1587239811660 1001 1173
1587239821625 1001 1174
1587239831625 1001 1175
1587239841718 1001 1176
1587239851827 1001 1177
1587239861821 1001 1178
1587239871753 1001 1179
1587239881914 1001 1180
1587239891969 1001 1181
1587239902179 1001 1182
1587239912107 1001 1183
1587239921986 1001 1184
1587239931921 1001 1185
1587239941852 1001 1186
1587239951790 1001 1187
1587239961764 1001 1188
1587239971624 1001 1189
1587239981536 1001 1190
1587239991432 1001 1191
1587240001306 1001 1192
1587240011280 1001 1193
1587240021152 1001 1194
1587240031048 1001 1195
1587240041002 1001 1196
1587240050970 1001 1197
1587240060846 1001 1198
1587240070849 1001 1199
1587240081366 1001 1200
1587240091398 1001 1201
1587240101313 1001 1202
1587240111297 1001 1203
1587240121325 1001 1204
1587240131313 1001 1205
1587240141346 1001 1206
1587240151327 1001 1207
1587240161331 1001 1208
1587240171343 1001 1209
1587240181260 1001 1210
1587240191234 1001 1211
1587240201241 1001 1212
1587240211230 1001 1213
1587240221201 1001 1214
1587240231172 1001 1215
1587240241131 1001 1216
1587240251121 1001 1217
1587240261552 1001 1218
1587240271498 1001 1219
1587240281612 1001 1220
1587240291581 1001 1221
1587240301557 1001 1222
1587240311512 1001 1223
1587240321368 1001 1224
1587240331302 1001 1225
1587240341149 1001 1226
1587240351071 1001 1227
1587240360948 1001 1228
1587240370972 1001 1229
1587240380928 1001 1230
1587240390941 1001 1231
1587240400981 1001 1232
1587240410869 1001 1233
1587240420776 1001 1234
1587240430679 1001 1235
1587240441084 1001 1236
1587240450954 1001 1237
1587240460877 1001 1238
1587240470616 1001 1239
1587240480511 1001 1240
1587240490296 1001 1241
1587240500080 1001 1242
1587240509769 1001 1243
1587240519489 1001 1244
1587240529220 1001 1245
1587240538916 1001 1246
1587240548620 1001 1247
1587240558330 1001 1248
1587240568114 1001 1249
1587240577875 1001 1250
1587240587585 1001 1251
1587240597357 1001 1252
1587240607094 1001 1253
1587240616880 1001 1254
1587240626842 1001 1255
1587240636566 1001 1256
1587240646235 1001 1257
1587240655986 1001 1258
1587240665758 1001 1259
1587240675668 1001 1260
1587240685415 1001 1261
1587240695211 1001 1262
1587240704992 1001 1263
1587240714765 1001 1264
1587240724575 1001 1265
1587240734347 1001 1266
1587240744030 1001 1267
1587240753801 1001 1268
1587240763517 1001 1269
1587240773184 1001 1270
1587240782986 1001 1271
1587240792742 1001 1272
1587240802746 1001 1273
1587240812479 1001 1274
1587240822154 1001 1275
1587240831875 1001 1276
1587240841561 1001 1277
1587240851257 1001 1278
1587240861069 1001 1279
1587240870856 1001 1280
1587240880545 1001 1281
1587240890267 1001 1282
1587240899998 1001 1283
1587240909749 1001 1284
1587240919522 1001 1285
1587240929293 1001 1286
1587240939032 1001 1287
1587240948767 1001 1288
1587240958473 1001 1289
1587240968265 1001 1290
1587240977967 1001 1291
1587240987857 1001 1292
1587240997573 1001 1293
1587241007264 1001 1294
1587241017076 1001 1295
1587241026888 1001 1296
1587241036621 1001 1297
1587241046364 1001 1298
1587241056029 1001 1299
1587241065911 1001 1300
1587241075907 1001 1301
1587241085669 1001 1302
1587241095405 1001 1303
1587241105162 1001 1304
1587241114959 1001 1305
1587241124709 1001 1306
1587241134463 1001 1307
1587241144256 1001 1308
1587241153922 1001 1309
1587241163971 1001 1310
1587241173712 1001 1311
1587241183482 1001 1312
1587241193243 1001 1313
1587241202949 1001 1314
1587241212635 1001 1315
1587241222222 1001 1316
1587241231937 1001 1317
1587241241662 1001 1318
1587241251362 1001 1319
1587241261175 1001 1320
1587241270897 1001 1321
1587241280624 1001 1322
1587241290302 1001 1323
1587241299939 1001 1324
1587241309602 1001 1325
1587241319227 1001 1326
1587241328946 1001 1327
1587241338753 1001 1328
1587241348603 1001 1329
1587241358370 1001 1330
1587241368036 1001 1331
1587241377787 1001 1332
1587241387468 1001 1333
1587241397165 1001 1334
1587241406841 1001 1335
1587241416623 1001 1336
1587241426363 1001 1337
1587241435973 1001 1338
1587241445654 1001 1339
1587241455476 1001 1340
1587241465128 1001 1341
1587241474744 1001 1342
1587241484411 1001 1343
1587241494158 1001 1344
1587241503866 1001 1345
1587241513657 1001 1346
1587241523753 1001 1347
1587241533423 1001 1348
1587241543145 1001 1349
1587241552817 1001 1350
1587241562552 1001 1351
1587241572272 1001 1352
1587241581955 1001 1353
1587241591640 1001 1354
1587241601396 1001 1355
1587241611020 1001 1356
1587241620672 1001 1357
1587241630361 1001 1358
1587241640063 1001 1359
1587241649842 1001 1360
1587241659537 1001 1361
1587241669193 1001 1362
1587241678843 1001 1363
1587241688527 1001 1364
1587241698300 1001 1365
1587241708272 1001 1366
1587241717906 1001 1367
1587241727530 1001 1368
1587241737117 1001 1369
1587241746768 1001 1370
1587241756475 1001 1371
1587241766176 1001 1372
1587241775811 1001 1373
1587241785484 1001 1374
1587241795197 1001 1375
1587241804837 1001 1376
1587241814498 1001 1377
1587241824164 1001 1378
1587241833825 1001 1379
1587241843681 1001 1380
1587241853408 1001 1381
1587241863037 1001 1382
1587241872734 1001 1383
1587241882688 1001 1384
1587241892413 1001 1385
1587241902060 1001 1386
1587241911749 1001 1387
1587241921406 1001 1388
1587241931048 1001 1389
1587241940649 1001 1390
1587241950241 1001 1391
1587241959856 1001 1392
1587241969498 1001 1393
1587241979166 1001 1394
1587241988907 1001 1395
1587241998681 1001 1396
1587242008274 1001 1397
1587242017927 1001 1398
1587242027626 1001 1399
1587242037490 1001 1400
1587242047290 1001 1401
1587242056999 1001 1402
1587242067113 1001 1403
1587242076737 1001 1404
1587242086348 1001 1405
1587242095996 1001 1406
1587242105682 1001 1407
1587242115336 1001 1408
1587242125010 1001 1409
1587242134633 1001 1410
1587242144302 1001 1411
1587242153917 1001 1412
1587242163584 1001 1413
1587242173244 1001 1414
1587242182897 1001 1415
1587242192563 1001 1416
1587242202196 1001 1417
1587242211951 1001 1418
1587242221723 1001 1419
1587242231646 1001 1420
1587242241736 1001 1421
1587242251544 1001 1422
1587242261380 1001 1423
1587242271168 1001 1424
1587242280929 1001 1425
1587242290786 1001 1426
1587242300632 1001 1427
1587242310412 1001 1428
1587242320157 1001 1429
1587242329986 1001 1430
1587242339765 1001 1431
1587242349669 1001 1432
1587242359540 1001 1433
1587242369350 1001 1434
1587242379150 1001 1435
1587242388896 1001 1436
1587242398643 1001 1437
1587242408505 1001 1438
1587242418413 1001 1439
1587242428658 1001 1440
1587242438419 1001 1441
1587242448143 1001 1442
1587242457975 1001 1443
1587242467821 1001 1444
1587242477638 1001 1445
1587242487421 1001 1446
1587242497229 1001 1447
1587242507065 1001 1448
1587242516883 1001 1449
1587242526637 1001 1450
1587242536390 1001 1451
1587242546137 1001 1452
1587242555930 1001 1453
1587242565754 1001 1454
1587242575668 1001 1455
1587242585631 1001 1456
1587242595670 1001 1457
1587242606258 1001 1458
1587242616251 1001 1459
1587242626410 1001 1460
1587242636318 1001 1461
1587242646303 1001 1462
1587242656277 1001 1463
1587242666288 1001 1464
1587242676218 1001 1465
1587242686217 1001 1466
1587242696105 1001 1467
1587242706044 1001 1468
1587242716030 1001 1469
1587242726055 1001 1470
1587242736012 1001 1471
1587242745988 1001 1472
1587242755972 1001 1473
1587242765985 1001 1474
1587242775937 1001 1475
1587242786416 1001 1476
1587242796334 1001 1477
1587242806245 1001 1478
1587242816094 1001 1479
1587242826224 1001 1480
1587242836191 1001 1481
1587242846131 1001 1482
1587242856014 1001 1483
1587242866001 1001 1484
1587242875981 1001 1485
1587242885925 1001 1486
1587242895886 1001 1487
1587242905843 1001 1488
1587242915853 1001 1489
1587242925839 1001 1490
1587242935825 1001 1491
1587242945843 1001 1492
1587242955815 1001 1493
1587242966217 1001 1494
1587242976193 1001 1495
1587242986181 1001 1496
1587242996226 1001 1497
1587243006220 1001 1498
1587243016157 1001 1499
1587243026306 1001 1500
1587243036373 1001 1501
1587243046297 1001 1502
1587243056254 1001 1503
1587243066134 1001 1504
1587243076175 1001 1505
1587243086149 1001 1506
1587243096049 1001 1507
1587243106009 1001 1508
1587243115979 1001 1509
1587243125905 1001 1510
1587243135874 1001 1511
1587243146159 1001 1512
1587243156147 1001 1513
1587243166078 1001 1514
1587243175988 1001 1515
1587243185923 1001 1516
1587243195848 1001 1517
1587243205775 1001 1518
1587243215684 1001 1519
1587243225760 1001 1520
1587243235754 1001 1521
1587243245717 1001 1522
1587243255626 1001 1523
1587243265545 1001 1524
1587243275436 1001 1525
1587243285435 1001 1526
1587243295357 1001 1527
1587243305382 1001 1528
1587243315357 1001 1529
1587243325739 1001 1530
1587243335657 1001 1531
1587243345584 1001 1532
1587243355528 1001 1533
1587243365499 1001 1534
1587243375458 1001 1535
1587243385410 1001 1536
1587243395363 1001 1537
1587243405347 1001 1538
1587243415166 1001 1539
1587243425174 1001 1540
1587243434986 1001 1541
1587243444773 1001 1542
1587243454619 1001 1543
1587243464441 1001 1544
1587243474232 1001 1545
1587243484090 1001 1546
1587243493910 1001 1547
1587243504145 1001 1548
1587243513932 1001 1549
1587243523786 1001 1550
1587243533564 1001 1551
1587243543361 1001 1552
1587243553242 1001 1553
1587243563050 1001 1554
1587243572903 1001 1555
1587243582799 1001 1556
1587243592667 1001 1557
1587243602597 1001 1558
1587243612385 1001 1559
1587243622337 1001 1560
1587243632193 1001 1561
1587243642053 1001 1562
1587243651857 1001 1563
1587243661667 1001 1564
1587243671603 1001 1565
1587243681921 1001 1566
1587243691700 1001 1567
1587243701577 1001 1568
1587243711436 1001 1569
1587243721233 1001 1570
1587243731061 1001 1571
1587243740840 1001 1572
1587243750690 1001 1573
1587243760524 1001 1574
1587243770366 1001 1575
1587243780166 1001 1576
1587243789985 1001 1577
1587243799792 1001 1578
1587243809670 1001 1579
1587243819686 1001 1580
1587243829544 1001 1581
1587243839334 1001 1582
1587243849198 1001 1583
1587243859191 1001 1584
1587243869133 1001 1585
1587243878919 1001 1586
1587243888810 1001 1587
1587243898651 1001 1588
1587243908414 1001 1589
1587243918246 1001 1590
1587243928077 1001 1591
1587243938011 1001 1592
1587243947901 1001 1593
1587243957770 1001 1594
1587243967551 1001 1595
1587243977413 1001 1596
1587243987232 1001 1597
1587243997110 1001 1598
1587244006907 1001 1599
1587244016905 1001 1600
1587244026882 1001 1601
1587244036761 1001 1602
1587244046883 1001 1603
1587244056737 1001 1604
1587244066630 1001 1605
1587244076456 1001 1606
1587244086347 1001 1607
1587244096185 1001 1608
1587244106041 1001 1609
1587244115884 1001 1610
1587244125734 1001 1611
1587244135560 1001 1612
1587244145372 1001 1613
1587244155161 1001 1614
1587244165002 1001 1615
1587244174844 1001 1616
1587244184633 1001 1617
1587244194449 1001 1618
1587244204394 1001 1619
1587244214331 1001 1620
1587244224389 1001 1621
1587244234198 1001 1622
1587244243997 1001 1623
1587244253742 1001 1624
1587244263527 1001 1625
1587244273400 1001 1626
1587244283207 1001 1627
1587244293020 1001 1628
1587244302791 1001 1629
1587244312734 1001 1630
1587244322578 1001 1631
1587244332377 1001 1632
1587244342079 1001 1633
1587244351858 1001 1634
1587244361638 1001 1635
1587244371424 1001 1636
1587244381239 1001 1637
1587244391006 1001 1638
1587244401199 1001 1639
1587244411131 1001 1640
1587244420959 1001 1641
1587244430745 1001 1642
1587244440542 1001 1643
1587244450365 1001 1644
1587244460124 1001 1645
1587244469940 1001 1646
1587244479751 1001 1647
1587244489596 1001 1648
1587244499364 1001 1649
1587244509236 1001 1650
1587244519049 1001 1651
1587244528910 1001 1652
1587244538702 1001 1653
1587244548506 1001 1654
1587244558279 1001 1655
1587244568079 1001 1656
1587244578009 1001 1657
1587244588138 1001 1658
1587244597951 1001 1659
1587244607970 1001 1660
1587244617826 1001 1661
1587244627652 1001 1662
1587244637425 1001 1663
1587244647178 1001 1664
1587244656926 1001 1665
1587244666789 1001 1666
1587244676593 1001 1667
1587244686316 1001 1668
1587244696094 1001 1669
1587244705844 1001 1670
1587244715628 1001 1671
1587244725519 1001 1672
1587244735346 1001 1673
1587244745307 1001 1674
1587244755206 1001 1675
1587244765578 1001 1676
1587244775482 1001 1677
1587244785416 1001 1678
1587244795359 1001 1679
1587244805470 1001 1680
1587244815426 1001 1681
1587244825407 1001 1682
1587244835328 1001 1683
1587244845222 1001 1684
1587244855107 1001 1685
1587244864994 1001 1686
1587244874962 1001 1687
1587244884803 1001 1688
1587244894737 1001 1689
1587244904678 1001 1690
1587244914631 1001 1691
1587244924584 1001 1692
1587244934483 1001 1693
1587244944856 1001 1694
1587244954801 1001 1695
1587244964683 1001 1696
1587244974648 1001 1697
1587244984571 1001 1698
1587244994511 1001 1699
1587245004649 1001 1700
1587245014619 1001 1701
1587245024460 1001 1702
1587245034393 1001 1703
1587245044377 1001 1704
1587245054269 1001 1705
1587245064119 1001 1706
1587245074064 1001 1707
1587245084068 1001 1708
1587245094076 1001 1709
1587245104025 1001 1710
1587245113993 1001 1711
1587245124411 1001 1712
1587245134335 1001 1713
1587245144266 1001 1714
1587245154204 1001 1715
1587245164118 1001 1716
1587245174113 1001 1717
1587245184084 1001 1718
1587245194047 1001 1719
1587245204166 1001 1720
1587245214314 1001 1721
1587245224529 1001 1722
1587245234677 1001 1723
1587245244874 1001 1724
1587245255024 1001 1725
1587245265293 1001 1726
1587245275473 1001 1727
1587245285641 1001 1728
1587245295821 1001 1729
1587245306457 1001 1730
1587245316699 1001 1731
1587245326947 1001 1732
1587245337239 1001 1733
1587245347565 1001 1734
1587245357756 1001 1735
1587245367960 1001 1736
1587245378184 1001 1737
1587245388353 1001 1738
1587245398424 1001 1739
1587245408797 1001 1740
1587245418963 1001 1741
1587245429195 1001 1742
1587245439496 1001 1743
1587245449819 1001 1744
1587245460094 1001 1745
1587245470411 1001 1746
1587245480958 1001 1747
1587245491175 1001 1748
1587245501439 1001 1749
1587245511665 1001 1750
1587245522008 1001 1751
1587245532348 1001 1752
1587245542572 1001 1753
1587245552894 1001 1754
