1587230590625 0.0 1
1587230596454 0.36999999172985554 2
1587230602306 0.549999987706542 3
1587230608149 0.23999999463558197 4
1587230613995 0.19999999552965164 5
1587230619881 0.1699999962002039 6
1587230625755 0.8999999798834324 7
1587230631643 0.0 8
1587230637515 0.0 9
1587230643457 0.1099999975413084 10
1587230649370 0.0 11
1587230655245 0.0 12
1587230661128 0.3799999915063381 13
1587230667020 0.019999999552965164 14
1587230672914 0.7399999834597111 15
1587230678834 0.29999999329447746 16
1587230684740 1.099999975413084 17
1587230690633 0.789999982342124 18
1587230696541 0.29999999329447746 19
1587230702547 0.0 20
1587230708484 0.0 21
1587230714429 0.12999999709427357 22
1587230720944 1.7199999615550041 23
1587230726867 0.3799999915063381 24
1587230732783 0.12999999709427357 25
1587230738697 0.08999999798834324 26
1587230744602 0.08999999798834324 27
1587230750541 0.0 28
1587230756448 0.0 29
1587230762404 0.03999999910593033 30
1587230768369 0.2299999948590994 31
1587230774282 0.0 32
1587230780189 0.3499999921768904 33
1587230786109 0.1099999975413084 34
1587230792067 0.42999999038875103 35
1587230798002 0.23999999463558197 36
1587230803945 0.0 37
1587230809948 0.03999999910593033 38
1587230815891 0.18999999575316906 39
1587230821919 0.30999999307096004 40
1587230827883 0.06999999843537807 41
1587230833838 2.5899999421089888 42
1587230839794 0.06999999843537807 43
1587230845761 1.0399999767541885 44
1587230851716 2.0499999541789293 45
1587230857696 0.1599999964237213 46
1587230863687 1.4199999682605267 47
1587230869674 0.8599999807775021 48
1587230875675 0.6799999848008156 49
1587230881673 0.7799999825656414 50
1587230887664 1.2299999725073576 51
1587230893658 1.1299999747425318 52
1587230899940 0.8899999801069498 53
1587230906038 0.9599999785423279 54
1587230912037 0.5999999865889549 55
1587230918044 0.3199999928474426 56
1587230924054 1.099999975413084 57
1587230930059 0.3399999924004078 58
1587230936049 1.1799999736249447 59
1587230942135 0.4599999897181988 60
1587230948114 1.1099999751895666 61
1587230954129 0.3399999924004078 62
1587230960128 0.30999999307096004 63
1587230966102 0.42999999038875103 64
1587230972090 0.5199999883770943 65
1587230978118 2.1699999514967203 66
1587230984132 0.2299999948590994 67
1587230990143 0.0 68
1587230996146 1.2099999729543924 69
1587231002178 2.079999953508377 70
1587231008210 1.81999995931983 71
1587231014227 0.5799999870359898 72
1587231020262 0.8699999805539846 73
1587231026270 0.46999998949468136 74
1587231032287 1.1099999751895666 75
1587231038311 0.24999999441206455 76
1587231044343 0.04999999888241291 77
1587231050386 0.5899999868124723 78
1587231056395 0.7699999827891588 79
1587231062501 1.5599999651312828 80
1587231068527 2.1399999521672726 81
1587231074523 0.9299999792128801 82
1587231081063 1.5499999653548002 83
1587231087081 0.7999999821186066 84
1587231093108 1.5199999660253525 85
1587231099156 2.6899999398738146 86
1587231105175 0.3899999912828207 87
1587231111217 1.0499999765306711 88
1587231117279 0.8499999810010195 89
1587231123368 1.8699999582022429 90
1587231129411 2.1399999521672726 91
1587231135461 1.889999957755208 92
1587231141532 0.8199999816715717 93
1587231147591 0.3499999921768904 94
1587231153658 1.2399999722838402 95
1587231159704 1.2099999729543924 96
1587231165748 0.9699999783188105 97
1587231171813 0.5799999870359898 98
1587231177839 1.3699999693781137 99
1587231183983 1.6099999640136957 100
1587231190029 1.1199999749660492 101
1587231196076 3.4999999217689037 102
1587231202162 1.7999999597668648 103
1587231208234 0.9599999785423279 104
1587231214285 0.05999999865889549 105
1587231220381 2.0399999544024467 106
1587231226460 2.819999936968088 107
1587231232568 3.01999993249774 108
1587231238639 2.43999994546175 109
1587231244785 1.9499999564141035 110
1587231250867 1.0799999758601189 111
1587231256947 2.1899999510496855 112
1587231263455 1.149999974295497 113
1587231269527 0.6399999856948853 114
1587231275624 1.1099999751895666 115
1587231281704 1.1399999745190144 116
1587231287797 1.9699999559670687 117
1587231293883 0.979999978095293 118
1587231299962 1.339999970048666 119
1587231306164 1.8499999586492777 120
1587231312251 1.3099999707192183 121
1587231318329 1.8299999590963125 122
1587231324493 2.919999934732914 123
1587231330594 2.0199999548494816 124
1587231336705 2.6899999398738146 125
1587231342801 1.4199999682605267 126
1587231348896 2.2599999494850636 127
1587231355014 1.699999962002039 128
1587231361123 2.919999934732914 129
1587231367264 1.839999958872795 130
1587231373365 2.0999999530613422 131
1587231379481 1.289999971166253 132
1587231385593 2.2899999488145113 133
1587231391725 1.9799999557435513 134
1587231397856 2.059999953955412 135
1587231403975 2.74999993853271 136
1587231410100 2.7399999387562275 137
1587231416200 1.5599999651312828 138
1587231422326 2.679999940097332 139
1587231428537 2.2099999506026506 140
1587231434652 2.74999993853271 141
1587231441271 2.6699999403208494 142
1587231447455 0.8899999801069498 143
1587231453624 4.249999905005097 144
1587231459742 1.0799999758601189 145
1587231465881 5.219999883323908 146
1587231471978 2.3799999468028545 147
1587231478089 2.5699999425560236 148
1587231484296 1.2499999720603228 149
1587231490461 3.2199999280273914 150
1587231496613 4.209999905899167 151
1587231502730 2.339999947696924 152
1587231508857 1.7899999599903822 153
1587231514978 1.9199999570846558 154
1587231521083 2.969999933615327 155
1587231527206 2.0699999537318945 156
1587231533346 1.6599999628961086 157
1587231539480 2.559999942779541 158
1587231545636 1.6899999622255564 159
1587231551829 2.4299999456852674 160
1587231557965 2.4799999445676804 161
1587231564109 1.6899999622255564 162
1587231570248 0.6099999863654375 163
1587231576404 1.2999999709427357 164
1587231582563 2.9799999333918095 165
1587231588734 1.7099999617785215 166
1587231594926 2.389999946579337 167
1587231601111 0.5199999883770943 168
1587231607318 3.6499999184161425 169
1587231613464 1.389999968931079 170
1587231619919 4.239999905228615 171
1587231626162 2.079999953508377 172
1587231632315 1.7199999615550041 173
1587231638458 1.9799999557435513 174
1587231644607 1.4499999675899744 175
1587231650753 0.9399999789893627 176
1587231656905 2.299999948590994 177
1587231663094 3.1899999286979437 178
1587231669288 3.449999922886491 179
1587231675528 3.779999915510416 180
1587231681694 2.0399999544024467 181
1587231687865 1.7599999606609344 182
1587231694047 3.399999924004078 183
1587231700221 3.1499999295920134 184
1587231706382 1.9199999570846558 185
1587231712547 3.1199999302625656 186
1587231718711 2.5199999436736107 187
1587231725147 4.52999989874661 188
1587231732118 6.469999855384231 189
1587231739350 2.7099999394267797 190
1587231746587 4.0799999088048935 191
1587231753554 2.009999955072999 192
1587231760141 2.559999942779541 193
1587231766699 4.419999901205301 194
1587231773265 5.869999868795276 195
1587231779661 3.1999999284744263 196
1587231786149 4.059999909251928 197
1587231792656 1.2999999709427357 198
1587231799444 3.8099999148398638 199
1587231806252 2.659999940544367 200
1587231812799 1.5599999651312828 201
1587231819331 4.52999989874661 202
1587231825937 4.149999907240272 203
1587231832466 2.2899999488145113 204
1587231839053 3.919999912381172 205
1587231845633 14.149999683722854 206
1587231852201 2.729999938979745 207
1587231858788 1.8999999575316906 208
1587231865456 4.029999909922481 209
1587231872010 4.419999901205301 210
1587231878506 2.419999945908785 211
1587231884917 1.5399999655783176 212
1587231891159 4.499999899417162 213
1587231897407 6.499999854713678 214
1587231903660 2.2899999488145113 215
1587231909896 4.25999990478158 216
1587231916132 4.349999902769923 217
1587231922359 3.229999927803874 218
1587231928615 15.849999645724893 219
1587231934949 3.089999930933118 220
1587231941170 3.7499999161809683 221
1587231947428 8.189999816939235 222
1587231953685 1.289999971166253 223
1587231959930 3.0699999313801527 224
1587231966222 2.729999938979745 225
1587231972481 3.7699999157339334 226
1587231978968 3.1699999291449785 227
1587231985469 4.899999890476465 228
1587231991763 20.009999552741647 229
1587231998071 2.899999935179949 230
1587232004360 8.51999980956316 231
1587232010663 2.74999993853271 232
1587232016958 4.549999898299575 233
1587232023267 5.749999871477485 234
1587232029599 3.4299999233335257 235
1587232035922 3.5999999195337296 236
1587232042256 2.6199999414384365 237
1587232048612 5.379999879747629 238
1587232054978 5.029999887570739 239
1587232061396 5.8499998692423105 240
1587232067709 3.9299999121576548 241
1587232074026 3.349999925121665 242
1587232080338 2.319999948143959 243
1587232086698 4.469999900087714 244
1587232093036 3.8599999137222767 245
1587232099391 3.039999932050705 246
1587232105746 3.779999915510416 247
1587232112111 8.709999805316329 248
1587232118437 4.909999890252948 249
1587232124800 3.8599999137222767 250
1587232131155 4.3199999034404755 251
1587232137543 3.7699999157339334 252
1587232143927 2.8799999356269836 253
1587232150264 3.179999928921461 254
1587232156652 0.5399999879300594 255
1587232163673 3.9099999126046896 256
1587232170035 2.779999937862158 257
1587232176408 6.679999850690365 258
1587232182784 2.0899999532848597 259
1587232189233 2.0499999541789293 260
1587232195605 2.149999951943755 261
1587232202004 1.2999999709427357 262
1587232208402 3.4999999217689037 263
1587232214792 3.4099999237805605 264
1587232221184 2.539999943226576 265
1587232227579 4.059999909251928 266
1587232233977 5.76999987103045 267
1587232240378 4.5099998991936445 268
1587232246794 6.369999857619405 269
1587232253216 2.4299999456852674 270
1587232259620 2.779999937862158 271
1587232266043 4.979999888688326 272
1587232272478 3.8199999146163464 273
1587232278894 3.0699999313801527 274
1587232285310 3.9399999119341373 275
1587232291720 6.909999845549464 276
1587232298158 3.9299999121576548 277
1587232304597 10.14999977312982 278
1587232311019 4.959999889135361 279
1587232317545 4.139999907463789 280
1587232324043 5.859999869018793 281
1587232330514 3.399999924004078 282
1587232336991 9.359999790787697 283
1587232344062 2.2199999503791332 284
1587232350514 2.4299999456852674 285
1587232357010 7.059999842196703 286
1587232363521 4.279999904334545 287
1587232369970 3.4399999231100082 288
1587232376429 3.0299999322742224 289
1587232382923 4.179999906569719 290
1587232389425 7.579999830573797 291
1587232395910 4.669999895617366 292
1587232402435 4.649999896064401 293
1587232408956 3.279999926686287 294
1587232415471 1.6299999635666609 295
1587232421994 1.9699999559670687 296
1587232428533 4.309999903663993 297
1587232435071 6.029999865218997 298
1587232441681 4.2699999045580626 299
1587232448308 2.8099999371916056 300
1587232454935 3.9399999119341373 301
1587232461451 1.7899999599903822 302
1587232467968 2.799999937415123 303
1587232474496 3.609999919310212 304
1587232481048 3.1899999286979437 305
1587232487568 8.719999805092812 306
1587232494103 4.379999902099371 307
1587232500625 5.209999883547425 308
1587232507231 6.459999855607748 309
1587232513807 7.239999838173389 310
1587232520846 3.5299999210983515 311
1587232527396 4.279999904334545 312
1587232534016 2.9999999329447746 313
1587232540607 5.919999867677689 314
1587232547176 2.4699999447911978 315
1587232553758 2.6699999403208494 316
1587232560348 0.46999998949468136 317
1587232566993 3.129999930039048 318
1587232573607 2.9099999349564314 319
1587232580307 2.7399999387562275 320
1587232586902 3.6699999179691076 321
1587232593524 0.20999999530613422 322
1587232600173 4.159999907016754 323
1587232606798 5.669999873265624 324
1587232613412 3.4599999226629734 325
1587232620044 2.6199999414384365 326
1587232626681 5.199999883770943 327
1587232633326 20.79999953508377 328
1587232639968 3.3199999257922173 329
1587232646614 3.67999991774559 330
1587232653254 5.439999878406525 331
1587232659929 1.7299999613314867 332
1587232666556 9.649999784305692 333
1587232673181 2.939999934285879 334
1587232679815 1.5999999642372131 335
1587232686517 2.229999950155616 336
1587232693217 5.619999874383211 337
1587232700398 3.8099999148398638 338
1587232707062 2.6899999398738146 339
1587232713805 4.349999902769923 340
1587232720460 3.7699999157339334 341
1587232727093 4.229999905452132 342
1587232733749 7.819999825209379 343
1587232740396 6.829999847337604 344
1587232747070 3.1399999298155308 345
1587232753716 6.419999856501818 346
1587232760370 2.609999941661954 347
1587232767042 4.929999889805913 348
1587232773704 2.7599999383091927 349
1587232780408 3.3299999255687 350
1587232787128 4.459999900311232 351
1587232793835 2.2599999494850636 352
1587232800546 5.709999872371554 353
1587232807315 2.869999935850501 354
1587232814035 3.3199999257922173 355
1587232820733 4.3899999018758535 356
1587232827452 2.4999999441206455 357
1587232834146 5.669999873265624 358
1587232840864 5.379999879747629 359
1587232847672 3.689999917522073 360
1587232854408 3.1899999286979437 361
1587232861163 5.7299998719245195 362
1587232867921 3.6999999172985554 363
1587232874646 4.309999903663993 364
1587232881929 6.509999854490161 365
1587232888705 4.029999909922481 366
1587232895467 7.299999836832285 367
1587232902210 9.419999789446592 368
1587232908950 5.599999874830246 369
1587232915715 6.249999860301614 370
1587232922521 5.339999880641699 371
1587232929274 2.1199999526143074 372
1587232936050 5.349999880418181 373
1587232942841 4.579999897629023 374
1587232949626 4.229999905452132 375
1587232956384 5.649999873712659 376
1587232963176 3.299999926239252 377
1587232969943 1.0499999765306711 378
1587232976745 5.259999882429838 379
1587232983642 7.349999835714698 380
1587232990444 0.40999999083578587 381
1587232997269 5.309999881312251 382
1587233004110 6.849999846890569 383
1587233010944 5.049999887123704 384
1587233017764 1.3499999698251486 385
1587233024584 7.6199998296797276 386
1587233031448 4.329999903216958 387
1587233038270 4.789999892935157 388
1587233045155 1.4999999664723873 389
1587233052016 2.4299999456852674 390
1587233059122 6.889999845996499 391
1587233066241 3.4799999222159386 392
1587233073120 2.799999937415123 393
1587233079991 1.7799999602138996 394
1587233086843 4.149999907240272 395
1587233093702 4.369999902322888 396
1587233100559 1.2499999720603228 397
1587233107472 9.5299997869879 398
1587233114360 3.3299999255687 399
1587233121317 6.589999852702022 400
1587233128202 7.839999824762344 401
1587233135063 2.149999951943755 402
1587233141929 6.379999857395887 403
1587233148804 3.1699999291449785 404
1587233155687 3.3599999248981476 405
1587233162627 6.679999850690365 406
1587233169533 4.759999893605709 407
1587233176440 3.799999915063381 408
1587233183322 2.319999948143959 409
1587233190221 4.409999901428819 410
1587233197117 7.379999835044146 411
1587233204031 3.569999920204282 412
1587233210961 4.419999901205301 413
1587233217917 3.3899999242275953 414
1587233225077 8.999999798834324 415
1587233232047 3.229999927803874 416
1587233239384 5.18999988399446 417
1587233246507 3.7699999157339334 418
1587233253502 6.419999856501818 419
1587233260578 10.049999775364995 420
1587233267589 4.669999895617366 421
1587233274544 3.8899999130517244 422
1587233281507 7.989999821409583 423
1587233288497 4.179999906569719 424
1587233295473 3.2599999271333218 425
1587233302428 9.94999977760017 426
1587233309403 5.5399998761713505 427
1587233316413 4.099999908357859 428
1587233323394 5.869999868795276 429
1587233330403 3.0699999313801527 430
1587233337390 3.709999917075038 431
1587233344427 5.309999881312251 432
1587233351419 5.559999875724316 433
1587233358428 5.22999988310039 434
1587233365434 5.219999883323908 435
1587233372458 7.409999834373593 436
1587233379466 7.179999839514494 437
1587233386485 3.6699999179691076 438
1587233393541 7.239999838173389 439
1587233400653 4.349999902769923 440
1587233407765 4.60999989695847 441
1587233414799 4.029999909922481 442
1587233422532 3.689999917522073 443
1587233429604 2.989999933168292 444
1587233436667 5.649999873712659 445
1587233443726 3.3899999242275953 446
1587233450782 5.6099998746067286 447
1587233457855 4.29999990388751 448
1587233464968 4.9899998884648085 449
1587233472038 6.289999859407544 450
1587233479121 7.869999824091792 451
1587233486179 16.34999963454902 452
1587233493263 4.019999910145998 453
1587233500361 6.4299998562783 454
1587233507464 6.139999862760305 455
1587233514583 4.289999904111028 456
1587233521704 5.519999876618385 457
1587233528850 5.7799998708069324 458
1587233535977 6.0899998638778925 459
1587233543169 5.8499998692423105 460
1587233550305 3.799999915063381 461
1587233557417 6.139999862760305 462
1587233564547 2.4099999461323023 463
1587233571698 4.159999907016754 464
1587233578844 4.56999989785254 465
1587233586016 6.2799998596310616 466
1587233593202 6.899999845772982 467
1587233600916 5.839999869465828 468
1587233608055 6.729999849572778 469
1587233615229 5.14999988488853 470
1587233622396 11.729999737814069 471
1587233629544 6.799999848008156 472
1587233636712 7.469999833032489 473
1587233643946 6.689999850466847 474
1587233651120 3.3799999244511127 475
1587233658295 3.3399999253451824 476
1587233665521 5.719999872148037 477
1587233672742 4.899999890476465 478
1587233679924 7.749999826774001 479
1587233687218 5.819999869912863 480
1587233694430 3.709999917075038 481
1587233701649 6.989999843761325 482
1587233708877 7.369999835267663 483
1587233716062 4.289999904111028 484
1587233723292 6.669999850913882 485
1587233730567 9.13999979570508 486
1587233737803 5.649999873712659 487
1587233745077 5.119999885559082 488
1587233752296 4.0799999088048935 489
1587233759562 6.179999861866236 490
1587233766848 5.099999886006117 491
1587233774097 4.289999904111028 492
1587233781846 5.76999987103045 493
1587233789148 6.049999864771962 494
1587233796447 5.999999865889549 495
1587233803733 5.099999886006117 496
1587233811046 4.369999902322888 497
1587233818418 3.7399999164044857 498
1587233825772 5.469999877735972 499
1587233833226 6.509999854490161 500
1587233840582 5.669999873265624 501
1587233847878 5.599999874830246 502
1587233855214 5.739999871701002 503
1587233862557 5.429999878630042 504
1587233869879 5.7299998719245195 505
1587233877198 3.2699999269098043 506
1587233884541 7.749999826774001 507
1587233891889 7.169999839738011 508
1587233899222 3.969999911263585 509
1587233906592 4.519999898970127 510
1587233913943 8.919999800622463 511
1587233921274 6.059999864548445 512
1587233928637 8.069999819621444 513
1587233936019 4.499999899417162 514
1587233943421 0.8499999810010195 515
1587233950809 5.5399998761713505 516
1587233958293 4.009999910369515 517
1587233966070 5.799999870359898 518
1587233973438 3.67999991774559 519
1587233980941 4.729999894276261 520
1587233988370 8.239999815821648 521
1587233995781 4.099999908357859 522
1587234003198 5.699999872595072 523
1587234010682 6.159999862313271 524
1587234018107 6.709999850019813 525
1587234025560 6.669999850913882 526
1587234033052 4.929999889805913 527
1587234040479 2.6899999398738146 528
1587234047930 1.6399999633431435 529
1587234055402 7.149999840185046 530
1587234062924 15.439999654889107 531
1587234070467 5.14999988488853 532
1587234077977 5.899999868124723 533
1587234085453 6.049999864771962 534
1587234092937 4.829999892041087 535
1587234100417 7.439999833703041 536
1587234107912 3.709999917075038 537
1587234115370 6.569999853149056 538
1587234122903 3.349999925121665 539
1587234130519 3.9799999110400677 540
1587234138087 6.149999862536788 541
1587234146057 4.469999900087714 542
1587234153576 6.03999986499548 543
1587234161078 7.369999835267663 544
1587234168577 4.719999894499779 545
1587234176131 4.129999907687306 546
1587234183676 5.8499998692423105 547
1587234191211 5.599999874830246 548
1587234198721 3.469999922439456 549
1587234206285 9.459999788552523 550
1587234213836 6.419999856501818 551
1587234221413 7.6699998285621405 552
1587234229134 5.799999870359898 553
1587234236677 5.919999867677689 554
1587234244260 5.069999886676669 555
1587234251839 7.909999823197722 556
1587234259466 7.249999837949872 557
1587234267088 4.809999892488122 558
1587234274631 15.279999658465385 559
1587234282340 5.369999879971147 560
1587234289945 4.729999894276261 561
1587234297519 4.289999904111028 562
1587234305242 3.4399999231100082 563
1587234312892 2.9099999349564314 564
1587234321057 5.909999867901206 565
1587234328721 3.6499999184161425 566
1587234336432 5.099999886006117 567
1587234344137 5.519999876618385 568
1587234351785 2.4799999445676804 569
1587234359486 6.549999853596091 570
1587234367258 3.94999991171062 571
1587234375004 6.269999859854579 572
1587234382706 6.3299998585134745 573
1587234390388 3.05999993160367 574
1587234398051 5.399999879300594 575
1587234405753 7.479999832808971 576
1587234413438 7.04999984242022 577
1587234421176 6.489999854937196 578
1587234428937 3.4799999222159386 579
1587234436760 4.059999909251928 580
1587234444484 4.819999892264605 581
1587234452226 3.129999930039048 582
1587234459970 5.649999873712659 583
1587234467713 5.829999869689345 584
1587234475410 3.129999930039048 585
1587234483234 2.8099999371916056 586
1587234491018 17.529999608173966 587
1587234498909 6.5199998542666435 588
1587234507030 9.09999979659915 589
1587234514753 5.9699998665601015 590
1587234522517 1.5599999651312828 591
1587234530273 2.819999936968088 592
1587234538061 2.9299999345093966 593
1587234545865 4.769999893382192 594
1587234553621 4.4399999007582664 595
1587234561421 5.989999866113067 596
1587234569225 1.8099999595433474 597
1587234577028 3.899999912828207 598
1587234584799 3.9799999110400677 599
1587234592728 3.9299999121576548 600
1587234600604 3.6999999172985554 601
1587234608524 7.27999983727932 602
1587234616376 5.569999875500798 603
1587234624224 3.9299999121576548 604
1587234632061 2.9499999340623617 605
1587234639871 4.029999909922481 606
1587234647715 8.28999981470406 607
1587234655551 5.439999878406525 608
1587234663456 5.479999877512455 609
1587234671370 7.809999825432897 610
1587234679502 3.0299999322742224 611
1587234687539 6.8799998462200165 612
1587234695397 4.3199999034404755 613
1587234703269 4.519999898970127 614
1587234711147 3.899999912828207 615
1587234719029 3.2699999269098043 616
1587234726967 4.799999892711639 617
1587234734853 6.629999851807952 618
1587234742781 12.129999728873372 619
1587234750833 3.709999917075038 620
1587234758739 3.2399999275803566 621
1587234766641 3.899999912828207 622
1587234774577 4.119999907910824 623
1587234782545 4.109999908134341 624
1587234790504 2.6899999398738146 625
1587234798488 3.0799999311566353 626
1587234806444 4.019999910145998 627
1587234814403 6.0899998638778925 628
1587234822328 2.579999942332506 629
1587234830275 5.879999868571758 630
1587234838280 24.579999450594187 631
1587234846261 6.549999853596091 632
1587234854217 8.309999814257026 633
1587234862556 6.249999860301614 634
1587234870534 3.2399999275803566 635
1587234878441 0.2699999939650297 636
1587234886451 1.6299999635666609 637
1587234894433 3.0699999313801527 638
1587234902454 2.3799999468028545 639
1587234910591 6.779999848455191 640
1587234918581 7.219999838620424 641
1587234926548 4.399999901652336 642
1587234934552 2.799999937415123 643
1587234942583 4.109999908134341 644
1587234950599 7.769999826326966 645
1587234958602 7.269999837502837 646
1587234966666 4.539999898523092 647
1587234974659 2.7199999392032623 648
1587234982693 8.659999806433916 649
1587234990719 1.4199999682605267 650
1587234998755 3.919999912381172 651
1587235006793 3.4599999226629734 652
1587235014791 7.339999835938215 653
1587235022880 6.319999858736992 654
1587235030961 11.649999739602208 655
1587235039250 8.24999981559813 656
1587235047526 5.069999886676669 657
1587235055545 5.329999880865216 658
1587235063641 5.139999885112047 659
1587235071885 4.359999902546406 660
1587235079993 5.399999879300594 661
1587235088071 7.179999839514494 662
1587235096154 3.419999923557043 663
1587235104300 4.589999897405505 664
1587235112384 9.149999795481563 665
1587235120459 5.7799998708069324 666
1587235128605 4.339999902993441 667
1587235136750 4.579999897629023 668
1587235144907 9.71999978274107 669
1587235153048 5.709999872371554 670
1587235161146 5.009999888017774 671
1587235169251 4.519999898970127 672
1587235177384 4.349999902769923 673
1587235185490 12.099999729543924 674
1587235193583 6.169999862089753 675
1587235201787 2.489999944344163 676
1587235209976 4.9399998895823956 677
1587235218241 3.419999923557043 678
1587235226836 7.209999838843942 679
1587235235146 8.669999806210399 680
1587235243360 3.2399999275803566 681
1587235251562 7.31999983638525 682
1587235259807 3.5799999199807644 683
1587235268080 3.3599999248981476 684
1587235276269 4.999999888241291 685
1587235284485 7.6699998285621405 686
1587235292688 8.079999819397926 687
1587235300899 3.2399999275803566 688
1587235309137 5.49999987706542 689
1587235317351 3.7199999168515205 690
1587235325665 6.4299998562783 691
1587235333945 6.059999864548445 692
1587235342190 13.519999697804451 693
1587235350434 7.209999838843942 694
1587235358694 3.1699999291449785 695
1587235367010 5.679999873042107 696
1587235375323 6.539999853819609 697
1587235383684 3.9099999126046896 698
1587235391970 3.1499999295920134 699
1587235400916 4.359999902546406 700
1587235409254 7.019999843090773 701
1587235417596 9.999999776482582 702
1587235425906 4.119999907910824 703
1587235434209 7.539999831467867 704
1587235442589 8.55999980866909 705
1587235450944 5.0599998869001865 706
1587235459254 3.589999919757247 707
1587235467541 7.079999841749668 708
1587235475858 3.759999915957451 709
1587235484163 6.749999849125743 710
1587235492526 7.509999832138419 711
1587235500904 5.429999878630042 712
1587235509252 5.0599998869001865 713
1587235517598 9.159999795258045 714
1587235525991 6.6399998515844345 715
1587235534375 3.2399999275803566 716
1587235542745 5.719999872148037 717
1587235551142 2.6699999403208494 718
1587235559505 4.649999896064401 719
1587235568023 7.799999825656414 720
1587235576397 5.14999988488853 721
1587235585161 6.0899998638778925 722
1587235593510 8.269999815151095 723
1587235601871 4.209999905899167 724
1587235610228 4.619999896734953 725
1587235618583 5.0599998869001865 726
1587235627224 8.549999808892608 727
1587235635681 7.709999827668071 728
1587235644030 2.0499999541789293 729
1587235652369 5.239999882876873 730
1587235660748 6.189999861642718 731
1587235669112 5.799999870359898 732
1587235677527 4.099999908357859 733
1587235685996 3.539999920874834 734
1587235694366 4.3199999034404755 735
1587235702749 6.569999853149056 736
1587235711193 4.119999907910824 737
1587235719669 7.299999836832285 738
1587235728189 6.499999854713678 739
1587235736775 5.389999879524112 740
1587235745276 1.7599999606609344 741
1587235753688 19.689999559894204 742
1587235762569 3.4999999217689037 743
1587235771002 7.529999831691384 744
1587235779457 7.149999840185046 745
1587235787931 4.579999897629023 746
1587235796420 5.859999869018793 747
1587235804939 3.8399999141693115 748
1587235813424 7.679999828338623 749
1587235821872 7.419999834150076 750
1587235830411 7.559999831020832 751
1587235838924 5.429999878630042 752
1587235847445 6.729999849572778 753
1587235855952 5.329999880865216 754
1587235864543 9.09999979659915 755
1587235873085 6.149999862536788 756
1587235881605 5.429999878630042 757
1587235890120 5.949999867007136 758
1587235898665 2.7199999392032623 759
1587235907352 8.499999810010195 760
1587235915896 4.819999892264605 761
1587235924553 5.599999874830246 762
1587235933195 5.879999868571758 763
1587235942150 3.0699999313801527 764
1587235950755 4.849999891594052 765
1587235959327 0.6199999861419201 766
1587235967996 4.849999891594052 767
1587235976551 5.349999880418181 768
1587235985180 4.189999906346202 769
1587235993793 7.449999833479524 770
1587236002429 5.379999879747629 771
1587236011088 3.0699999313801527 772
1587236019707 4.969999888911843 773
1587236028332 3.05999993160367 774
1587236036975 7.079999841749668 775
1587236045657 6.709999850019813 776
1587236054288 6.239999860525131 777
1587236062895 5.009999888017774 778
1587236071519 11.339999746531248 779
1587236080312 4.899999890476465 780
1587236088970 5.999999865889549 781
1587236097678 5.689999872818589 782
1587236106455 7.58999983035028 783
1587236115133 6.689999850466847 784
1587236124391 4.949999889358878 785
1587236133015 7.089999841526151 786
1587236141676 0.20999999530613422 787
1587236150324 4.739999894052744 788
1587236158991 5.489999877288938 789
1587236167797 7.989999821409583 790
1587236176464 5.479999877512455 791
1587236185169 7.489999832585454 792
1587236193860 3.249999927356839 793
1587236202590 4.21999990567565 794
1587236211298 5.029999887570739 795
1587236220029 6.599999852478504 796
1587236228791 6.2099998611956835 797
1587236237557 5.019999887794256 798
1587236246260 6.359999857842922 799
1587236255109 5.079999886453152 800
1587236263871 4.709999894723296 801
1587236272612 7.689999828115106 802
1587236281378 3.6499999184161425 803
1587236290174 7.139999840408564 804
1587236299084 3.1699999291449785 805
1587236307983 6.9499998446553946 806
1587236316778 7.209999838843942 807
1587236325596 5.909999867901206 808
1587236334420 5.099999886006117 809
1587236343259 3.7199999168515205 810
1587236352069 4.549999898299575 811
1587236360899 4.349999902769923 812
1587236369692 4.699999894946814 813
1587236378467 7.1899998392909765 814
1587236387321 5.829999869689345 815
1587236396177 3.6499999184161425 816
1587236405064 5.379999879747629 817
1587236413917 7.379999835044146 818
1587236422712 8.369999812915921 819
1587236431635 4.899999890476465 820
1587236440495 5.819999869912863 821
1587236449321 8.239999815821648 822
1587236458154 6.38999985717237 823
1587236467037 5.909999867901206 824
1587236475909 5.619999874383211 825
1587236485205 7.449999833479524 826
1587236494147 5.369999879971147 827
1587236503040 8.259999815374613 828
1587236511890 4.5099998991936445 829
1587236520792 7.6699998285621405 830
1587236529740 6.539999853819609 831
1587236538655 4.599999897181988 832
1587236547559 5.489999877288938 833
1587236556495 4.639999896287918 834
1587236565369 7.779999826103449 835
1587236574282 8.759999804198742 836
1587236583160 7.539999831467867 837
1587236592161 4.589999897405505 838
1587236601062 2.339999947696924 839
1587236610061 7.609999829903245 840
1587236618988 6.509999854490161 841
1587236627934 3.849999913945794 842
1587236636901 7.89999982342124 843
1587236645927 6.539999853819609 844
1587236654903 5.339999880641699 845
1587236664255 4.579999897629023 846
1587236673251 5.5399998761713505 847
1587236682247 4.0799999088048935 848
1587236691297 6.96999984420836 849
1587236700345 6.259999860078096 850
1587236709425 7.609999829903245 851
1587236718484 16.279999636113644 852
1587236727484 6.319999858736992 853
1587236736538 5.929999867454171 854
1587236745628 6.499999854713678 855
1587236754714 4.119999907910824 856
1587236763751 7.659999828785658 857
1587236772742 8.01999982073903 858
1587236781747 13.189999705180526 859
1587236790889 7.089999841526151 860
1587236799922 8.949999799951911 861
1587236809018 8.409999812021852 862
1587236818075 8.529999809339643 863
1587236827165 6.019999865442514 864
1587236836220 4.429999900981784 865
1587236845695 6.229999860748649 866
1587236854838 6.239999860525131 867
1587236864007 5.269999882206321 868
1587236873127 4.109999908134341 869
1587236882310 4.6299998965114355 870
1587236891517 7.469999833032489 871
1587236900684 2.629999941214919 872
1587236909836 5.989999866113067 873
1587236919008 4.809999892488122 874
1587236928140 13.039999708533287 875
1587236937284 6.149999862536788 876
1587236946462 6.529999854043126 877
1587236955619 5.049999887123704 878
1587236964764 6.889999845996499 879
1587236974043 3.8699999134987593 880
1587236983175 4.699999894946814 881
1587236992369 5.49999987706542 882
1587237001503 5.409999879077077 883
1587237010799 8.469999810680747 884
1587237020377 6.899999845772982 885
1587237029588 4.56999989785254 886
1587237038785 3.7199999168515205 887
1587237047958 4.179999906569719 888
1587237057178 4.649999896064401 889
1587237066471 5.5399998761713505 890
1587237075705 7.389999834820628 891
1587237084913 5.799999870359898 892
1587237094131 6.579999852925539 893
1587237103382 3.589999919757247 894
1587237112711 8.279999814927578 895
1587237121987 6.409999856725335 896
1587237131280 4.949999889358878 897
1587237140539 4.56999989785254 898
1587237149814 12.139999728649855 899
1587237159276 6.7599998489022255 900
1587237168616 1.959999956190586 901
1587237177856 18.659999582916498 902
1587237187217 9.609999785199761 903
1587237196577 6.989999843761325 904
1587237206424 8.199999816715717 905
1587237215720 8.109999818727374 906
1587237225117 8.549999808892608 907
1587237234411 7.9799998216331005 908
1587237243755 9.789999781176448 909
1587237253108 6.169999862089753 910
1587237262449 9.959999777376652 911
1587237271765 11.169999750331044 912
1587237281074 8.509999809786677 913
1587237290424 10.33999976888299 914
1587237299748 5.899999868124723 915
1587237309133 7.93999982252717 916
1587237318541 6.03999986499548 917
1587237327877 5.089999886229634 918
1587237337214 9.509999787434936 919
1587237346689 5.349999880418181 920
1587237355987 1.769999960437417 921
1587237365316 6.809999847784638 922
1587237374679 7.439999833703041 923
1587237384492 8.609999807551503 924
1587237393856 9.339999791234732 925
1587237403289 6.239999860525131 926
1587237412710 10.95999975502491 927
1587237422038 6.96999984420836 928
1587237431408 3.249999927356839 929
1587237440821 6.479999855160713 930
1587237450177 5.80999987013638 931
1587237459516 7.889999823644757 932
1587237468903 4.889999890699983 933
1587237478182 7.129999840632081 934
1587237487629 11.289999747648835 935
1587237496996 4.969999888911843 936
1587237506383 8.239999815821648 937
1587237515796 5.169999884441495 938
1587237525199 3.399999924004078 939
1587237534791 5.439999878406525 940
1587237544291 6.899999845772982 941
1587237553716 2.12999995239079 942
1587237563825 5.339999880641699 943
1587237573236 4.479999899864197 944
1587237582665 4.949999889358878 945
1587237592130 5.629999874159694 946
1587237601650 7.109999841079116 947
1587237611148 7.27999983727932 948
1587237620620 6.049999864771962 949
1587237630104 4.449999900534749 950
1587237639641 5.959999866783619 951
1587237649167 5.959999866783619 952
1587237658572 9.299999792128801 953
1587237668137 3.5299999210983515 954
1587237677613 21.95999950915575 955
1587237687123 15.089999662712216 956
1587237696585 5.359999880194664 957
1587237706111 3.2199999280273914 958
1587237715662 4.149999907240272 959
1587237725333 7.099999841302633 960
1587237734879 11.299999747425318 961
1587237744820 4.779999893158674 962
1587237754425 5.6099998746067286 963
1587237764097 5.249999882653356 964
1587237773735 3.63999991863966 965
1587237783222 4.349999902769923 966
1587237792722 5.589999875053763 967
1587237802280 3.9899999108165503 968
1587237811812 7.4299998339265585 969
1587237821378 1.9799999557435513 970
1587237830911 6.849999846890569 971
1587237840471 10.319999769330025 972
1587237850057 4.339999902993441 973
1587237859651 6.869999846443534 974
1587237869138 4.9399998895823956 975
1587237878681 6.899999845772982 976
1587237888233 7.539999831467867 977
1587237897856 4.579999897629023 978
1587237907528 8.429999811574817 979
1587237917288 5.829999869689345 980
1587237927366 7.439999833703041 981
1587237936990 4.56999989785254 982
1587237946553 5.599999874830246 983
1587237956112 5.619999874383211 984
1587237965752 5.45999987795949 985
1587237975343 7.849999824538827 986
1587237984924 6.3999998569488525 987
1587237994585 7.249999837949872 988
1587238004131 6.069999864324927 989
1587238013785 6.819999847561121 990
1587238023447 7.62999982945621 991
1587238033083 3.519999921321869 992
1587238042645 6.7599998489022255 993
1587238052191 4.029999909922481 994
1587238061885 5.899999868124723 995
1587238071545 11.599999740719795 996
1587238081163 7.00999984331429 997
1587238090811 5.389999879524112 998
1587238100916 7.909999823197722 999
1587238110778 8.239999815821648 1000
1587238120549 7.159999839961529 1001
1587238130239 6.529999854043126 1002
1587238139928 7.949999822303653 1003
1587238149644 6.309999858960509 1004
1587238159278 5.399999879300594 1005
1587238168971 6.849999846890569 1006
1587238178655 4.139999907463789 1007
1587238188295 7.5499998312443495 1008
1587238198008 15.149999661371112 1009
1587238207722 5.819999869912863 1010
1587238217407 4.339999902993441 1011
1587238227052 6.939999844878912 1012
1587238236732 4.849999891594052 1013
1587238246431 5.679999873042107 1014
1587238256170 12.27999972552061 1015
1587238265894 5.549999875947833 1016
1587238275600 3.63999991863966 1017
1587238285642 4.419999901205301 1018
1587238295426 8.2099998164922 1019
1587238305223 9.259999793022871 1020
1587238314919 6.219999860972166 1021
1587238324632 7.769999826326966 1022
1587238334299 10.039999775588512 1023
1587238343991 4.009999910369515 1024
1587238353744 6.619999852031469 1025
1587238363484 1.9799999557435513 1026
1587238373167 5.089999886229634 1027
1587238382967 5.709999872371554 1028
1587238392707 4.169999906793237 1029
1587238402443 5.389999879524112 1030
1587238412187 22.479999497532845 1031
1587238421917 3.6199999190866947 1032
1587238431616 8.16999981738627 1033
1587238441249 7.799999825656414 1034
1587238450933 6.479999855160713 1035
1587238461039 7.389999834820628 1036
1587238470749 9.849999779835343 1037
1587238480421 12.109999729320407 1038
1587238490133 3.999999910593033 1039
1587238499976 6.229999860748649 1040
1587238509693 7.4299998339265585 1041
1587238519379 8.159999817609787 1042
1587238529054 6.029999865218997 1043
1587238538781 4.9399998895823956 1044
1587238548474 6.229999860748649 1045
1587238558173 4.3199999034404755 1046
1587238567878 3.729999916628003 1047
1587238577616 6.3299998585134745 1048
1587238587226 2.799999937415123 1049
1587238596962 7.969999821856618 1050
1587238606709 8.419999811798334 1051
1587238616670 5.949999867007136 1052
1587238626584 7.389999834820628 1053
1587238636646 2.6199999414384365 1054
1587238646832 5.049999887123704 1055
1587238656676 3.4399999231100082 1056
1587238666479 8.469999810680747 1057
1587238676335 10.72999976016581 1058
1587238686226 7.35999983549118 1059
1587238696219 7.689999828115106 1060
1587238706074 5.549999875947833 1061
1587238715947 10.719999760389328 1062
1587238725848 8.039999820291996 1063
1587238735656 6.289999859407544 1064
1587238745497 5.629999874159694 1065
1587238755334 7.00999984331429 1066
1587238765192 10.809999758377671 1067
1587238775107 5.939999867230654 1068
1587238784970 8.959999799728394 1069
1587238794897 7.019999843090773 1070
1587238804885 6.869999846443534 1071
1587238814849 3.609999919310212 1072
1587238825210 3.999999910593033 1073
1587238835078 5.479999877512455 1074
1587238845142 7.449999833479524 1075
1587238855162 5.169999884441495 1076
1587238865071 6.309999858960509 1077
1587238875060 8.219999816268682 1078
1587238885029 6.73999984934926 1079
1587238895142 8.12999981828034 1080
1587238905065 9.689999783411622 1081
1587238914897 7.039999842643738 1082
1587238924794 7.479999832808971 1083
1587238934600 5.6099998746067286 1084
1587238944532 6.049999864771962 1085
1587238954486 5.739999871701002 1086
1587238964303 6.729999849572778 1087
1587238974244 4.8699998911470175 1088
1587238984293 4.359999902546406 1089
1587238994246 4.339999902993441 1090
1587239004517 6.419999856501818 1091
1587239014436 9.819999780505896 1092
1587239024297 8.619999807327986 1093
1587239034178 7.04999984242022 1094
1587239044097 8.28999981470406 1095
1587239054002 4.899999890476465 1096
1587239063869 5.80999987013638 1097
1587239073717 6.249999860301614 1098
1587239083631 8.279999814927578 1099
1587239093704 3.449999922886491 1100
1587239103752 6.889999845996499 1101
1587239113658 1.029999976977706 1102
1587239123499 3.729999916628003 1103
1587239133421 7.329999836161733 1104
1587239143270 7.489999832585454 1105
1587239153333 7.199999839067459 1106
1587239163182 5.4199998788535595 1107
1587239172965 7.889999823644757 1108
1587239183253 5.649999873712659 1109
1587239193079 6.489999854937196 1110
1587239202929 6.589999852702022 1111
1587239212685 5.519999876618385 1112
1587239222431 4.719999894499779 1113
1587239232107 5.4199998788535595 1114
1587239241879 6.499999854713678 1115
1587239251603 5.259999882429838 1116
1587239261354 5.869999868795276 1117
1587239271106 5.369999879971147 1118
1587239280866 4.889999890699983 1119
1587239290854 8.569999808445573 1120
1587239300680 7.779999826103449 1121
1587239310381 5.079999886453152 1122
1587239320177 7.3099998366087675 1123
1587239329890 7.4299998339265585 1124
1587239339635 8.119999818503857 1125
1587239349351 8.259999815374613 1126
1587239359142 3.3099999260157347 1127
1587239369025 5.389999879524112 1128
1587239378814 7.149999840185046 1129
1587239388606 7.039999842643738 1130
1587239398408 3.129999930039048 1131
1587239408175 3.9899999108165503 1132
1587239417937 6.5199998542666435 1133
1587239427680 7.599999830126762 1134
1587239437413 6.099999863654375 1135
1587239447180 8.319999814033508 1136
1587239456913 5.949999867007136 1137
1587239466635 9.819999780505896 1138
1587239476357 4.909999890252948 1139
1587239486224 5.309999881312251 1140
1587239496021 6.339999858289957 1141
1587239505772 6.339999858289957 1142
1587239515560 8.889999801293015 1143
1587239525334 4.25999990478158 1144
1587239535098 13.779999691992998 1145
1587239545356 6.289999859407544 1146
1587239555252 5.899999868124723 1147
1587239565012 5.279999881982803 1148
1587239574789 8.659999806433916 1149
1587239584606 9.129999795928597 1150
1587239594431 3.36999992467463 1151
1587239604273 16.389999633654952 1152
1587239614113 5.879999868571758 1153
1587239623944 2.2599999494850636 1154
1587239633844 7.719999827444553 1155
1587239643711 6.849999846890569 1156
1587239653499 7.469999833032489 1157
1587239663354 9.329999791458249 1158
1587239673209 10.249999770894647 1159
1587239683152 8.099999818950891 1160
1587239693006 5.49999987706542 1161
1587239702801 4.659999895840883 1162
1587239712744 5.45999987795949 1163
1587239722956 7.4299998339265585 1164
1587239732795 11.089999752119184 1165
1587239742659 4.899999890476465 1166
1587239752451 7.31999983638525 1167
1587239762371 7.479999832808971 1168
1587239772254 3.4799999222159386 1169
1587239782105 8.499999810010195 1170
1587239791943 9.189999794587493 1171
1587239801715 5.799999870359898 1172
1587239811660 5.099999886006117 1173
1587239821625 6.019999865442514 1174
1587239831625 8.419999811798334 1175
1587239841718 7.62999982945621 1176
1587239851827 7.969999821856618 1177
1587239861821 7.93999982252717 1178
1587239871753 5.569999875500798 1179
1587239881914 5.6099998746067286 1180
1587239891969 6.249999860301614 1181
1587239902179 0.0 1182
1587239912107 8.849999802187085 1183
1587239921986 5.489999877288938 1184
1587239931921 8.889999801293015 1185
1587239941852 6.979999843984842 1186
1587239951790 8.309999814257026 1187
1587239961764 7.249999837949872 1188
1587239971624 4.949999889358878 1189
1587239981536 7.469999833032489 1190
1587239991432 7.479999832808971 1191
1587240001306 6.159999862313271 1192
1587240011280 18.689999582245946 1193
1587240021152 8.189999816939235 1194
1587240031048 8.179999817162752 1195
1587240041002 12.38999972306192 1196
1587240050970 6.409999856725335 1197
1587240060846 4.289999904111028 1198
1587240070849 5.089999886229634 1199
1587240081366 5.669999873265624 1200
1587240091398 4.909999890252948 1201
1587240101313 3.3299999255687 1202
1587240111297 7.259999837726355 1203
1587240121325 10.519999764859676 1204
1587240131313 6.019999865442514 1205
1587240141346 5.269999882206321 1206
1587240151327 5.069999886676669 1207
1587240161331 4.60999989695847 1208
1587240171343 9.339999791234732 1209
1587240181260 5.8499998692423105 1210
1587240191234 5.359999880194664 1211
1587240201241 5.429999878630042 1212
1587240211230 6.2099998611956835 1213
1587240221201 12.289999725297093 1214
1587240231172 8.739999804645777 1215
1587240241131 5.939999867230654 1216
1587240251121 6.889999845996499 1217
1587240261552 8.469999810680747 1218
1587240271498 5.519999876618385 1219
1587240281612 8.78999980352819 1220
1587240291581 8.729999804869294 1221
1587240301557 7.719999827444553 1222
1587240311512 17.519999608397484 1223
1587240321368 6.139999862760305 1224
1587240331302 6.38999985717237 1225
1587240341149 8.549999808892608 1226
1587240351071 11.419999744743109 1227
1587240360948 3.399999924004078 1228
1587240370972 5.599999874830246 1229
1587240380928 9.869999779388309 1230
1587240390941 8.24999981559813 1231
1587240400981 9.089999796822667 1232
1587240410869 5.829999869689345 1233
1587240420776 7.029999842867255 1234
1587240430679 9.63999978452921 1235
1587240441084 7.1899998392909765 1236
1587240450954 8.569999808445573 1237
1587240460877 13.389999700710177 1238
1587240470616 7.239999838173389 1239
1587240480511 8.089999819174409 1240
1587240490296 7.719999827444553 1241
1587240500080 8.90999980084598 1242
1587240509769 4.769999893382192 1243
1587240519489 7.479999832808971 1244
1587240529220 10.159999772906303 1245
1587240538916 23.609999472275376 1246
1587240548620 8.90999980084598 1247
1587240558330 9.189999794587493 1248
1587240568114 9.359999790787697 1249
1587240577875 5.249999882653356 1250
1587240587585 7.289999837055802 1251
1587240597357 10.749999759718776 1252
1587240607094 7.599999830126762 1253
1587240616880 5.8499998692423105 1254
1587240626842 8.449999811127782 1255
1587240636566 8.319999814033508 1256
1587240646235 8.649999806657434 1257
1587240655986 9.569999786093831 1258
1587240665758 0.5999999865889549 1259
1587240675668 5.589999875053763 1260
1587240685415 8.619999807327986 1261
1587240695211 4.599999897181988 1262
1587240704992 11.009999753907323 1263
1587240714765 6.889999845996499 1264
1587240724575 10.479999765753746 1265
1587240734347 8.729999804869294 1266
1587240744030 3.109999930486083 1267
1587240753801 17.919999599456787 1268
1587240763517 6.939999844878912 1269
1587240773184 7.509999832138419 1270
1587240782986 8.16999981738627 1271
1587240792742 8.259999815374613 1272
1587240802746 10.309999769553542 1273
1587240812479 7.019999843090773 1274
1587240822154 4.3199999034404755 1275
1587240831875 3.3299999255687 1276
1587240841561 8.809999803081155 1277
1587240851257 17.609999606385827 1278
1587240861069 5.919999867677689 1279
1587240870856 5.929999867454171 1280
1587240880545 13.449999699369073 1281
1587240890267 8.16999981738627 1282
1587240899998 7.139999840408564 1283
1587240909749 5.009999888017774 1284
1587240919522 6.909999845549464 1285
1587240929293 9.09999979659915 1286
1587240939032 6.819999847561121 1287
1587240948767 5.839999869465828 1288
1587240958473 5.939999867230654 1289
1587240968265 8.009999820962548 1290
1587240977967 5.949999867007136 1291
1587240987857 6.909999845549464 1292
1587240997573 8.2099998164922 1293
1587241007264 10.509999765083194 1294
1587241017076 13.869999689981341 1295
1587241026888 6.0899998638778925 1296
1587241036621 8.109999818727374 1297
1587241046364 6.339999858289957 1298
1587241056029 5.829999869689345 1299
1587241065911 18.78999958001077 1300
1587241075907 22.859999489039183 1301
1587241085669 7.579999830573797 1302
1587241095405 6.0899998638778925 1303
1587241105162 5.979999866336584 1304
1587241114959 6.709999850019813 1305
1587241124709 7.769999826326966 1306
1587241134463 6.0899998638778925 1307
1587241144256 9.029999798163772 1308
1587241153922 9.36999979056418 1309
1587241163971 7.809999825432897 1310
1587241173712 3.2399999275803566 1311
1587241183482 7.8599998243153095 1312
1587241193243 7.079999841749668 1313
1587241202949 8.059999819844961 1314
1587241212635 7.58999983035028 1315
1587241222222 8.189999816939235 1316
1587241231937 9.359999790787697 1317
1587241241662 6.579999852925539 1318
1587241251362 10.789999758824706 1319
1587241261175 7.219999838620424 1320
1587241270897 7.329999836161733 1321
1587241280624 12.959999710321426 1322
1587241290302 7.779999826103449 1323
1587241299939 6.409999856725335 1324
1587241309602 10.64999976195395 1325
1587241319227 10.529999764636159 1326
1587241328946 8.239999815821648 1327
1587241338753 10.95999975502491 1328
1587241348603 6.989999843761325 1329
1587241358370 5.739999871701002 1330
1587241368036 4.9899998884648085 1331
1587241377787 9.909999778494239 1332
1587241387468 6.189999861642718 1333
1587241397165 9.599999785423279 1334
1587241406841 9.079999797046185 1335
1587241416623 10.229999771341681 1336
1587241426363 7.919999822974205 1337
1587241435973 5.9699998665601015 1338
1587241445654 8.55999980866909 1339
1587241455476 5.8499998692423105 1340
1587241465128 4.579999897629023 1341
1587241474744 9.759999781847 1342
1587241484411 7.419999834150076 1343
1587241494158 7.04999984242022 1344
1587241503866 8.759999804198742 1345
1587241513657 7.759999826550484 1346
1587241523753 7.519999831914902 1347
1587241533423 7.4299998339265585 1348
1587241543145 5.959999866783619 1349
1587241552817 7.439999833703041 1350
1587241562552 7.689999828115106 1351
1587241572272 7.219999838620424 1352
1587241581955 7.89999982342124 1353
1587241591640 11.299999747425318 1354
1587241601396 9.209999794140458 1355
1587241611020 8.489999810233712 1356
1587241620672 6.499999854713678 1357
1587241630361 4.419999901205301 1358
1587241640063 6.669999850913882 1359
1587241649842 3.0999999307096004 1360
1587241659537 5.519999876618385 1361
1587241669193 15.52999965287745 1362
1587241678843 6.689999850466847 1363
1587241688527 7.1899998392909765 1364
1587241698300 5.359999880194664 1365
1587241708272 13.00999970920384 1366
1587241717906 8.51999980956316 1367
1587241727530 13.059999708086252 1368
1587241737117 6.319999858736992 1369
1587241746768 7.469999833032489 1370
1587241756475 9.5299997869879 1371
1587241766176 8.059999819844961 1372
1587241775811 8.929999800398946 1373
1587241785484 19.149999571964145 1374
1587241795197 10.06999977491796 1375
1587241804837 11.739999737590551 1376
1587241814498 7.699999827891588 1377
1587241824164 8.469999810680747 1378
1587241833825 1.4499999675899744 1379
1587241843681 5.1099998857825994 1380
1587241853408 10.249999770894647 1381
1587241863037 5.629999874159694 1382
1587241872734 8.929999800398946 1383
1587241882688 6.069999864324927 1384
1587241892413 9.509999787434936 1385
1587241902060 6.559999853372574 1386
1587241911749 9.349999791011214 1387
1587241921406 5.619999874383211 1388
1587241931048 6.059999864548445 1389
1587241940649 9.699999783188105 1390
1587241950241 6.7599998489022255 1391
1587241959856 8.609999807551503 1392
1587241969498 9.349999791011214 1393
1587241979166 9.269999792799354 1394
1587241988907 9.029999798163772 1395
1587241998681 14.489999676123261 1396
1587242008274 8.939999800175428 1397
1587242017927 6.149999862536788 1398
1587242027626 6.459999855607748 1399
1587242037490 8.74999980442226 1400
1587242047290 7.929999822750688 1401
1587242056999 6.539999853819609 1402
1587242067113 4.189999906346202 1403
1587242076737 3.879999913275242 1404
1587242086348 7.139999840408564 1405
1587242095996 3.5599999204277992 1406
1587242105682 13.899999689310789 1407
1587242115336 8.369999812915921 1408
1587242125010 10.37999976798892 1409
1587242134633 8.539999809116125 1410
1587242144302 8.359999813139439 1411
1587242153917 7.959999822080135 1412
1587242163584 13.249999703839421 1413
1587242173244 8.24999981559813 1414
1587242182897 3.2599999271333218 1415
1587242192563 7.449999833479524 1416
1587242202196 5.639999873936176 1417
1587242211951 7.93999982252717 1418
1587242221723 5.629999874159694 1419
1587242231646 10.249999770894647 1420
1587242241736 11.089999752119184 1421
1587242251544 8.319999814033508 1422
1587242261380 7.219999838620424 1423
1587242271168 7.329999836161733 1424
1587242280929 8.119999818503857 1425
1587242290786 9.169999795034528 1426
1587242300632 11.61999974027276 1427
1587242310412 7.509999832138419 1428
1587242320157 11.22999974898994 1429
1587242329986 10.209999771788716 1430
1587242339765 7.0699998419731855 1431
1587242349669 10.619999762624502 1432
1587242359540 9.999999776482582 1433
1587242369350 8.399999812245369 1434
1587242379150 9.149999795481563 1435
1587242388896 9.05999979749322 1436
1587242398643 11.199999749660492 1437
1587242408505 12.38999972306192 1438
1587242418413 8.529999809339643 1439
1587242428658 8.509999809786677 1440
1587242438419 9.479999788105488 1441
1587242448143 6.809999847784638 1442
1587242457975 8.78999980352819 1443
1587242467821 11.869999734684825 1444
1587242477638 10.25999977067113 1445
1587242487421 12.07999972999096 1446
1587242497229 7.949999822303653 1447
1587242507065 8.159999817609787 1448
1587242516883 7.469999833032489 1449
1587242526637 7.989999821409583 1450
1587242536390 8.029999820515513 1451
1587242546137 3.3199999257922173 1452
1587242555930 8.509999809786677 1453
1587242565754 6.539999853819609 1454
1587242575668 11.089999752119184 1455
1587242585631 9.67999978363514 1456
1587242595670 8.2099998164922 1457
1587242606258 5.439999878406525 1458
1587242616251 10.749999759718776 1459
1587242626410 7.239999838173389 1460
1587242636318 9.069999797269702 1461
1587242646303 6.619999852031469 1462
1587242656277 9.279999792575836 1463
1587242666288 11.029999753460288 1464
1587242676218 9.419999789446592 1465
1587242686217 5.80999987013638 1466
1587242696105 6.419999856501818 1467
1587242706044 9.05999979749322 1468
1587242716030 11.489999743178487 1469
1587242726055 4.239999905228615 1470
1587242736012 3.63999991863966 1471
1587242745988 8.669999806210399 1472
1587242755972 10.129999773576856 1473
1587242765985 9.969999777153134 1474
1587242775937 7.719999827444553 1475
1587242786416 5.789999870583415 1476
1587242796334 5.389999879524112 1477
1587242806245 5.929999867454171 1478
1587242816094 6.889999845996499 1479
1587242826224 9.919999778270721 1480
1587242836191 6.549999853596091 1481
1587242846131 4.819999892264605 1482
1587242856014 7.239999838173389 1483
1587242866001 9.79999978095293 1484
1587242875981 9.13999979570508 1485
1587242885925 10.759999759495258 1486
1587242895886 10.06999977491796 1487
1587242905843 6.509999854490161 1488
1587242915853 8.109999818727374 1489
1587242925839 7.93999982252717 1490
1587242935825 8.039999820291996 1491
1587242945843 4.9399998895823956 1492
1587242955815 7.459999833256006 1493
1587242966217 3.67999991774559 1494
1587242976193 5.909999867901206 1495
1587242986181 8.029999820515513 1496
1587242996226 7.079999841749668 1497
1587243006220 8.949999799951911 1498
1587243016157 3.36999992467463 1499
1587243026306 10.909999756142497 1500
1587243036373 8.349999813362956 1501
1587243046297 5.489999877288938 1502
1587243056254 6.669999850913882 1503
1587243066134 9.079999797046185 1504
1587243076175 7.27999983727932 1505
1587243086149 10.549999764189124 1506
1587243096049 10.899999756366014 1507
1587243106009 9.479999788105488 1508
1587243115979 5.009999888017774 1509
1587243125905 8.51999980956316 1510
1587243135874 10.549999764189124 1511
1587243146159 10.759999759495258 1512
1587243156147 4.479999899864197 1513
1587243166078 8.079999819397926 1514
1587243175988 7.819999825209379 1515
1587243185923 6.73999984934926 1516
1587243195848 6.649999851360917 1517
1587243205775 7.6699998285621405 1518
1587243215684 9.189999794587493 1519
1587243225760 7.869999824091792 1520
1587243235754 8.969999799504876 1521
1587243245717 8.709999805316329 1522
1587243255626 7.659999828785658 1523
1587243265545 9.94999977760017 1524
1587243275436 10.039999775588512 1525
1587243285435 7.519999831914902 1526
1587243295357 7.729999827221036 1527
1587243305382 9.40999978967011 1528
1587243315357 6.4299998562783 1529
1587243325739 9.189999794587493 1530
1587243335657 9.399999789893627 1531
1587243345584 8.969999799504876 1532
1587243355528 10.929999755695462 1533
1587243365499 5.839999869465828 1534
1587243375458 9.669999783858657 1535
1587243385410 10.849999757483602 1536
1587243395363 18.23999959230423 1537
1587243405347 11.079999752342701 1538
1587243415166 0.0 1539
1587243425174 8.16999981738627 1540
1587243434986 8.259999815374613 1541
1587243444773 6.73999984934926 1542
1587243454619 7.059999842196703 1543
1587243464441 13.3199997022748 1544
1587243474232 9.909999778494239 1545
1587243484090 10.589999763295054 1546
1587243493910 7.349999835714698 1547
1587243504145 20.8399995341897 1548
1587243513932 12.359999723732471 1549
1587243523786 5.619999874383211 1550
1587243533564 3.2199999280273914 1551
1587243543361 10.969999754801393 1552
1587243553242 8.149999817833304 1553
1587243563050 8.719999805092812 1554
1587243572903 7.409999834373593 1555
1587243582799 6.939999844878912 1556
1587243592667 9.67999978363514 1557
1587243602597 8.569999808445573 1558
1587243612385 8.969999799504876 1559
1587243622337 9.819999780505896 1560
1587243632193 9.389999790117145 1561
1587243642053 8.459999810904264 1562
1587243651857 8.51999980956316 1563
1587243661667 7.04999984242022 1564
1587243671603 8.679999805986881 1565
1587243681921 9.039999797940254 1566
1587243691700 15.52999965287745 1567
1587243701577 10.949999755248427 1568
1587243711436 3.779999915510416 1569
1587243721233 11.339999746531248 1570
1587243731061 8.049999820068479 1571
1587243740840 11.76999973692 1572
1587243750690 8.179999817162752 1573
1587243760524 11.22999974898994 1574
1587243770366 9.339999791234732 1575
1587243780166 9.159999795258045 1576
1587243789985 8.86999980174005 1577
1587243799792 6.189999861642718 1578
1587243809670 10.909999756142497 1579
1587243819686 7.089999841526151 1580
1587243829544 2.1599999517202377 1581
1587243839334 7.529999831691384 1582
1587243849198 9.36999979056418 1583
1587243859191 6.909999845549464 1584
1587243869133 7.62999982945621 1585
1587243878919 11.779999736696482 1586
1587243888810 10.33999976888299 1587
1587243898651 8.029999820515513 1588
1587243908414 10.45999976620078 1589
1587243918246 9.979999776929617 1590
1587243928077 7.8599998243153095 1591
1587243938011 9.169999795034528 1592
1587243947901 8.149999817833304 1593
1587243957770 10.37999976798892 1594
1587243967551 5.49999987706542 1595
1587243977413 6.579999852925539 1596
1587243987232 9.459999788552523 1597
1587243997110 8.059999819844961 1598
1587244006907 11.059999752789736 1599
1587244016905 9.939999777823687 1600
1587244026882 5.319999881088734 1601
1587244036761 8.809999803081155 1602
1587244046883 9.969999777153134 1603
1587244056737 7.679999828338623 1604
1587244066630 19.82999955676496 1605
1587244076456 11.389999745413661 1606
1587244086347 11.479999743402004 1607
1587244096185 11.199999749660492 1608
1587244106041 12.019999731332064 1609
1587244115884 10.99999975413084 1610
1587244125734 9.899999778717756 1611
1587244135560 9.67999978363514 1612
1587244145372 4.739999894052744 1613
1587244155161 2.0399999544024467 1614
1587244165002 12.42999972216785 1615
1587244174844 8.78999980352819 1616
1587244184633 7.579999830573797 1617
1587244194449 8.729999804869294 1618
1587244204394 8.74999980442226 1619
1587244214331 6.6399998515844345 1620
1587244224389 7.4299998339265585 1621
1587244234198 7.1899998392909765 1622
1587244243997 10.95999975502491 1623
1587244253742 5.879999868571758 1624
1587244263527 0.03999999910593033 1625
1587244273400 8.459999810904264 1626
1587244283207 10.679999761283398 1627
1587244293020 12.019999731332064 1628
1587244302791 11.729999737814069 1629
1587244312734 7.609999829903245 1630
1587244322578 8.229999816045165 1631
1587244332377 10.129999773576856 1632
1587244342079 10.199999772012234 1633
1587244351858 8.319999814033508 1634
1587244361638 7.969999821856618 1635
1587244371424 8.219999816268682 1636
1587244381239 6.819999847561121 1637
1587244391006 9.029999798163772 1638
1587244401199 8.51999980956316 1639
1587244411131 12.909999711439013 1640
1587244420959 9.559999786317348 1641
1587244430745 8.2099998164922 1642
1587244440542 6.689999850466847 1643
1587244450365 8.029999820515513 1644
1587244460124 9.899999778717756 1645
1587244469940 7.269999837502837 1646
1587244479751 10.819999758154154 1647
1587244489596 5.699999872595072 1648
1587244499364 10.629999762400985 1649
1587244509236 5.449999878183007 1650
1587244519049 9.889999778941274 1651
1587244528910 7.6699998285621405 1652
1587244538702 9.039999797940254 1653
1587244548506 9.149999795481563 1654
1587244558279 7.349999835714698 1655
1587244568079 7.869999824091792 1656
1587244578009 6.96999984420836 1657
1587244588138 8.849999802187085 1658
1587244597951 6.789999848231673 1659
1587244607970 13.429999699816108 1660
1587244617826 6.719999849796295 1661
1587244627652 11.399999745190144 1662
1587244637425 11.859999734908342 1663
1587244647178 12.029999731108546 1664
1587244656926 8.809999803081155 1665
1587244666789 8.899999801069498 1666
1587244676593 9.309999791905284 1667
1587244686316 10.37999976798892 1668
1587244696094 5.629999874159694 1669
1587244705844 7.989999821409583 1670
1587244715628 6.579999852925539 1671
1587244725519 10.06999977491796 1672
1587244735346 15.399999655783176 1673
1587244745307 8.099999818950891 1674
1587244755206 9.17999979481101 1675
1587244765578 10.189999772235751 1676
1587244775482 11.92999973334372 1677
1587244785416 9.919999778270721 1678
1587244795359 8.609999807551503 1679
1587244805470 10.739999759942293 1680
1587244815426 9.44999978877604 1681
1587244825407 5.289999881759286 1682
1587244835328 12.07999972999096 1683
1587244845222 9.09999979659915 1684
1587244855107 8.359999813139439 1685
1587244864994 6.4499998558312654 1686
1587244874962 4.889999890699983 1687
1587244884803 8.949999799951911 1688
1587244894737 9.749999782070518 1689
1587244904678 8.429999811574817 1690
1587244914631 7.89999982342124 1691
1587244924584 5.929999867454171 1692
1587244934483 5.509999876841903 1693
1587244944856 7.709999827668071 1694
1587244954801 11.639999739825726 1695
1587244964683 6.419999856501818 1696
1587244974648 6.719999849796295 1697
1587244984571 7.439999833703041 1698
1587244994511 8.01999982073903 1699
1587245004649 0.2799999937415123 1700
1587245014619 10.679999761283398 1701
1587245024460 9.559999786317348 1702
1587245034393 7.399999834597111 1703
1587245044377 8.259999815374613 1704
1587245054269 10.619999762624502 1705
1587245064119 6.469999855384231 1706
1587245074064 6.3999998569488525 1707
1587245084068 8.059999819844961 1708
1587245094076 4.809999892488122 1709
1587245104025 8.4399998113513 1710
1587245113993 8.929999800398946 1711
1587245124411 8.919999800622463 1712
1587245134335 5.569999875500798 1713
1587245144266 5.979999866336584 1714
1587245154204 10.209999771788716 1715
1587245164118 12.449999721720815 1716
1587245174113 6.129999862983823 1717
1587245184084 9.319999791681767 1718
1587245194047 9.659999784082174 1719
1587245204166 6.069999864324927 1720
1587245214314 7.459999833256006 1721
1587245224529 9.699999783188105 1722
1587245234677 9.289999792352319 1723
1587245244874 10.079999774694443 1724
1587245255024 5.8499998692423105 1725
1587245265293 9.019999798387289 1726
1587245275473 7.799999825656414 1727
1587245285641 10.68999976105988 1728
1587245295821 8.689999805763364 1729
1587245306457 4.8699998911470175 1730
1587245316699 8.59999980777502 1731
1587245326947 7.35999983549118 1732
1587245337239 9.289999792352319 1733
1587245347565 11.259999748319387 1734
1587245357756 12.38999972306192 1735
1587245367960 10.869999757036567 1736
1587245378184 5.389999879524112 1737
1587245388353 8.999999798834324 1738
1587245398424 6.849999846890569 1739
1587245408797 11.899999734014273 1740
1587245418963 8.139999818056822 1741
1587245429195 10.159999772906303 1742
1587245439496 6.199999861419201 1743
1587245449819 9.959999777376652 1744
1587245460094 9.859999779611826 1745
1587245470411 8.51999980956316 1746
1587245480958 11.169999750331044 1747
1587245491175 9.569999786093831 1748
1587245501439 8.739999804645777 1749
1587245511665 7.249999837949872 1750
1587245522008 9.229999793693423 1751
1587245532348 10.319999769330025 1752
1587245542572 8.28999981470406 1753
1587245552894 10.599999763071537 1754
