1587853809055 1 1
1587853814891 1 2
1587853820720 1 3
1587853826572 1 4
1587853832427 1 5
1587853838313 1 6
1587853844681 1 7
1587853850507 1 8
1587853856336 1 9
1587853862209 1 10
1587853868069 1 11
1587853873933 1 12
1587853879813 1 13
1587853885724 1 14
1587853891689 1 15
1587853897588 1 16
1587853903475 1 17
1587853909414 1 18
1587853915318 1 19
1587853921340 1 20
1587853927291 1 21
1587853933198 1 22
1587853939112 1 23
1587853945019 1 24
1587853950936 1 25
1587853956851 1 26
1587853962768 1 27
1587853968706 1 28
1587853974623 1 29
1587853980572 1 30
1587853986639 1 31
1587853992612 1 32
1587853998503 1 33
1587854004522 1 34
1587854010471 1 35
