1587853809055 0.0 1
1587853814891 0.4499999899417162 2
1587853820720 0.5599999874830246 3
1587853826572 0.8599999807775021 4
1587853832427 0.25999999418854713 5
1587853838313 0.2699999939650297 6
1587853844681 0.46999998949468136 7
1587853850507 0.41999999061226845 8
1587853856336 0.05999999865889549 9
1587853862209 0.0 10
1587853868069 0.06999999843537807 11
1587853873933 0.6099999863654375 12
1587853879813 0.3199999928474426 13
1587853885724 0.0 14
1587853891689 0.0 15
1587853897588 0.05999999865889549 16
1587853903475 0.0 17
1587853909414 0.0 18
1587853915318 0.0 19
1587853921340 0.0 20
1587853927291 0.0 21
1587853933198 0.0 22
1587853939112 0.0 23
1587853945019 0.0 24
1587853950936 0.0 25
1587853956851 0.0 26
1587853962768 0.41999999061226845 27
1587853968706 0.0 28
1587853974623 0.12999999709427357 29
1587853980572 0.0 30
1587853986639 0.46999998949468136 31
1587853992612 0.0 32
1587853998503 0.29999999329447746 33
1587854004522 0.8299999814480543 34
1587854010471 0.6599999852478504 35
