1587229518513 1 1
1587229538489 0.995 2
1587229558539 0.990025 3
1587229578727 0.985074875 4
1587229598899 0.9801495006250001 5
1587229619062 0.9752487531218751 6
1587229639905 0.9703725093562657 7
1587229660366 0.9655206468094844 8
1587229680650 0.960693043575437 9
1587229701210 0.9558895783575597 10
1587229721568 0.9511101304657719 11
1587229741922 0.946354579813443 12
1587229762388 0.9416228069143757 13
1587229782719 0.9369146928798039 14
1587229803070 0.9322301194154049 15
1587229824028 0.9275689688183278 16
1587229844425 0.9229311239742362 17
1587229864887 0.918316468354365 18
1587229885337 0.9137248860125932 19
1587229905999 0.9091562615825302 20
1587229926491 0.9046104802746175 21
1587229946925 0.9000874278732445 22
1587229967400 0.8955869907338783 23
1587229987900 0.8911090557802088 24
1587230009000 0.8866535105013078 25
1587230029383 0.8822202429488013 26
1587230049868 0.8778091417340573 27
1587230070282 0.8734200960253871 28
1587230090706 0.8690529955452602 29
1587230111407 0.8647077305675338 30
1587230131929 0.8603841919146962 31
1587230152444 0.8560822709551227 32
1587230172943 0.851801859600347 33
1587230194167 0.8475428503023453 34
1587230214717 0.8433051360508336 35
1587230235317 0.8390886103705794 36
1587230255921 0.8348931673187264 37
1587230276468 0.8307187014821328 38
1587230297083 0.8265651079747222 39
1587230317848 0.8224322824348486 40
1587230338426 0.8183201210226743 41
1587230359365 0.8142285204175609 42
1587230380241 0.810157377815473 43
1587230400869 0.8061065909263957 44
1587230421489 0.8020760579717637 45
1587230442158 0.798065677681905 46
1587230462804 0.7940753492934954 47
1587230483531 0.7901049725470279 48
1587230504247 0.7861544476842928 49
1587230525212 0.7822236754458713 50
1587230546412 0.778312557068642 51
1587230567159 0.7744209942832988 52
