1587229518513 1001 1
1587229538489 1001 2
1587229558539 1001 3
1587229578727 1001 4
1587229598899 1001 5
1587229619062 1001 6
1587229639905 1001 7
1587229660366 1001 8
1587229680650 1001 9
1587229701210 1001 10
1587229721568 1001 11
1587229741922 1001 12
1587229762388 1001 13
1587229782719 1001 14
1587229803070 1001 15
1587229824028 1001 16
1587229844425 1001 17
1587229864887 1001 18
1587229885337 1001 19
1587229905999 1001 20
1587229926491 1001 21
1587229946925 1001 22
1587229967400 1001 23
1587229987900 1001 24
1587230009000 1001 25
1587230029383 1001 26
1587230049868 1001 27
1587230070282 1001 28
1587230090706 1001 29
1587230111407 1001 30
1587230131929 1001 31
1587230152444 1001 32
1587230172943 1001 33
1587230194167 1001 34
1587230214717 1001 35
1587230235317 1001 36
1587230255921 1001 37
1587230276468 1001 38
1587230297083 1001 39
1587230317848 1001 40
1587230338426 1001 41
1587230359365 1001 42
1587230380241 1001 43
1587230400869 1001 44
1587230421489 1001 45
1587230442158 1001 46
1587230462804 1001 47
1587230483531 1001 48
1587230504247 1001 49
1587230525212 1001 50
1587230546412 1001 51
1587230567159 1001 52
