1588008389433 1 1
1588008393693 1 2
1588008397936 1 3
1588008402082 1 4
1588008406251 1 5
1588008410402 1 6
1588008414562 1 7
1588008418747 1 8
1588008423059 1 9
1588008427360 1 10
1588008431594 1 11
1588008436060 1 12
1588008440558 1 13
1588008444737 1 14
1588008448968 1 15
1588008453135 1 16
1588008457347 1 17
1588008461622 1 18
1588008465824 1 19
1588008470071 1 20
1588008474321 1 21
1588008478522 1 22
1588008482836 1 23
1588008487067 1 24
1588008491255 1 25
1588008495435 1 26
1588008499618 1 27
1588008503801 1 28
1588008507978 1 29
1588008512147 1 30
1588008516408 1 31
1588008520694 1 32
1588008524902 1 33
1588008529115 1 34
1588008533332 1 35
1588008537540 1 36
1588008541777 1 37
1588008546004 1 38
1588008550242 1 39
1588008554492 1 40
1588008558727 1 41
1588008563035 1 42
1588008567427 1 43
1588008571804 1 44
1588008576132 1 45
1588008580440 1 46
1588008584708 1 47
1588008589005 1 48
1588008593247 1 49
1588008597618 1 50
1588008601998 1 51
1588008606355 1 52
1588008610724 1 53
1588008615152 1 54
1588008619782 1 55
1588008624018 1 56
1588008628252 1 57
1588008632477 1 58
1588008636720 1 59
1588008641019 1 60
1588008645260 1 61
1588008649508 1 62
1588008653856 1 63
1588008658192 1 64
1588008662573 1 65
1588008666850 1 66
1588008671223 1 67
1588008675597 1 68
1588008679969 1 69
1588008684314 1 70
1588008688662 1 71
1588008693029 1 72
1588008697398 1 73
1588008701739 1 74
1588008706105 1 75
1588008710394 1 76
1588008714681 1 77
1588008718998 1 78
1588008723374 1 79
1588008727724 1 80
1588008732058 1 81
1588008736350 1 82
1588008740635 1 83
1588008744933 1 84
1588008749319 1 85
1588008753611 1 86
1588008757875 1 87
1588008762138 1 88
1588008766455 1 89
1588008770855 1 90
1588008775192 1 91
1588008779578 1 92
1588008783908 1 93
1588008788269 1 94
1588008792710 1 95
1588008797676 1 96
1588008801994 1 97
1588008806269 1 98
1588008810569 1 99
1588008814891 1 100
1588008819212 1 101
1588008823539 1 102
1588008827860 1 103
1588008832170 1 104
1588008836490 1 105
1588008840805 1 106
1588008845156 1 107
1588008849489 1 108
1588008853880 1 109
1588008858251 1 110
1588008862611 1 111
1588008866970 1 112
1588008871448 1 113
1588008875834 1 114
1588008880195 1 115
1588008884532 1 116
1588008888865 1 117
1588008893336 1 118
1588008897852 1 119
1588008902484 1 120
1588008906959 1 121
1588008911346 1 122
1588008915751 1 123
1588008920278 1 124
1588008924669 1 125
1588008929000 1 126
1588008933361 1 127
1588008937699 1 128
1588008942106 1 129
1588008946560 1 130
1588008951114 1 131
1588008955498 1 132
1588008959871 1 133
1588008964262 1 134
1588008968597 1 135
1588008972922 1 136
1588008977718 1 137
1588008982029 1 138
1588008986335 1 139
1588008990677 1 140
1588008995034 1 141
1588008999396 1 142
1588009003754 1 143
1588009008176 1 144
1588009012593 1 145
1588009016964 1 146
1588009021309 1 147
1588009025690 1 148
1588009030063 1 149
1588009034475 1 150
1588009038912 1 151
1588009043371 1 152
1588009047818 1 153
1588009052244 1 154
1588009056679 1 155
1588009061104 1 156
1588009065479 1 157
1588009069847 1 158
1588009074295 1 159
1588009078667 1 160
1588009083185 1 161
1588009087655 1 162
1588009092077 1 163
1588009096408 1 164
1588009100828 1 165
1588009105169 1 166
1588009109530 1 167
1588009113993 1 168
1588009118363 1 169
1588009122740 1 170
1588009127133 1 171
1588009131504 1 172
1588009135886 1 173
1588009140282 1 174
1588009144648 1 175
1588009148965 1 176
1588009153272 1 177
1588009158139 1 178
1588009162453 1 179
1588009166793 1 180
1588009171201 1 181
1588009175578 1 182
1588009179969 1 183
1588009184420 1 184
1588009188733 1 185
1588009193077 1 186
1588009197479 1 187
1588009201860 1 188
1588009206272 1 189
1588009210741 1 190
1588009215340 1 191
1588009219850 1 192
1588009224350 1 193
1588009228845 1 194
1588009233358 1 195
1588009237853 1 196
1588009242350 1 197
1588009246808 1 198
1588009251242 1 199
1588009255592 1 200
1588009259963 1 201
1588009264503 1 202
1588009269074 1 203
1588009273575 1 204
1588009278054 1 205
1588009282436 1 206
1588009286833 1 207
1588009291323 1 208
1588009295784 1 209
1588009300223 1 210
1588009304653 1 211
1588009309137 1 212
1588009313704 1 213
1588009318253 1 214
1588009322787 1 215
1588009327272 1 216
1588009331781 1 217
1588009336635 1 218
1588009341154 1 219
1588009345503 1 220
1588009349810 1 221
1588009354134 1 222
1588009358454 1 223
1588009362753 1 224
1588009367063 1 225
1588009371371 1 226
1588009375719 1 227
1588009380089 1 228
1588009384531 1 229
1588009388901 1 230
1588009393408 1 231
1588009397793 1 232
1588009402139 1 233
1588009406457 1 234
1588009410783 1 235
1588009415133 1 236
1588009419614 1 237
1588009424129 1 238
1588009428664 1 239
1588009433111 1 240
1588009437471 1 241
1588009441933 1 242
1588009446407 1 243
1588009450856 1 244
1588009455357 1 245
1588009459809 1 246
1588009464179 1 247
1588009468560 1 248
1588009473025 1 249
1588009477411 1 250
1588009481804 1 251
1588009486259 1 252
1588009490727 1 253
1588009495081 1 254
1588009499397 1 255
1588009503781 1 256
1588009508107 1 257
1588009512423 1 258
1588009517258 1 259
1588009521608 1 260
1588009525930 1 261
1588009530240 1 262
1588009534554 1 263
1588009538876 1 264
1588009543202 1 265
1588009547594 1 266
1588009551906 1 267
1588009556216 1 268
1588009560564 1 269
1588009564975 1 270
1588009569436 1 271
1588009573821 1 272
1588009578209 1 273
1588009582569 1 274
1588009586971 1 275
1588009591412 1 276
1588009595901 1 277
1588009600261 1 278
1588009604598 1 279
1588009608957 1 280
1588009613302 1 281
1588009617637 1 282
1588009622014 1 283
1588009626390 1 284
1588009630892 1 285
1588009635404 1 286
1588009639941 1 287
1588009644426 1 288
1588009648859 1 289
1588009653332 1 290
1588009657773 1 291
1588009662218 1 292
1588009666677 1 293
1588009671173 1 294
1588009675705 1 295
1588009680157 1 296
1588009684686 1 297
1588009689130 1 298
1588009693667 1 299
1588009698729 1 300
1588009703278 1 301
1588009707777 1 302
1588009712292 1 303
1588009716765 1 304
1588009721270 1 305
1588009725775 1 306
1588009730167 1 307
1588009734494 1 308
1588009738857 1 309
1588009743283 1 310
1588009747599 1 311
1588009751915 1 312
1588009756311 1 313
1588009760751 1 314
1588009765168 1 315
1588009769472 1 316
1588009773789 1 317
1588009778097 1 318
1588009782413 1 319
1588009786746 1 320
1588009791056 1 321
1588009795446 1 322
1588009799891 1 323
1588009804342 1 324
1588009808806 1 325
1588009813237 1 326
1588009817577 1 327
1588009821894 1 328
1588009826177 1 329
1588009830476 1 330
1588009834784 1 331
1588009839153 1 332
1588009843467 1 333
1588009847829 1 334
1588009852191 1 335
1588009856605 1 336
1588009861037 1 337
1588009865477 1 338
1588009869812 1 339
1588009874135 1 340
1588009879071 1 341
1588009883374 1 342
1588009887702 1 343
1588009892024 1 344
1588009896410 1 345
1588009900707 1 346
1588009905122 1 347
1588009909532 1 348
1588009913975 1 349
1588009918430 1 350
1588009922920 1 351
1588009927350 1 352
1588009931769 1 353
1588009936193 1 354
1588009940516 1 355
1588009944875 1 356
1588009949246 1 357
1588009953566 1 358
1588009957883 1 359
1588009962220 1 360
1588009966518 1 361
1588009970906 1 362
1588009975356 1 363
1588009979749 1 364
1588009984094 1 365
1588009988435 1 366
1588009992921 1 367
1588009997394 1 368
1588010001851 1 369
1588010006188 1 370
1588010010478 1 371
1588010014759 1 372
1588010019048 1 373
1588010023339 1 374
1588010027655 1 375
1588010031981 1 376
1588010036298 1 377
1588010040666 1 378
1588010045093 1 379
1588010049428 1 380
1588010053834 1 381
1588010058725 1 382
1588010063025 1 383
1588010067324 1 384
1588010071651 1 385
1588010075981 1 386
1588010080295 1 387
1588010084587 1 388
1588010088875 1 389
1588010093214 1 390
1588010097568 1 391
1588010101998 1 392
1588010106428 1 393
1588010110831 1 394
1588010115169 1 395
1588010119582 1 396
1588010123900 1 397
1588010128204 1 398
1588010132585 1 399
1588010137033 1 400
1588010141498 1 401
1588010145802 1 402
1588010150098 1 403
1588010154407 1 404
1588010158718 1 405
1588010163105 1 406
1588010167617 1 407
1588010172017 1 408
1588010176414 1 409
1588010180933 1 410
1588010185437 1 411
1588010189849 1 412
1588010194317 1 413
1588010198803 1 414
1588010203119 1 415
1588010207423 1 416
1588010211815 1 417
1588010216186 1 418
1588010220512 1 419
1588010224881 1 420
1588010229210 1 421
1588010233538 1 422
1588010238390 1 423
1588010242696 1 424
1588010247026 1 425
1588010251439 1 426
1588010255791 1 427
1588010260143 1 428
1588010264510 1 429
1588010268885 1 430
1588010273271 1 431
1588010277644 1 432
1588010282002 1 433
1588010286341 1 434
1588010290688 1 435
1588010295018 1 436
1588010299359 1 437
1588010303723 1 438
1588010308069 1 439
1588010312531 1 440
1588010316928 1 441
1588010321497 1 442
1588010326135 1 443
1588010330649 1 444
1588010335036 1 445
1588010339347 1 446
1588010343714 1 447
1588010348046 1 448
1588010352558 1 449
1588010357057 1 450
1588010361481 1 451
1588010365806 1 452
1588010370126 1 453
1588010374436 1 454
1588010378796 1 455
1588010383130 1 456
1588010387475 1 457
1588010391813 1 458
1588010396199 1 459
1588010400551 1 460
1588010404963 1 461
1588010409427 1 462
1588010413813 1 463
1588010418777 1 464
1588010423249 1 465
1588010427617 1 466
1588010432060 1 467
1588010436627 1 468
1588010441112 1 469
1588010445539 1 470
1588010449909 1 471
1588010454295 1 472
1588010458839 1 473
1588010463385 1 474
1588010467762 1 475
1588010472178 1 476
1588010476685 1 477
1588010481125 1 478
1588010485606 1 479
1588010490107 1 480
1588010494510 1 481
1588010498963 1 482
1588010503413 1 483
1588010507770 1 484
1588010512214 1 485
1588010516548 1 486
1588010520950 1 487
1588010525458 1 488
1588010529974 1 489
1588010534459 1 490
1588010538794 1 491
1588010543228 1 492
1588010547662 1 493
1588010552071 1 494
1588010556471 1 495
1588010560811 1 496
1588010565134 1 497
1588010569569 1 498
1588010574039 1 499
1588010578503 1 500
1588010583051 1 501
1588010587538 1 502
1588010592007 1 503
1588010596791 1 504
1588010601403 1 505
1588010605845 1 506
1588010610184 1 507
1588010614495 1 508
1588010618808 1 509
1588010623173 1 510
1588010627509 1 511
1588010631944 1 512
1588010636362 1 513
1588010640769 1 514
1588010645221 1 515
1588010649539 1 516
1588010653851 1 517
1588010658237 1 518
1588010662550 1 519
1588010666857 1 520
1588010671165 1 521
1588010675480 1 522
1588010679783 1 523
1588010684087 1 524
1588010688399 1 525
1588010692697 1 526
1588010697041 1 527
1588010701446 1 528
1588010705865 1 529
1588010710249 1 530
1588010714588 1 531
1588010719017 1 532
1588010723486 1 533
1588010727963 1 534
1588010732369 1 535
1588010736816 1 536
1588010741254 1 537
1588010745642 1 538
1588010749978 1 539
1588010754303 1 540
1588010758626 1 541
1588010762961 1 542
1588010767258 1 543
1588010771560 1 544
1588010776203 1 545
1588010780727 1 546
1588010785016 1 547
1588010789351 1 548
1588010793786 1 549
1588010798278 1 550
1588010802708 1 551
1588010807183 1 552
1588010811532 1 553
1588010815933 1 554
1588010820360 1 555
1588010824884 1 556
1588010829377 1 557
1588010833854 1 558
1588010838267 1 559
1588010842583 1 560
1588010847002 1 561
1588010851374 1 562
1588010855680 1 563
1588010859976 1 564
1588010864307 1 565
1588010868606 1 566
1588010872899 1 567
1588010877191 1 568
1588010881493 1 569
1588010885835 1 570
1588010890138 1 571
1588010894540 1 572
1588010898826 1 573
1588010903123 1 574
1588010907435 1 575
1588010911722 1 576
1588010916018 1 577
1588010920315 1 578
1588010924608 1 579
1588010928899 1 580
1588010933191 1 581
1588010937550 1 582
1588010941860 1 583
1588010946180 1 584
1588010950485 1 585
1588010954918 1 586
1588010959630 1 587
1588010963920 1 588
1588010968286 1 589
1588010972750 1 590
1588010977171 1 591
1588010981538 1 592
1588010985946 1 593
1588010990287 1 594
1588010994598 1 595
1588010998897 1 596
1588011003240 1 597
1588011007547 1 598
1588011011857 1 599
1588011016213 1 600
1588011020690 1 601
1588011025134 1 602
1588011029601 1 603
1588011034082 1 604
1588011038539 1 605
1588011043016 1 606
1588011047374 1 607
1588011051722 1 608
1588011056058 1 609
1588011060508 1 610
1588011065059 1 611
1588011069521 1 612
1588011073936 1 613
1588011078259 1 614
1588011082675 1 615
1588011087098 1 616
1588011091425 1 617
1588011095842 1 618
1588011100140 1 619
1588011104468 1 620
1588011108827 1 621
1588011113222 1 622
1588011117683 1 623
1588011122183 1 624
1588011126577 1 625
1588011130874 1 626
1588011135360 1 627
1588011140024 1 628
1588011144417 1 629
1588011148860 1 630
1588011153300 1 631
1588011157662 1 632
1588011161973 1 633
1588011166269 1 634
1588011170571 1 635
1588011174854 1 636
1588011179163 1 637
1588011183524 1 638
1588011187856 1 639
1588011192189 1 640
1588011196490 1 641
1588011200789 1 642
1588011205082 1 643
1588011209379 1 644
1588011213747 1 645
1588011218165 1 646
1588011222618 1 647
1588011227063 1 648
1588011231412 1 649
1588011235848 1 650
1588011240221 1 651
1588011244545 1 652
1588011248839 1 653
1588011253255 1 654
1588011257616 1 655
1588011261902 1 656
1588011266194 1 657
1588011270614 1 658
1588011274940 1 659
1588011279227 1 660
1588011283516 1 661
1588011287813 1 662
1588011292096 1 663
1588011296396 1 664
1588011300843 1 665
1588011305176 1 666
1588011309468 1 667
1588011313766 1 668
1588011318690 1 669
1588011322998 1 670
1588011327392 1 671
1588011331687 1 672
1588011336054 1 673
1588011340490 1 674
1588011344902 1 675
1588011349338 1 676
1588011353708 1 677
1588011357993 1 678
1588011362313 1 679
1588011366617 1 680
1588011370930 1 681
1588011375291 1 682
1588011379580 1 683
1588011383866 1 684
1588011388158 1 685
1588011392438 1 686
1588011396744 1 687
1588011401109 1 688
1588011405569 1 689
1588011410053 1 690
1588011414484 1 691
1588011418789 1 692
1588011423160 1 693
1588011427542 1 694
1588011431845 1 695
1588011436132 1 696
1588011440422 1 697
1588011444710 1 698
1588011448998 1 699
1588011453345 1 700
1588011457779 1 701
1588011462186 1 702
1588011466597 1 703
1588011471012 1 704
1588011475453 1 705
1588011479829 1 706
1588011484146 1 707
1588011488438 1 708
1588011492734 1 709
1588011497543 1 710
1588011501843 1 711
1588011506139 1 712
1588011510434 1 713
1588011514718 1 714
1588011519001 1 715
1588011523298 1 716
1588011527624 1 717
1588011532037 1 718
1588011536337 1 719
1588011540633 1 720
1588011545093 1 721
1588011549522 1 722
1588011553887 1 723
1588011558265 1 724
1588011562566 1 725
1588011566884 1 726
1588011571217 1 727
1588011575577 1 728
1588011579976 1 729
1588011584379 1 730
1588011588781 1 731
1588011593239 1 732
1588011597667 1 733
1588011602139 1 734
1588011606571 1 735
1588011610909 1 736
1588011615306 1 737
1588011619666 1 738
1588011623984 1 739
1588011628406 1 740
1588011632821 1 741
1588011637204 1 742
1588011641649 1 743
1588011646111 1 744
1588011650538 1 745
1588011654898 1 746
1588011659179 1 747
1588011663630 1 748
1588011668266 1 749
1588011673231 1 750
1588011678728 1 751
1588011683798 1 752
1588011688852 1 753
1588011693814 1 754
1588011698817 1 755
1588011703291 1 756
1588011707813 1 757
1588011712471 1 758
1588011717060 1 759
1588011721530 1 760
1588011726119 1 761
1588011730800 1 762
1588011735507 1 763
1588011740102 1 764
1588011744592 1 765
1588011749165 1 766
1588011753807 1 767
1588011758406 1 768
1588011762894 1 769
1588011767417 1 770
1588011771956 1 771
1588011776420 1 772
1588011780909 1 773
1588011785432 1 774
1588011789908 1 775
1588011794387 1 776
1588011798889 1 777
1588011803383 1 778
1588011807847 1 779
1588011812351 1 780
1588011816924 1 781
1588011821451 1 782
1588011825942 1 783
1588011830404 1 784
1588011834885 1 785
1588011839307 1 786
1588011843639 1 787
1588011848027 1 788
1588011852465 1 789
1588011857464 1 790
1588011861848 1 791
1588011866162 1 792
1588011870539 1 793
1588011874829 1 794
1588011879128 1 795
1588011883488 1 796
1588011887919 1 797
1588011892359 1 798
1588011896764 1 799
1588011901097 1 800
1588011905601 1 801
1588011910025 1 802
1588011914413 1 803
1588011918816 1 804
1588011923143 1 805
1588011927489 1 806
1588011931867 1 807
1588011936256 1 808
1588011940641 1 809
1588011944939 1 810
1588011949249 1 811
1588011953625 1 812
1588011958022 1 813
1588011962519 1 814
1588011966986 1 815
1588011971319 1 816
1588011975602 1 817
1588011979891 1 818
1588011984208 1 819
1588011988598 1 820
1588011992898 1 821
1588011997223 1 822
1588012001533 1 823
1588012005810 1 824
1588012010102 1 825
1588012014462 1 826
1588012018887 1 827
1588012023361 1 828
1588012027764 1 829
1588012032080 1 830
1588012036785 1 831
1588012041201 1 832
1588012045588 1 833
1588012049996 1 834
1588012054469 1 835
1588012058884 1 836
1588012063210 1 837
1588012067495 1 838
1588012071896 1 839
1588012076317 1 840
1588012080796 1 841
1588012085270 1 842
1588012089700 1 843
1588012094111 1 844
1588012098528 1 845
1588012102964 1 846
1588012107407 1 847
1588012111784 1 848
1588012116088 1 849
1588012120485 1 850
1588012124834 1 851
1588012129199 1 852
1588012133625 1 853
1588012137908 1 854
1588012142226 1 855
1588012146527 1 856
1588012150953 1 857
1588012155367 1 858
1588012159790 1 859
1588012164184 1 860
1588012168468 1 861
1588012172749 1 862
1588012177031 1 863
1588012181305 1 864
1588012185594 1 865
1588012189880 1 866
1588012194214 1 867
1588012198569 1 868
1588012202908 1 869
1588012207222 1 870
1588012211525 1 871
1588012216173 1 872
1588012220735 1 873
1588012225169 1 874
1588012229624 1 875
1588012233974 1 876
1588012238253 1 877
1588012242572 1 878
1588012247003 1 879
1588012251438 1 880
1588012255809 1 881
1588012260208 1 882
1588012264596 1 883
1588012268988 1 884
1588012273417 1 885
1588012277791 1 886
1588012282181 1 887
1588012286491 1 888
1588012290881 1 889
1588012295297 1 890
1588012299678 1 891
1588012304025 1 892
1588012308457 1 893
1588012312858 1 894
1588012317202 1 895
1588012321605 1 896
1588012325954 1 897
1588012330245 1 898
1588012334536 1 899
1588012338811 1 900
1588012343146 1 901
1588012347454 1 902
1588012351801 1 903
1588012356215 1 904
1588012360533 1 905
1588012364830 1 906
1588012369277 1 907
1588012373607 1 908
1588012377904 1 909
1588012382241 1 910
1588012386569 1 911
1588012390979 1 912
1588012395651 1 913
1588012400327 1 914
1588012404788 1 915
1588012409220 1 916
1588012413554 1 917
1588012417968 1 918
1588012422381 1 919
1588012426788 1 920
1588012431216 1 921
1588012435618 1 922
1588012439920 1 923
1588012444320 1 924
1588012448706 1 925
1588012453008 1 926
1588012457310 1 927
1588012461680 1 928
1588012465992 1 929
1588012470333 1 930
1588012474734 1 931
1588012479141 1 932
1588012483417 1 933
1588012487709 1 934
1588012492059 1 935
1588012496504 1 936
1588012500955 1 937
1588012505451 1 938
1588012509883 1 939
1588012514273 1 940
1588012518708 1 941
1588012523053 1 942
1588012527352 1 943
1588012531639 1 944
1588012536044 1 945
1588012540530 1 946
1588012544976 1 947
1588012549291 1 948
1588012553636 1 949
1588012558032 1 950
1588012562491 1 951
1588012566878 1 952
1588012571346 1 953
1588012576141 1 954
1588012580841 1 955
1588012585222 1 956
1588012589649 1 957
1588012594051 1 958
1588012598430 1 959
1588012602784 1 960
1588012607174 1 961
1588012611533 1 962
1588012615938 1 963
1588012620327 1 964
1588012624782 1 965
1588012629216 1 966
1588012633681 1 967
1588012638123 1 968
1588012642578 1 969
1588012647053 1 970
1588012651510 1 971
1588012655968 1 972
1588012660431 1 973
1588012664867 1 974
1588012669201 1 975
1588012673535 1 976
1588012677863 1 977
1588012682235 1 978
1588012686610 1 979
1588012691049 1 980
1588012695456 1 981
1588012699811 1 982
1588012704152 1 983
1588012708510 1 984
1588012712849 1 985
1588012717177 1 986
1588012721506 1 987
1588012725876 1 988
1588012730196 1 989
1588012734568 1 990
1588012738886 1 991
1588012743241 1 992
1588012747568 1 993
1588012752009 1 994
1588012756730 1 995
1588012761176 1 996
1588012765521 1 997
1588012769859 1 998
1588012774327 1 999
1588012778780 1 1000
1588012783273 1 1001
1588012787749 1 1002
1588012792246 1 1003
1588012796807 1 1004
1588012801355 1 1005
1588012805988 1 1006
1588012810538 1 1007
1588012815013 1 1008
1588012819384 1 1009
1588012823731 1 1010
1588012828076 1 1011
1588012832417 1 1012
1588012836746 1 1013
1588012841072 1 1014
1588012845419 1 1015
1588012849742 1 1016
1588012854072 1 1017
1588012858495 1 1018
1588012862917 1 1019
1588012867503 1 1020
1588012872035 1 1021
1588012876526 1 1022
1588012881012 1 1023
1588012885505 1 1024
1588012890044 1 1025
1588012894594 1 1026
1588012899090 1 1027
1588012903623 1 1028
1588012908195 1 1029
1588012912795 1 1030
1588012917389 1 1031
1588012921888 1 1032
1588012926367 1 1033
1588012930862 1 1034
1588012935603 1 1035
1588012940394 1 1036
1588012944860 1 1037
1588012949376 1 1038
1588012953815 1 1039
1588012958170 1 1040
1588012962585 1 1041
1588012967012 1 1042
1588012971398 1 1043
1588012975808 1 1044
1588012980182 1 1045
1588012984556 1 1046
1588012988946 1 1047
1588012993454 1 1048
1588012997942 1 1049
1588013002302 1 1050
1588013006695 1 1051
1588013011173 1 1052
1588013015659 1 1053
1588013020098 1 1054
1588013024492 1 1055
1588013028963 1 1056
1588013033504 1 1057
1588013038015 1 1058
1588013042547 1 1059
1588013047118 1 1060
1588013051680 1 1061
1588013056174 1 1062
1588013060628 1 1063
1588013065083 1 1064
1588013069476 1 1065
1588013073873 1 1066
1588013078189 1 1067
1588013082612 1 1068
1588013087050 1 1069
1588013091510 1 1070
1588013095913 1 1071
1588013100334 1 1072
1588013104801 1 1073
1588013109194 1 1074
1588013113598 1 1075
1588013118625 1 1076
1588013123064 1 1077
1588013127402 1 1078
1588013131691 1 1079
1588013135993 1 1080
1588013140281 1 1081
1588013144586 1 1082
1588013148872 1 1083
1588013153300 1 1084
1588013157673 1 1085
1588013161998 1 1086
1588013166303 1 1087
1588013170625 1 1088
1588013174991 1 1089
1588013179462 1 1090
1588013183910 1 1091
1588013188224 1 1092
1588013192515 1 1093
1588013196881 1 1094
1588013201174 1 1095
1588013205454 1 1096
1588013209819 1 1097
1588013214113 1 1098
1588013218480 1 1099
1588013222925 1 1100
1588013227358 1 1101
1588013231642 1 1102
1588013236038 1 1103
1588013240470 1 1104
1588013244885 1 1105
1588013249219 1 1106
1588013253615 1 1107
1588013257906 1 1108
1588013262279 1 1109
1588013266631 1 1110
1588013270938 1 1111
1588013275253 1 1112
1588013279634 1 1113
1588013284114 1 1114
1588013288586 1 1115
1588013293058 1 1116
1588013298089 1 1117
1588013302597 1 1118
1588013307010 1 1119
1588013311390 1 1120
1588013315785 1 1121
1588013320239 1 1122
1588013324725 1 1123
1588013329212 1 1124
1588013333709 1 1125
1588013338147 1 1126
1588013342583 1 1127
1588013346962 1 1128
1588013351419 1 1129
1588013355802 1 1130
1588013360103 1 1131
1588013364409 1 1132
1588013368731 1 1133
1588013373150 1 1134
1588013377505 1 1135
1588013381799 1 1136
1588013386150 1 1137
1588013390497 1 1138
1588013394823 1 1139
1588013399239 1 1140
1588013403612 1 1141
1588013407950 1 1142
1588013412344 1 1143
1588013416663 1 1144
1588013420981 1 1145
1588013425303 1 1146
1588013429618 1 1147
1588013433922 1 1148
1588013438251 1 1149
1588013442708 1 1150
1588013447162 1 1151
1588013451632 1 1152
1588013456056 1 1153
1588013460372 1 1154
1588013464823 1 1155
1588013469157 1 1156
1588013473455 1 1157
1588013478409 1 1158
1588013482803 1 1159
1588013487228 1 1160
1588013491576 1 1161
1588013495868 1 1162
1588013500257 1 1163
1588013504635 1 1164
1588013509049 1 1165
1588013513507 1 1166
1588013517944 1 1167
1588013522424 1 1168
1588013526795 1 1169
1588013531332 1 1170
1588013535863 1 1171
1588013540330 1 1172
1588013544689 1 1173
1588013549006 1 1174
1588013553341 1 1175
1588013557653 1 1176
1588013561980 1 1177
1588013566283 1 1178
1588013570604 1 1179
1588013575108 1 1180
1588013579625 1 1181
1588013584130 1 1182
1588013588478 1 1183
1588013592900 1 1184
1588013597244 1 1185
1588013601571 1 1186
1588013605959 1 1187
1588013610394 1 1188
1588013614753 1 1189
1588013619137 1 1190
1588013623440 1 1191
1588013627807 1 1192
1588013632170 1 1193
1588013636478 1 1194
1588013640906 1 1195
1588013645359 1 1196
1588013649771 1 1197
1588013654166 1 1198
1588013659118 1 1199
1588013663577 1 1200
1588013667982 1 1201
1588013672402 1 1202
1588013676887 1 1203
1588013681282 1 1204
1588013685577 1 1205
1588013689884 1 1206
1588013694300 1 1207
1588013698721 1 1208
1588013703058 1 1209
1588013707437 1 1210
1588013711823 1 1211
1588013716125 1 1212
1588013720439 1 1213
1588013724827 1 1214
1588013729266 1 1215
1588013733615 1 1216
1588013738070 1 1217
1588013742502 1 1218
1588013746890 1 1219
1588013751248 1 1220
1588013755679 1 1221
1588013760003 1 1222
1588013764425 1 1223
1588013768751 1 1224
1588013773044 1 1225
1588013777359 1 1226
1588013781784 1 1227
1588013786200 1 1228
1588013790562 1 1229
1588013794995 1 1230
1588013799362 1 1231
1588013803646 1 1232
1588013807936 1 1233
1588013812250 1 1234
1588013816601 1 1235
1588013820889 1 1236
1588013825297 1 1237
1588013829688 1 1238
1588013833986 1 1239
1588013838851 1 1240
1588013843129 1 1241
1588013847428 1 1242
1588013851722 1 1243
1588013856013 1 1244
1588013860313 1 1245
1588013864610 1 1246
1588013868979 1 1247
1588013873327 1 1248
1588013877619 1 1249
1588013881947 1 1250
1588013886255 1 1251
1588013890549 1 1252
1588013894835 1 1253
1588013899133 1 1254
1588013903444 1 1255
1588013907743 1 1256
1588013912031 1 1257
1588013916410 1 1258
1588013920773 1 1259
1588013925088 1 1260
1588013929391 1 1261
1588013933682 1 1262
1588013938064 1 1263
1588013942440 1 1264
1588013946748 1 1265
1588013951037 1 1266
1588013955326 1 1267
1588013959627 1 1268
1588013963908 1 1269
1588013968240 1 1270
1588013972593 1 1271
1588013976883 1 1272
1588013981170 1 1273
1588013985504 1 1274
1588013989939 1 1275
1588013994356 1 1276
1588013998739 1 1277
1588014003075 1 1278
1588014007368 1 1279
1588014011690 1 1280
1588014016409 1 1281
1588014020949 1 1282
1588014025294 1 1283
1588014029632 1 1284
1588014033998 1 1285
1588014038381 1 1286
1588014042872 1 1287
1588014047197 1 1288
1588014051615 1 1289
1588014056052 1 1290
1588014060409 1 1291
1588014064892 1 1292
1588014069339 1 1293
1588014073991 1 1294
1588014078583 1 1295
1588014083041 1 1296
1588014087502 1 1297
1588014091999 1 1298
1588014096477 1 1299
1588014101137 1 1300
1588014105827 1 1301
1588014110382 1 1302
1588014114887 1 1303
1588014119455 1 1304
1588014124021 1 1305
1588014128578 1 1306
1588014133141 1 1307
1588014137672 1 1308
1588014142220 1 1309
1588014146717 1 1310
1588014151228 1 1311
1588014155681 1 1312
1588014160227 1 1313
1588014164709 1 1314
1588014169288 1 1315
1588014173885 1 1316
1588014178465 1 1317
1588014182974 1 1318
1588014187539 1 1319
1588014192137 1 1320
1588014197118 1 1321
1588014201584 1 1322
1588014206069 1 1323
1588014210629 1 1324
1588014215207 1 1325
1588014219708 1 1326
1588014224127 1 1327
1588014228545 1 1328
1588014232961 1 1329
1588014237397 1 1330
1588014241854 1 1331
1588014246291 1 1332
1588014250717 1 1333
1588014255144 1 1334
1588014259571 1 1335
1588014264076 1 1336
1588014268539 1 1337
1588014272953 1 1338
1588014277394 1 1339
1588014281846 1 1340
1588014286279 1 1341
1588014290791 1 1342
1588014295354 1 1343
1588014299903 1 1344
1588014304402 1 1345
1588014308869 1 1346
1588014313404 1 1347
1588014317955 1 1348
1588014322446 1 1349
1588014326977 1 1350
1588014331451 1 1351
1588014335868 1 1352
1588014340290 1 1353
1588014344800 1 1354
1588014349327 1 1355
1588014353863 1 1356
1588014358462 1 1357
1588014363086 1 1358
1588014367647 1 1359
1588014372101 1 1360
1588014377099 1 1361
1588014381673 1 1362
1588014386090 1 1363
1588014390510 1 1364
1588014394940 1 1365
1588014399353 1 1366
1588014403778 1 1367
1588014408196 1 1368
1588014412606 1 1369
1588014417016 1 1370
1588014421449 1 1371
1588014426018 1 1372
1588014430500 1 1373
1588014435004 1 1374
1588014439587 1 1375
1588014444157 1 1376
1588014448695 1 1377
1588014453130 1 1378
1588014457639 1 1379
1588014462075 1 1380
1588014466599 1 1381
1588014471148 1 1382
1588014475698 1 1383
1588014480252 1 1384
1588014484786 1 1385
1588014489202 1 1386
1588014493614 1 1387
1588014498043 1 1388
1588014502458 1 1389
1588014506884 1 1390
1588014511395 1 1391
1588014515981 1 1392
1588014520458 1 1393
1588014524867 1 1394
1588014529310 1 1395
1588014533738 1 1396
1588014538152 1 1397
1588014542602 1 1398
1588014547105 1 1399
1588014551517 1 1400
1588014556338 1 1401
1588014560943 1 1402
1588014565353 1 1403
1588014569772 1 1404
1588014574197 1 1405
1588014578616 1 1406
1588014583040 1 1407
1588014587476 1 1408
1588014591913 1 1409
1588014596385 1 1410
1588014600824 1 1411
1588014605298 1 1412
1588014609841 1 1413
1588014614384 1 1414
1588014618990 1 1415
1588014623493 1 1416
1588014627932 1 1417
1588014632370 1 1418
1588014636801 1 1419
1588014641255 1 1420
1588014645693 1 1421
1588014650248 1 1422
1588014654783 1 1423
1588014659377 1 1424
1588014663994 1 1425
1588014668580 1 1426
1588014673143 1 1427
1588014677699 1 1428
1588014682242 1 1429
1588014686865 1 1430
1588014691423 1 1431
1588014695870 1 1432
1588014700373 1 1433
1588014704990 1 1434
1588014709593 1 1435
1588014714164 1 1436
1588014718732 1 1437
1588014723323 1 1438
1588014727791 1 1439
1588014732236 1 1440
1588014737163 1 1441
1588014741634 1 1442
1588014746055 1 1443
1588014750486 1 1444
1588014754919 1 1445
1588014759350 1 1446
1588014763785 1 1447
1588014768216 1 1448
1588014772642 1 1449
1588014777082 1 1450
1588014781603 1 1451
1588014786220 1 1452
1588014790803 1 1453
1588014795362 1 1454
1588014799949 1 1455
1588014804527 1 1456
1588014809042 1 1457
1588014813593 1 1458
1588014818145 1 1459
1588014822732 1 1460
1588014827282 1 1461
1588014831828 1 1462
1588014836322 1 1463
1588014840762 1 1464
1588014845245 1 1465
1588014849703 1 1466
1588014854130 1 1467
1588014858563 1 1468
1588014863002 1 1469
1588014867458 1 1470
1588014871951 1 1471
1588014876488 1 1472
1588014880916 1 1473
1588014885345 1 1474
1588014889786 1 1475
1588014894265 1 1476
1588014898784 1 1477
1588014903378 1 1478
1588014907826 1 1479
1588014912277 1 1480
1588014917261 1 1481
1588014921700 1 1482
1588014926131 1 1483
1588014930566 1 1484
1588014935004 1 1485
1588014939451 1 1486
1588014943983 1 1487
1588014948438 1 1488
1588014952931 1 1489
1588014957446 1 1490
1588014961897 1 1491
1588014966341 1 1492
1588014970848 1 1493
1588014975266 1 1494
1588014979760 1 1495
1588014984283 1 1496
1588014988845 1 1497
1588014993456 1 1498
1588014998068 1 1499
1588015002609 1 1500
1588015007188 1 1501
1588015011689 1 1502
1588015016231 1 1503
1588015020828 1 1504
1588015025470 1 1505
1588015030045 1 1506
1588015034630 1 1507
1588015039234 1 1508
1588015043823 1 1509
1588015048376 1 1510
1588015052966 1 1511
1588015057551 1 1512
1588015062088 1 1513
1588015066610 1 1514
1588015071097 1 1515
1588015075700 1 1516
1588015080279 1 1517
1588015084837 1 1518
1588015089380 1 1519
1588015093982 1 1520
1588015099088 1 1521
1588015103646 1 1522
1588015108075 1 1523
1588015112499 1 1524
1588015116934 1 1525
1588015121356 1 1526
1588015125780 1 1527
1588015130204 1 1528
1588015134629 1 1529
1588015139090 1 1530
1588015143689 1 1531
1588015148250 1 1532
1588015152753 1 1533
1588015157294 1 1534
1588015161890 1 1535
1588015166467 1 1536
1588015170927 1 1537
1588015175360 1 1538
1588015179785 1 1539
1588015184218 1 1540
1588015188630 1 1541
1588015193045 1 1542
1588015197479 1 1543
1588015202043 1 1544
1588015206585 1 1545
1588015211018 1 1546
1588015215449 1 1547
1588015219883 1 1548
1588015224314 1 1549
1588015228754 1 1550
1588015233178 1 1551
1588015237590 1 1552
1588015242006 1 1553
1588015246421 1 1554
1588015250843 1 1555
1588015255262 1 1556
1588015259691 1 1557
1588015264140 1 1558
1588015268564 1 1559
1588015273008 1 1560
1588015277969 1 1561
1588015282382 1 1562
1588015286810 1 1563
1588015291232 1 1564
1588015295744 1 1565
1588015300220 1 1566
1588015304760 1 1567
1588015309168 1 1568
1588015313600 1 1569
1588015318058 1 1570
1588015322514 1 1571
1588015326944 1 1572
1588015331421 1 1573
1588015335931 1 1574
1588015340461 1 1575
1588015345063 1 1576
1588015349586 1 1577
1588015354008 1 1578
1588015358436 1 1579
1588015362874 1 1580
1588015367291 1 1581
1588015371711 1 1582
1588015376272 1 1583
1588015380884 1 1584
1588015385475 1 1585
1588015390017 1 1586
1588015394569 1 1587
1588015399078 1 1588
1588015403664 1 1589
1588015408220 1 1590
1588015412656 1 1591
1588015417081 1 1592
1588015421505 1 1593
1588015425945 1 1594
1588015430392 1 1595
1588015434837 1 1596
1588015439254 1 1597
1588015443700 1 1598
1588015448127 1 1599
1588015452556 1 1600
1588015457531 1 1601
1588015461950 1 1602
1588015466382 1 1603
1588015470817 1 1604
1588015475262 1 1605
1588015479710 1 1606
1588015484164 1 1607
1588015488592 1 1608
1588015493020 1 1609
1588015497461 1 1610
1588015502040 1 1611
1588015506572 1 1612
1588015511149 1 1613
1588015515688 1 1614
1588015520157 1 1615
1588015524698 1 1616
1588015529259 1 1617
1588015533825 1 1618
1588015538378 1 1619
1588015542973 1 1620
1588015547536 1 1621
1588015551954 1 1622
1588015556427 1 1623
1588015560908 1 1624
1588015565525 1 1625
1588015570140 1 1626
1588015574665 1 1627
1588015579222 1 1628
1588015583652 1 1629
1588015588094 1 1630
1588015592513 1 1631
1588015596925 1 1632
1588015601390 1 1633
1588015605966 1 1634
1588015610457 1 1635
1588015614996 1 1636
1588015619425 1 1637
1588015624013 1 1638
1588015628581 1 1639
1588015633099 1 1640
1588015638129 1 1641
1588015642705 1 1642
1588015647273 1 1643
1588015651836 1 1644
1588015656351 1 1645
1588015660889 1 1646
1588015665475 1 1647
1588015670003 1 1648
1588015674550 1 1649
1588015678982 1 1650
1588015683512 1 1651
1588015688007 1 1652
1588015692485 1 1653
1588015697051 1 1654
1588015701660 1 1655
1588015706159 1 1656
1588015710738 1 1657
1588015715276 1 1658
1588015719831 1 1659
1588015724423 1 1660
1588015728915 1 1661
1588015733329 1 1662
1588015737855 1 1663
1588015742397 1 1664
1588015746973 1 1665
1588015751555 1 1666
1588015756044 1 1667
1588015760583 1 1668
1588015765055 1 1669
1588015769609 1 1670
1588015774168 1 1671
1588015778700 1 1672
1588015783129 1 1673
1588015787584 1 1674
1588015792036 1 1675
1588015796474 1 1676
1588015800930 1 1677
1588015805557 1 1678
1588015810150 1 1679
1588015814787 1 1680
1588015819685 1 1681
1588015824130 1 1682
1588015828677 1 1683
1588015833149 1 1684
1588015837686 1 1685
1588015842124 1 1686
1588015846546 1 1687
1588015851097 1 1688
1588015855552 1 1689
1588015860052 1 1690
1588015864680 1 1691
1588015869265 1 1692
1588015873691 1 1693
1588015878118 1 1694
1588015882558 1 1695
1588015886980 1 1696
1588015891455 1 1697
1588015896028 1 1698
1588015900651 1 1699
1588015905259 1 1700
1588015909751 1 1701
1588015914223 1 1702
1588015918845 1 1703
1588015923343 1 1704
1588015927798 1 1705
1588015932308 1 1706
1588015936761 1 1707
1588015941219 1 1708
1588015945672 1 1709
1588015950156 1 1710
1588015954595 1 1711
1588015959024 1 1712
1588015963439 1 1713
1588015967855 1 1714
1588015972293 1 1715
1588015976711 1 1716
1588015981138 1 1717
1588015985597 1 1718
1588015990021 1 1719
1588015994653 1 1720
1588015999672 1 1721
1588016004250 1 1722
1588016008808 1 1723
1588016013254 1 1724
1588016017766 1 1725
1588016022325 1 1726
1588016026891 1 1727
1588016031468 1 1728
1588016035990 1 1729
1588016040429 1 1730
1588016044965 1 1731
1588016049395 1 1732
1588016053821 1 1733
1588016058353 1 1734
1588016062802 1 1735
1588016067225 1 1736
1588016071719 1 1737
1588016076222 1 1738
1588016080651 1 1739
1588016085084 1 1740
1588016089505 1 1741
1588016093976 1 1742
1588016098433 1 1743
1588016102921 1 1744
1588016107480 1 1745
1588016112032 1 1746
1588016116575 1 1747
1588016121161 1 1748
1588016125644 1 1749
1588016130086 1 1750
1588016134595 1 1751
1588016139084 1 1752
1588016143627 1 1753
1588016148174 1 1754
1588016152764 1 1755
1588016157353 1 1756
1588016161958 1 1757
1588016166536 1 1758
1588016171110 1 1759
1588016175855 1 1760
1588016180584 1 1761
1588016185096 1 1762
1588016189646 1 1763
1588016194070 1 1764
1588016198642 1 1765
1588016203118 1 1766
1588016207577 1 1767
1588016212079 1 1768
1588016216571 1 1769
1588016221092 1 1770
1588016225656 1 1771
1588016230148 1 1772
1588016234687 1 1773
1588016239233 1 1774
1588016243735 1 1775
1588016248195 1 1776
1588016252688 1 1777
1588016257153 1 1778
1588016261576 1 1779
1588016266007 1 1780
1588016270444 1 1781
1588016275002 1 1782
1588016279556 1 1783
1588016284162 1 1784
1588016288782 1 1785
1588016293317 1 1786
1588016297870 1 1787
1588016302416 1 1788
1588016306968 1 1789
1588016311516 1 1790
1588016315936 1 1791
1588016320433 1 1792
1588016324905 1 1793
1588016329320 1 1794
1588016333747 1 1795
1588016338176 1 1796
1588016342634 1 1797
1588016347063 1 1798
1588016351612 1 1799
1588016356584 1 1800
1588016361380 1 1801
1588016365916 1 1802
1588016370362 1 1803
1588016374847 1 1804
1588016379418 1 1805
1588016383980 1 1806
1588016388393 1 1807
1588016392819 1 1808
1588016397404 1 1809
1588016402044 1 1810
1588016406582 1 1811
1588016411044 1 1812
1588016415529 1 1813
1588016419955 1 1814
1588016424389 1 1815
1588016428861 1 1816
1588016433276 1 1817
1588016437702 1 1818
1588016442126 1 1819
1588016446546 1 1820
1588016450972 1 1821
1588016455384 1 1822
1588016459897 1 1823
1588016464386 1 1824
1588016468905 1 1825
1588016473374 1 1826
1588016477941 1 1827
1588016482494 1 1828
1588016486960 1 1829
1588016491519 1 1830
1588016496114 1 1831
1588016500658 1 1832
1588016505173 1 1833
1588016509688 1 1834
1588016514158 1 1835
1588016518630 1 1836
1588016523113 1 1837
1588016527621 1 1838
1588016532186 1 1839
1588016537226 1 1840
1588016541800 1 1841
1588016546377 1 1842
1588016550938 1 1843
1588016555508 1 1844
1588016560096 1 1845
1588016564588 1 1846
1588016569013 1 1847
1588016573436 1 1848
1588016577861 1 1849
1588016582352 1 1850
1588016586926 1 1851
1588016591478 1 1852
1588016595895 1 1853
1588016600407 1 1854
1588016604971 1 1855
1588016609505 1 1856
1588016613935 1 1857
1588016618401 1 1858
1588016622887 1 1859
1588016627456 1 1860
1588016631912 1 1861
1588016636474 1 1862
1588016641013 1 1863
1588016645484 1 1864
1588016649925 1 1865
1588016654359 1 1866
1588016658781 1 1867
1588016663205 1 1868
1588016667631 1 1869
1588016672062 1 1870
1588016676552 1 1871
1588016680983 1 1872
1588016685410 1 1873
1588016689837 1 1874
1588016694274 1 1875
1588016698695 1 1876
1588016703274 1 1877
1588016707816 1 1878
1588016712262 1 1879
1588016717332 1 1880
1588016721933 1 1881
1588016726549 1 1882
1588016731049 1 1883
1588016735613 1 1884
1588016740190 1 1885
1588016744675 1 1886
1588016749235 1 1887
1588016753728 1 1888
1588016758173 1 1889
1588016762659 1 1890
1588016767197 1 1891
1588016771736 1 1892
1588016776283 1 1893
1588016780868 1 1894
1588016785431 1 1895
1588016789894 1 1896
1588016794437 1 1897
1588016798912 1 1898
1588016803424 1 1899
1588016808009 1 1900
1588016812647 1 1901
1588016817194 1 1902
1588016821781 1 1903
1588016826381 1 1904
1588016830905 1 1905
1588016835446 1 1906
1588016840022 1 1907
1588016844623 1 1908
1588016849094 1 1909
1588016853543 1 1910
1588016858000 1 1911
1588016862554 1 1912
1588016867107 1 1913
1588016871668 1 1914
1588016876232 1 1915
1588016880779 1 1916
1588016885344 1 1917
1588016889854 1 1918
1588016894321 1 1919
1588016899254 1 1920
1588016903683 1 1921
1588016908103 1 1922
1588016912600 1 1923
1588016917140 1 1924
1588016921585 1 1925
1588016926023 1 1926
1588016930452 1 1927
1588016934958 1 1928
1588016939538 1 1929
1588016944077 1 1930
1588016948509 1 1931
1588016952960 1 1932
1588016957405 1 1933
1588016961832 1 1934
1588016966278 1 1935
1588016970732 1 1936
1588016975272 1 1937
1588016979795 1 1938
1588016984355 1 1939
1588016988792 1 1940
1588016993233 1 1941
1588016997745 1 1942
1588017002372 1 1943
1588017006939 1 1944
1588017011393 1 1945
1588017015861 1 1946
1588017020405 1 1947
1588017024875 1 1948
1588017029441 1 1949
1588017034038 1 1950
1588017038668 1 1951
1588017043247 1 1952
1588017047829 1 1953
1588017052391 1 1954
1588017056998 1 1955
1588017061593 1 1956
1588017066178 1 1957
1588017070750 1 1958
1588017075546 1 1959
1588017080437 1 1960
1588017084934 1 1961
1588017089364 1 1962
1588017093826 1 1963
1588017098258 1 1964
1588017102677 1 1965
1588017107134 1 1966
1588017111698 1 1967
1588017116161 1 1968
1588017120608 1 1969
1588017125073 1 1970
1588017129510 1 1971
1588017133953 1 1972
1588017138379 1 1973
1588017142810 1 1974
1588017147251 1 1975
1588017151677 1 1976
1588017156110 1 1977
1588017160544 1 1978
1588017164992 1 1979
1588017169436 1 1980
1588017173871 1 1981
1588017178309 1 1982
1588017182775 1 1983
1588017187203 1 1984
1588017191649 1 1985
1588017196094 1 1986
1588017200568 1 1987
1588017205161 1 1988
1588017209721 1 1989
1588017214275 1 1990
1588017218766 1 1991
1588017223294 1 1992
1588017227766 1 1993
1588017232246 1 1994
1588017236694 1 1995
1588017241150 1 1996
1588017245689 1 1997
1588017250151 1 1998
1588017254730 1 1999
1588017259624 1 2000
1588017264201 1 2001
1588017268624 1 2002
1588017273121 1 2003
1588017277613 1 2004
1588017282197 1 2005
1588017286666 1 2006
1588017291051 1 2007
1588017295450 1 2008
1588017299817 1 2009
1588017304261 1 2010
1588017308624 1 2011
1588017312984 1 2012
1588017317358 1 2013
1588017321780 1 2014
1588017326254 1 2015
1588017330631 1 2016
1588017335032 1 2017
1588017339405 1 2018
1588017343842 1 2019
1588017348292 1 2020
1588017352672 1 2021
1588017357110 1 2022
1588017361542 1 2023
1588017366089 1 2024
1588017370536 1 2025
1588017375030 1 2026
1588017379543 1 2027
1588017384036 1 2028
1588017388577 1 2029
1588017393143 1 2030
1588017397625 1 2031
1588017402004 1 2032
1588017406417 1 2033
1588017410812 1 2034
1588017415276 1 2035
1588017419687 1 2036
1588017424256 1 2037
1588017428686 1 2038
1588017433205 1 2039
1588017438235 1 2040
1588017442749 1 2041
1588017447143 1 2042
1588017451536 1 2043
1588017456055 1 2044
1588017460535 1 2045
1588017464922 1 2046
1588017469392 1 2047
1588017473941 1 2048
1588017478480 1 2049
1588017482994 1 2050
1588017487463 1 2051
1588017491989 1 2052
1588017496564 1 2053
1588017501137 1 2054
1588017505634 1 2055
1588017510104 1 2056
1588017514447 1 2057
1588017518812 1 2058
1588017523193 1 2059
1588017527596 1 2060
1588017531982 1 2061
1588017536352 1 2062
1588017540807 1 2063
1588017545335 1 2064
1588017549882 1 2065
1588017554427 1 2066
1588017558892 1 2067
1588017563284 1 2068
1588017567664 1 2069
1588017572046 1 2070
1588017576450 1 2071
1588017580886 1 2072
1588017585388 1 2073
1588017589812 1 2074
1588017594279 1 2075
1588017598867 1 2076
1588017603403 1 2077
1588017607893 1 2078
1588017612439 1 2079
1588017617548 1 2080
1588017621965 1 2081
1588017626522 1 2082
1588017631141 1 2083
1588017635609 1 2084
1588017640002 1 2085
1588017644421 1 2086
1588017648876 1 2087
1588017653278 1 2088
1588017657680 1 2089
1588017662120 1 2090
1588017666512 1 2091
1588017670904 1 2092
1588017675302 1 2093
1588017679709 1 2094
1588017684138 1 2095
1588017688550 1 2096
1588017692931 1 2097
1588017697325 1 2098
1588017701764 1 2099
1588017706184 1 2100
1588017710629 1 2101
1588017715079 1 2102
1588017719573 1 2103
1588017724223 1 2104
1588017728836 1 2105
1588017733253 1 2106
1588017737624 1 2107
1588017742066 1 2108
1588017746586 1 2109
1588017751107 1 2110
1588017755674 1 2111
1588017760114 1 2112
1588017764567 1 2113
1588017769078 1 2114
1588017773481 1 2115
1588017777898 1 2116
1588017782349 1 2117
1588017786782 1 2118
1588017791260 1 2119
1588017795943 1 2120
1588017800543 1 2121
1588017804949 1 2122
1588017809371 1 2123
1588017813750 1 2124
1588017818193 1 2125
1588017822651 1 2126
1588017827042 1 2127
1588017831521 1 2128
1588017836037 1 2129
1588017840446 1 2130
1588017844897 1 2131
1588017849466 1 2132
1588017854035 1 2133
1588017858585 1 2134
1588017863000 1 2135
1588017867386 1 2136
1588017871790 1 2137
1588017876268 1 2138
1588017880666 1 2139
1588017885094 1 2140
1588017889509 1 2141
1588017893887 1 2142
1588017898351 1 2143
1588017902899 1 2144
1588017907437 1 2145
1588017911914 1 2146
1588017916406 1 2147
1588017920828 1 2148
1588017925198 1 2149
1588017929570 1 2150
1588017934023 1 2151
1588017938470 1 2152
1588017942975 1 2153
1588017947392 1 2154
1588017951897 1 2155
1588017956414 1 2156
1588017960914 1 2157
1588017965385 1 2158
1588017969895 1 2159
1588017974496 1 2160
1588017979501 1 2161
1588017984057 1 2162
1588017988579 1 2163
1588017993097 1 2164
1588017997667 1 2165
1588018002199 1 2166
1588018006691 1 2167
1588018011119 1 2168
1588018015614 1 2169
1588018020151 1 2170
1588018024607 1 2171
1588018029006 1 2172
1588018033390 1 2173
1588018037767 1 2174
1588018042165 1 2175
1588018046543 1 2176
1588018050913 1 2177
1588018055282 1 2178
1588018059665 1 2179
1588018064048 1 2180
1588018068422 1 2181
1588018072784 1 2182
1588018077145 1 2183
1588018081528 1 2184
1588018085932 1 2185
1588018090298 1 2186
1588018094660 1 2187
1588018099025 1 2188
1588018103403 1 2189
1588018107791 1 2190
1588018112266 1 2191
1588018116775 1 2192
1588018121282 1 2193
