1589622901243 1 1
1589622906665 1 2
1589622912009 1 3
1589622917411 1 4
1589622922751 1 5
1589622928066 1 6
1589622933457 1 7
1589622938888 1 8
1589622944237 1 9
1589622949590 1 10
1589622954964 1 11
1589622960274 1 12
1589622965812 1 13
1589622971300 1 14
1589622976727 1 15
1589622982189 1 16
1589622987734 1 17
1589622993351 1 18
1589622998756 1 19
1589623004072 1 20
1589623009455 1 21
1589623014887 1 22
1589623020351 1 23
1589623025898 1 24
1589623031317 1 25
1589623036656 1 26
1589623042046 1 27
1589623047406 1 28
1589623052819 1 29
1589623058156 1 30
1589623063552 1 31
1589623068948 1 32
1589623074471 1 33
1589623079955 1 34
1589623085455 1 35
1589623090818 1 36
1589623096160 1 37
1589623101546 1 38
1589623106928 1 39
1589623112375 1 40
1589623117794 1 41
1589623123214 1 42
1589623128608 1 43
1589623134124 1 44
1589623139586 1 45
1589623145050 1 46
1589623150438 1 47
1589623155774 1 48
1589623161114 1 49
1589623166559 1 50
1589623172371 1 51
1589623177744 1 52
1589623183122 1 53
1589623188556 1 54
1589623194010 1 55
1589623199523 1 56
1589623205078 1 57
1589623210471 1 58
1589623215827 1 59
1589623221241 1 60
1589623226641 1 61
1589623231972 1 62
1589623237287 1 63
1589623242674 1 64
1589623248092 1 65
1589623253468 1 66
1589623258892 1 67
1589623264491 1 68
1589623269841 1 69
1589623275195 1 70
1589623280530 1 71
1589623285891 1 72
1589623291250 1 73
1589623296584 1 74
1589623301933 1 75
1589623307276 1 76
1589623312620 1 77
1589623317944 1 78
1589623323334 1 79
1589623328759 1 80
1589623334060 1 81
1589623339383 1 82
1589623344713 1 83
1589623350708 1 84
1589623356059 1 85
1589623361466 1 86
1589623366831 1 87
1589623372219 1 88
1589623377591 1 89
1589623382985 1 90
1589623388298 1 91
1589623393683 1 92
1589623399059 1 93
1589623404511 1 94
1589623409936 1 95
1589623415380 1 96
1589623420749 1 97
1589623426160 1 98
1589623431581 1 99
1589623437038 1 100
1589623442514 1 101
1589623447979 1 102
1589623453426 1 103
1589623458908 1 104
1589623464371 1 105
1589623469805 1 106
1589623475241 1 107
1589623480724 1 108
1589623486152 1 109
1589623491600 1 110
1589623496996 1 111
1589623502516 1 112
1589623507811 1 113
1589623512943 1 114
1589623518459 1 115
1589623523773 1 116
1589623529405 1 117
1589623534603 1 118
1589623539677 1 119
1589623544788 1 120
1589623549897 1 121
1589623555160 1 122
1589623560314 1 123
1589623565471 1 124
1589623570572 1 125
1589623575653 1 126
1589623580823 1 127
1589623586012 1 128
1589623591159 1 129
1589623596453 1 130
1589623601684 1 131
1589623606831 1 132
1589623612084 1 133
1589623617205 1 134
1589623622411 1 135
1589623627609 1 136
1589623632710 1 137
1589623637874 1 138
1589623642982 1 139
1589623648120 1 140
1589623653274 1 141
1589623658558 1 142
1589623663884 1 143
1589623669028 1 144
1589623674243 1 145
1589623679652 1 146
1589623684970 1 147
1589623690214 1 148
1589623695536 1 149
1589623700856 1 150
1589623706186 1 151
1589623712064 1 152
1589623717293 1 153
1589623722599 1 154
1589623727888 1 155
1589623733192 1 156
1589623738436 1 157
1589623743840 1 158
1589623749018 1 159
1589623754241 1 160
1589623759473 1 161
1589623764738 1 162
1589623770007 1 163
1589623775195 1 164
1589623780377 1 165
1589623785598 1 166
1589623790870 1 167
1589623796182 1 168
1589623801433 1 169
1589623806802 1 170
1589623812127 1 171
1589623817525 1 172
1589623823068 1 173
1589623828550 1 174
1589623833938 1 175
1589623839267 1 176
1589623844569 1 177
1589623849958 1 178
1589623855319 1 179
1589623860744 1 180
1589623866379 1 181
1589623872013 1 182
1589623877343 1 183
1589623882757 1 184
1589623888403 1 185
1589623893880 1 186
1589623899212 1 187
1589623904622 1 188
1589623909867 1 189
1589623915134 1 190
1589623920384 1 191
1589623925701 1 192
1589623930949 1 193
1589623936228 1 194
1589623941461 1 195
1589623946836 1 196
1589623952201 1 197
1589623957587 1 198
1589623963016 1 199
1589623968485 1 200
1589623973908 1 201
1589623979308 1 202
1589623984751 1 203
1589623990160 1 204
1589623995590 1 205
1589624001068 1 206
1589624006531 1 207
1589624011911 1 208
1589624017320 1 209
1589624022779 1 210
1589624028244 1 211
1589624033757 1 212
1589624039186 1 213
1589624044743 1 214
1589624050153 1 215
1589624055642 1 216
1589624061093 1 217
1589624066605 1 218
1589624072477 1 219
1589624077812 1 220
1589624083189 1 221
1589624088582 1 222
1589624093962 1 223
1589624099358 1 224
1589624104857 1 225
1589624110213 1 226
1589624115546 1 227
1589624120915 1 228
1589624126285 1 229
1589624131694 1 230
1589624137096 1 231
1589624142503 1 232
1589624147954 1 233
1589624153415 1 234
1589624158830 1 235
1589624164313 1 236
1589624169750 1 237
1589624175149 1 238
1589624180558 1 239
1589624185961 1 240
1589624191410 1 241
1589624196901 1 242
1589624202349 1 243
1589624207768 1 244
1589624213189 1 245
1589624218559 1 246
1589624224126 1 247
1589624230000 1 248
1589624236317 1 249
1589624242600 1 250
1589624249309 1 251
1589624255376 1 252
1589624261303 1 253
1589624266904 1 254
1589624272497 1 255
1589624278120 1 256
1589624283855 1 257
1589624289510 1 258
1589624295188 1 259
1589624300858 1 260
1589624306519 1 261
1589624312229 1 262
1589624317854 1 263
1589624323677 1 264
1589624329368 1 265
1589624335175 1 266
1589624340791 1 267
1589624346475 1 268
1589624352272 1 269
1589624358059 1 270
1589624363837 1 271
1589624369553 1 272
1589624375234 1 273
1589624380887 1 274
1589624386564 1 275
1589624392215 1 276
1589624397820 1 277
1589624403453 1 278
1589624408898 1 279
1589624414306 1 280
1589624419733 1 281
1589624425181 1 282
1589624431204 1 283
1589624436663 1 284
1589624442103 1 285
1589624447596 1 286
1589624453006 1 287
1589624458448 1 288
1589624463925 1 289
1589624469373 1 290
1589624474796 1 291
1589624480278 1 292
1589624485754 1 293
1589624491304 1 294
1589624496805 1 295
1589624502292 1 296
1589624507784 1 297
1589624513216 1 298
1589624518698 1 299
1589624524206 1 300
1589624529704 1 301
1589624535130 1 302
1589624540536 1 303
1589624545960 1 304
1589624551418 1 305
1589624556826 1 306
1589624562243 1 307
1589624567677 1 308
1589624573115 1 309
1589624578532 1 310
1589624583977 1 311
1589624589408 1 312
1589624594844 1 313
1589624600254 1 314
1589624605693 1 315
1589624611675 1 316
1589624617176 1 317
1589624622710 1 318
1589624628126 1 319
1589624633616 1 320
1589624639073 1 321
1589624644579 1 322
1589624650056 1 323
1589624655509 1 324
1589624660966 1 325
1589624666446 1 326
1589624671861 1 327
1589624677328 1 328
1589624682796 1 329
1589624688245 1 330
1589624693636 1 331
1589624699070 1 332
1589624704627 1 333
1589624710187 1 334
1589624715797 1 335
1589624721278 1 336
1589624726806 1 337
1589624732274 1 338
1589624737834 1 339
1589624743380 1 340
1589624748867 1 341
1589624754301 1 342
1589624759739 1 343
1589624765352 1 344
1589624771058 1 345
1589624776505 1 346
1589624781951 1 347
1589624787642 1 348
1589624793452 1 349
1589624798837 1 350
1589624804258 1 351
1589624809760 1 352
1589624815331 1 353
1589624820815 1 354
1589624826243 1 355
1589624831601 1 356
1589624837035 1 357
1589624842538 1 358
1589624848005 1 359
1589624853185 1 360
1589624858370 1 361
1589624863936 1 362
1589624869366 1 363
1589624874756 1 364
1589624880010 1 365
1589624885223 1 366
1589624890416 1 367
1589624895586 1 368
1589624900877 1 369
1589624906104 1 370
1589624911338 1 371
1589624916635 1 372
1589624921998 1 373
1589624927408 1 374
1589624932641 1 375
1589624937884 1 376
1589624943114 1 377
1589624948318 1 378
1589624953508 1 379
1589624958807 1 380
1589624964148 1 381
1589624969997 1 382
1589624975153 1 383
1589624980345 1 384
1589624985611 1 385
1589624990742 1 386
1589624995897 1 387
1589625001099 1 388
1589625006663 1 389
1589625011908 1 390
1589625017362 1 391
1589625022687 1 392
1589625027954 1 393
1589625033156 1 394
1589625038477 1 395
1589625043772 1 396
1589625049140 1 397
1589625054400 1 398
1589625059684 1 399
1589625065036 1 400
1589625070396 1 401
1589625075748 1 402
1589625081011 1 403
1589625086297 1 404
1589625091716 1 405
1589625097016 1 406
1589625102270 1 407
1589625107607 1 408
1589625112847 1 409
1589625118169 1 410
1589625123516 1 411
1589625128860 1 412
1589625134184 1 413
1589625139546 1 414
1589625144890 1 415
1589625150690 1 416
1589625155955 1 417
1589625161390 1 418
1589625166661 1 419
1589625172318 1 420
1589625177796 1 421
1589625183233 1 422
1589625188557 1 423
1589625193886 1 424
1589625199267 1 425
1589625204676 1 426
1589625209993 1 427
1589625215339 1 428
1589625220628 1 429
1589625226093 1 430
1589625231325 1 431
1589625236558 1 432
1589625241822 1 433
1589625246999 1 434
1589625252294 1 435
1589625257561 1 436
1589625262879 1 437
1589625268106 1 438
1589625273362 1 439
1589625278679 1 440
1589625283900 1 441
1589625289156 1 442
1589625294405 1 443
1589625299645 1 444
1589625305100 1 445
1589625310560 1 446
1589625316048 1 447
1589625321530 1 448
1589625327127 1 449
1589625332956 1 450
1589625338427 1 451
1589625343911 1 452
1589625349381 1 453
1589625354881 1 454
1589625360383 1 455
1589625365943 1 456
1589625371409 1 457
1589625376898 1 458
1589625382365 1 459
1589625387810 1 460
1589625393282 1 461
1589625398711 1 462
1589625404206 1 463
1589625409662 1 464
1589625415126 1 465
1589625420576 1 466
1589625426176 1 467
1589625431678 1 468
1589625437138 1 469
1589625442640 1 470
1589625448021 1 471
1589625453438 1 472
1589625458902 1 473
1589625464369 1 474
1589625469823 1 475
1589625475257 1 476
1589625480654 1 477
1589625486106 1 478
1589625491512 1 479
1589625496930 1 480
1589625502338 1 481
1589625507997 1 482
1589625513652 1 483
1589625519090 1 484
1589625524521 1 485
1589625529898 1 486
1589625535290 1 487
1589625540724 1 488
1589625546277 1 489
1589625551655 1 490
1589625556998 1 491
1589625562396 1 492
1589625567803 1 493
1589625573230 1 494
1589625578614 1 495
1589625584039 1 496
1589625589440 1 497
1589625594840 1 498
1589625600287 1 499
1589625605767 1 500
1589625611205 1 501
1589625616565 1 502
1589625621968 1 503
1589625627388 1 504
1589625632800 1 505
1589625638188 1 506
1589625643571 1 507
1589625648965 1 508
1589625654365 1 509
1589625659796 1 510
1589625665353 1 511
1589625670888 1 512
1589625676350 1 513
1589625681751 1 514
1589625687320 1 515
1589625693130 1 516
1589625698564 1 517
1589625704003 1 518
1589625709428 1 519
1589625714910 1 520
1589625720303 1 521
1589625725769 1 522
1589625731220 1 523
1589625736679 1 524
1589625742138 1 525
1589625747544 1 526
1589625752973 1 527
1589625758381 1 528
1589625763791 1 529
1589625769184 1 530
1589625774567 1 531
1589625779999 1 532
1589625785455 1 533
1589625790862 1 534
1589625796248 1 535
1589625801642 1 536
1589625807061 1 537
1589625812476 1 538
1589625817882 1 539
1589625823326 1 540
1589625828748 1 541
1589625834200 1 542
1589625839589 1 543
1589625845063 1 544
1589625850497 1 545
1589625855913 1 546
1589625861340 1 547
1589625866868 1 548
1589625872792 1 549
1589625878238 1 550
1589625883636 1 551
1589625889044 1 552
1589625894456 1 553
1589625899895 1 554
1589625905421 1 555
1589625910883 1 556
1589625916298 1 557
1589625921731 1 558
1589625927182 1 559
1589625932624 1 560
1589625938016 1 561
1589625943440 1 562
1589625948885 1 563
1589625954322 1 564
1589625959792 1 565
1589625965320 1 566
1589625970744 1 567
1589625976181 1 568
1589625981601 1 569
1589625987017 1 570
1589625992415 1 571
1589625997886 1 572
1589626003299 1 573
1589626008720 1 574
1589626014126 1 575
1589626019523 1 576
1589626025016 1 577
1589626030433 1 578
1589626035879 1 579
1589626041359 1 580
1589626046924 1 581
1589626052724 1 582
1589626058187 1 583
1589626063627 1 584
1589626069027 1 585
1589626074501 1 586
1589626079901 1 587
1589626085397 1 588
1589626090758 1 589
1589626096133 1 590
1589626101607 1 591
1589626107117 1 592
1589626112524 1 593
1589626117899 1 594
1589626123306 1 595
1589626128801 1 596
1589626134277 1 597
1589626139731 1 598
1589626145169 1 599
1589626150565 1 600
1589626156059 1 601
1589626161487 1 602
1589626167040 1 603
1589626172498 1 604
1589626177968 1 605
1589626183372 1 606
1589626188889 1 607
1589626194367 1 608
1589626199860 1 609
1589626205312 1 610
1589626210765 1 611
1589626215872 1 612
1589626221280 1 613
1589626226817 1 614
1589626232446 1 615
1589626237540 1 616
1589626242711 1 617
1589626247851 1 618
1589626253002 1 619
1589626258175 1 620
1589626263357 1 621
1589626268501 1 622
1589626273670 1 623
1589626278825 1 624
1589626283999 1 625
1589626289208 1 626
1589626294393 1 627
1589626299549 1 628
1589626304758 1 629
1589626309955 1 630
1589626315104 1 631
1589626320227 1 632
1589626325349 1 633
1589626330533 1 634
1589626335641 1 635
1589626340784 1 636
1589626346159 1 637
1589626351391 1 638
1589626356595 1 639
1589626362011 1 640
1589626367326 1 641
1589626372604 1 642
1589626377917 1 643
1589626383228 1 644
1589626388507 1 645
1589626393824 1 646
1589626399115 1 647
1589626404466 1 648
1589626410312 1 649
1589626415519 1 650
1589626420879 1 651
1589626426304 1 652
1589626431618 1 653
1589626436891 1 654
1589626442157 1 655
1589626447479 1 656
1589626452725 1 657
1589626457970 1 658
1589626463154 1 659
1589626468405 1 660
1589626473641 1 661
1589626478944 1 662
1589626484258 1 663
1589626489479 1 664
1589626494961 1 665
1589626500396 1 666
1589626505871 1 667
1589626511220 1 668
1589626516542 1 669
1589626521859 1 670
1589626527228 1 671
1589626532584 1 672
1589626537997 1 673
1589626543398 1 674
1589626548751 1 675
1589626553993 1 676
1589626559243 1 677
1589626564631 1 678
1589626570049 1 679
1589626575395 1 680
1589626580620 1 681
1589626585845 1 682
1589626591751 1 683
1589626597046 1 684
1589626602360 1 685
1589626607660 1 686
1589626612863 1 687
1589626618125 1 688
1589626623599 1 689
1589626629026 1 690
1589626634415 1 691
1589626639891 1 692
1589626645359 1 693
1589626650766 1 694
1589626656231 1 695
1589626661660 1 696
1589626667146 1 697
1589626672617 1 698
1589626678031 1 699
1589626683564 1 700
1589626689071 1 701
1589626694534 1 702
1589626699924 1 703
1589626705312 1 704
1589626710801 1 705
1589626716222 1 706
1589626721622 1 707
1589626727081 1 708
1589626732574 1 709
1589626737962 1 710
1589626743380 1 711
1589626748790 1 712
1589626754211 1 713
1589626759633 1 714
1589626765057 1 715
1589626771003 1 716
1589626776493 1 717
1589626781970 1 718
1589626787428 1 719
1589626792836 1 720
1589626798173 1 721
1589626803665 1 722
1589626809145 1 723
1589626814591 1 724
1589626820030 1 725
1589626825416 1 726
1589626830791 1 727
1589626836202 1 728
1589626841620 1 729
1589626847020 1 730
1589626852443 1 731
1589626857814 1 732
1589626863283 1 733
1589626868716 1 734
1589626874151 1 735
1589626879547 1 736
1589626884920 1 737
1589626890335 1 738
1589626895759 1 739
1589626901205 1 740
1589626906592 1 741
1589626911992 1 742
1589626917394 1 743
1589626922886 1 744
1589626928311 1 745
1589626933672 1 746
1589626939053 1 747
1589626944472 1 748
1589626950606 1 749
1589626956019 1 750
1589626961433 1 751
1589626966812 1 752
1589626972236 1 753
1589626977672 1 754
1589626983153 1 755
1589626988588 1 756
1589626993976 1 757
1589626999394 1 758
1589627004843 1 759
1589627010279 1 760
1589627015731 1 761
1589627021117 1 762
1589627026480 1 763
1589627031872 1 764
1589627037327 1 765
1589627042817 1 766
1589627048218 1 767
1589627053625 1 768
1589627059010 1 769
1589627064372 1 770
1589627069796 1 771
1589627075242 1 772
1589627080654 1 773
1589627086017 1 774
1589627091377 1 775
1589627096785 1 776
1589627102277 1 777
1589627107765 1 778
1589627113251 1 779
1589627118710 1 780
1589627124089 1 781
1589627130023 1 782
1589627135448 1 783
1589627140855 1 784
1589627146277 1 785
1589627151710 1 786
1589627157120 1 787
1589627162557 1 788
1589627167951 1 789
1589627173368 1 790
1589627178820 1 791
1589627184299 1 792
1589627189781 1 793
1589627195201 1 794
1589627200616 1 795
1589627205984 1 796
1589627211432 1 797
1589627216843 1 798
1589627222283 1 799
1589627227720 1 800
1589627233201 1 801
1589627238571 1 802
1589627243952 1 803
1589627249362 1 804
1589627254786 1 805
1589627260214 1 806
1589627265597 1 807
1589627270990 1 808
1589627276362 1 809
1589627281816 1 810
1589627287257 1 811
1589627292660 1 812
1589627298101 1 813
1589627303545 1 814
1589627309480 1 815
1589627314878 1 816
1589627320347 1 817
1589627325768 1 818
1589627331217 1 819
1589627336629 1 820
1589627342070 1 821
1589627347489 1 822
1589627352944 1 823
1589627358446 1 824
1589627363864 1 825
1589627369254 1 826
1589627374653 1 827
1589627380086 1 828
1589627385498 1 829
1589627390934 1 830
1589627396300 1 831
1589627401708 1 832
1589627407209 1 833
1589627412687 1 834
1589627418133 1 835
1589627423586 1 836
1589627429056 1 837
1589627434502 1 838
1589627439971 1 839
