1588076448185 1 1
1588076452646 1 2
1588076457118 1 3
1588076461592 1 4
1588076466106 1 5
1588076470588 1 6
1588076475251 1 7
1588076480101 1 8
1588076484610 1 9
1588076489154 1 10
1588076493621 1 11
1588076498113 1 12
1588076502638 1 13
1588076507269 1 14
1588076511903 1 15
1588076516542 1 16
1588076521157 1 17
1588076525723 1 18
1588076530224 1 19
1588076534748 1 20
1588076539245 1 21
1588076543824 1 22
1588076548334 1 23
1588076552858 1 24
1588076557453 1 25
1588076561965 1 26
1588076566475 1 27
1588076571046 1 28
1588076575633 1 29
1588076580144 1 30
1588076584776 1 31
1588076589302 1 32
1588076593817 1 33
1588076598340 1 34
1588076602905 1 35
1588076607449 1 36
1588076611957 1 37
1588076616514 1 38
1588076621014 1 39
1588076625569 1 40
1588076630128 1 41
1588076634621 1 42
1588076639117 1 43
1588076643645 1 44
1588076648160 1 45
1588076652673 1 46
1588076657703 1 47
1588076662213 1 48
1588076666804 1 49
1588076671345 1 50
1588076675883 1 51
1588076680535 1 52
1588076685183 1 53
1588076689769 1 54
1588076694328 1 55
1588076698886 1 56
1588076703548 1 57
1588076708071 1 58
1588076712673 1 59
1588076717207 1 60
1588076721723 1 61
1588076726242 1 62
1588076730789 1 63
1588076735362 1 64
1588076739995 1 65
1588076744612 1 66
1588076749163 1 67
1588076753708 1 68
1588076758355 1 69
1588076763065 1 70
1588076767638 1 71
1588076772174 1 72
1588076776708 1 73
1588076781280 1 74
1588076785861 1 75
1588076790474 1 76
1588076795077 1 77
1588076799726 1 78
1588076804382 1 79
1588076809042 1 80
1588076813703 1 81
1588076818335 1 82
1588076822984 1 83
1588076827625 1 84
1588076832215 1 85
1588076837379 1 86
1588076841999 1 87
1588076846651 1 88
1588076851289 1 89
1588076855858 1 90
1588076860407 1 91
1588076864962 1 92
1588076869557 1 93
1588076874220 1 94
1588076878806 1 95
1588076883393 1 96
1588076887956 1 97
1588076892512 1 98
1588076897072 1 99
1588076901636 1 100
1588076906224 1 101
1588076910774 1 102
1588076915330 1 103
1588076919886 1 104
1588076924459 1 105
1588076929061 1 106
1588076933659 1 107
1588076938253 1 108
1588076942863 1 109
1588076947453 1 110
1588076952026 1 111
1588076956614 1 112
1588076961203 1 113
1588076965811 1 114
1588076970488 1 115
1588076975058 1 116
1588076979634 1 117
1588076984211 1 118
1588076988795 1 119
1588076993390 1 120
1588076997960 1 121
1588077002575 1 122
1588077007168 1 123
1588077011774 1 124
1588077016811 1 125
1588077021551 1 126
1588077026169 1 127
1588077030883 1 128
1588077035547 1 129
1588077040219 1 130
1588077044911 1 131
1588077049625 1 132
1588077054298 1 133
1588077059028 1 134
1588077063787 1 135
1588077068467 1 136
1588077073071 1 137
1588077077693 1 138
1588077082299 1 139
1588077086931 1 140
1588077091682 1 141
1588077096342 1 142
1588077100954 1 143
1588077105572 1 144
1588077110210 1 145
1588077114853 1 146
1588077119559 1 147
1588077124208 1 148
1588077128834 1 149
1588077133464 1 150
1588077138088 1 151
1588077142782 1 152
1588077147408 1 153
1588077152035 1 154
1588077156696 1 155
1588077161318 1 156
1588077165976 1 157
1588077170654 1 158
1588077175376 1 159
1588077180108 1 160
1588077184888 1 161
1588077189667 1 162
1588077194345 1 163
1588077199449 1 164
1588077204087 1 165
1588077208736 1 166
1588077213367 1 167
1588077218002 1 168
1588077222642 1 169
1588077227294 1 170
1588077231963 1 171
1588077236622 1 172
1588077241283 1 173
1588077245949 1 174
1588077250622 1 175
1588077255301 1 176
1588077259971 1 177
1588077264643 1 178
1588077269299 1 179
1588077274074 1 180
1588077278749 1 181
1588077283408 1 182
1588077288151 1 183
1588077292929 1 184
1588077297708 1 185
1588077302462 1 186
1588077307126 1 187
1588077311834 1 188
1588077316533 1 189
1588077321350 1 190
1588077326138 1 191
1588077330927 1 192
1588077335744 1 193
1588077340566 1 194
1588077345380 1 195
1588077350232 1 196
1588077355063 1 197
1588077359861 1 198
1588077364720 1 199
1588077369423 1 200
1588077374121 1 201
1588077379402 1 202
1588077384181 1 203
1588077388974 1 204
1588077393784 1 205
1588077398590 1 206
1588077403427 1 207
1588077408195 1 208
1588077412886 1 209
1588077417591 1 210
1588077422423 1 211
1588077427276 1 212
1588077432044 1 213
1588077436799 1 214
1588077441599 1 215
1588077446390 1 216
1588077451245 1 217
1588077456103 1 218
1588077460911 1 219
1588077465739 1 220
1588077470580 1 221
1588077475405 1 222
1588077480137 1 223
1588077484890 1 224
1588077489618 1 225
1588077494385 1 226
1588077499217 1 227
1588077503988 1 228
1588077508712 1 229
1588077513441 1 230
1588077518181 1 231
1588077522928 1 232
1588077527692 1 233
1588077532444 1 234
1588077537199 1 235
1588077541954 1 236
1588077546720 1 237
1588077551465 1 238
1588077556544 1 239
1588077561455 1 240
1588077566203 1 241
1588077570962 1 242
1588077575713 1 243
1588077580464 1 244
1588077585219 1 245
1588077589974 1 246
1588077594738 1 247
1588077599603 1 248
1588077604482 1 249
1588077609412 1 250
1588077614209 1 251
1588077618995 1 252
1588077623762 1 253
1588077628537 1 254
1588077633417 1 255
1588077638255 1 256
1588077643031 1 257
1588077647799 1 258
1588077652586 1 259
1588077657381 1 260
1588077662306 1 261
1588077667159 1 262
1588077671982 1 263
1588077676784 1 264
1588077681696 1 265
1588077686511 1 266
1588077691297 1 267
1588077696091 1 268
1588077700885 1 269
1588077705707 1 270
1588077710497 1 271
1588077715301 1 272
1588077720118 1 273
1588077724951 1 274
1588077729784 1 275
1588077734694 1 276
1588077739989 1 277
1588077744904 1 278
1588077749770 1 279
1588077754608 1 280
1588077759433 1 281
1588077764268 1 282
1588077769103 1 283
1588077773947 1 284
1588077778805 1 285
1588077783689 1 286
1588077788634 1 287
1588077793584 1 288
1588077798545 1 289
1588077803560 1 290
1588077808504 1 291
1588077813469 1 292
1588077818428 1 293
1588077823407 1 294
1588077828399 1 295
1588077833345 1 296
1588077838352 1 297
1588077843338 1 298
1588077848218 1 299
1588077853113 1 300
1588077857998 1 301
1588077862889 1 302
1588077867879 1 303
1588077872838 1 304
1588077877736 1 305
1588077882724 1 306
1588077887606 1 307
1588077892479 1 308
1588077897352 1 309
1588077902271 1 310
1588077907171 1 311
1588077912070 1 312
1588077917495 1 313
1588077922401 1 314
1588077927464 1 315
1588077932521 1 316
1588077937551 1 317
1588077942592 1 318
1588077947700 1 319
1588077952695 1 320
1588077957659 1 321
1588077962715 1 322
1588077967723 1 323
1588077972794 1 324
1588077977751 1 325
1588077982700 1 326
1588077987816 1 327
1588077992955 1 328
1588077997935 1 329
1588078003003 1 330
1588078008045 1 331
1588078012991 1 332
1588078018015 1 333
1588078023073 1 334
1588078028057 1 335
1588078033029 1 336
1588078037992 1 337
1588078043023 1 338
1588078048018 1 339
1588078053003 1 340
1588078057979 1 341
1588078063036 1 342
1588078068112 1 343
1588078073082 1 344
1588078078091 1 345
1588078083121 1 346
1588078088091 1 347
1588078093067 1 348
1588078098506 1 349
1588078103555 1 350
1588078108680 1 351
1588078113782 1 352
1588078118768 1 353
1588078123760 1 354
1588078128757 1 355
1588078133750 1 356
1588078138738 1 357
1588078143768 1 358
1588078148762 1 359
1588078153789 1 360
1588078158787 1 361
1588078163778 1 362
1588078168792 1 363
1588078173801 1 364
1588078178827 1 365
1588078183830 1 366
1588078188844 1 367
1588078193869 1 368
1588078198886 1 369
1588078203957 1 370
1588078208999 1 371
1588078214042 1 372
1588078219071 1 373
1588078224185 1 374
1588078229305 1 375
1588078234429 1 376
1588078239567 1 377
1588078244754 1 378
1588078249942 1 379
1588078255124 1 380
1588078260278 1 381
1588078265414 1 382
1588078270469 1 383
1588078275779 1 384
1588078281109 1 385
1588078286174 1 386
1588078291244 1 387
1588078296347 1 388
1588078301419 1 389
1588078306500 1 390
1588078311562 1 391
1588078316634 1 392
1588078321851 1 393
1588078327075 1 394
1588078332291 1 395
1588078337380 1 396
1588078342468 1 397
1588078347568 1 398
1588078352660 1 399
1588078357763 1 400
1588078362872 1 401
1588078368105 1 402
1588078373201 1 403
1588078378296 1 404
1588078383436 1 405
1588078388531 1 406
1588078393604 1 407
1588078398726 1 408
1588078403852 1 409
1588078408969 1 410
1588078414063 1 411
1588078419152 1 412
1588078424289 1 413
1588078429515 1 414
1588078434717 1 415
1588078439829 1 416
1588078444964 1 417
1588078450182 1 418
1588078455596 1 419
1588078461154 1 420
1588078466341 1 421
1588078471467 1 422
1588078476586 1 423
1588078481710 1 424
1588078486862 1 425
1588078492132 1 426
1588078497398 1 427
1588078502690 1 428
1588078507851 1 429
1588078513013 1 430
1588078518160 1 431
1588078523309 1 432
1588078528465 1 433
1588078533611 1 434
1588078538778 1 435
1588078544035 1 436
1588078549199 1 437
1588078554362 1 438
1588078559510 1 439
1588078564716 1 440
1588078569895 1 441
1588078575084 1 442
1588078580313 1 443
1588078585520 1 444
1588078590826 1 445
1588078596155 1 446
1588078601461 1 447
1588078606733 1 448
1588078612002 1 449
1588078617204 1 450
1588078622451 1 451
1588078627725 1 452
1588078632989 1 453
1588078638631 1 454
1588078643876 1 455
1588078649168 1 456
1588078654502 1 457
1588078659784 1 458
1588078665162 1 459
1588078670414 1 460
1588078675627 1 461
1588078680840 1 462
1588078686079 1 463
1588078691306 1 464
1588078696551 1 465
1588078701855 1 466
1588078707076 1 467
1588078712302 1 468
1588078717537 1 469
1588078722784 1 470
1588078728025 1 471
1588078733270 1 472
1588078738575 1 473
1588078743987 1 474
1588078749304 1 475
1588078754572 1 476
1588078759873 1 477
1588078765188 1 478
1588078770545 1 479
1588078775937 1 480
1588078781207 1 481
1588078786485 1 482
1588078791753 1 483
1588078797029 1 484
1588078802371 1 485
1588078807686 1 486
1588078812986 1 487
1588078818785 1 488
1588078824084 1 489
1588078829406 1 490
1588078834705 1 491
1588078840029 1 492
1588078845365 1 493
1588078850717 1 494
1588078856125 1 495
1588078861509 1 496
1588078867016 1 497
1588078872617 1 498
1588078878107 1 499
1588078883619 1 500
1588078889033 1 501
1588078894422 1 502
1588078899826 1 503
1588078905230 1 504
1588078910653 1 505
1588078916054 1 506
1588078921474 1 507
1588078926878 1 508
1588078932304 1 509
1588078937794 1 510
1588078943208 1 511
1588078948645 1 512
1588078954096 1 513
1588078959519 1 514
1588078964951 1 515
1588078970386 1 516
1588078975824 1 517
1588078981281 1 518
1588078986750 1 519
1588078992231 1 520
1588078998138 1 521
1588079003581 1 522
1588079009050 1 523
1588079014505 1 524
1588079019983 1 525
1588079025462 1 526
1588079030939 1 527
1588079036414 1 528
1588079041909 1 529
1588079047520 1 530
1588079053095 1 531
1588079058565 1 532
1588079064043 1 533
1588079069552 1 534
1588079075078 1 535
1588079080569 1 536
1588079086057 1 537
1588079091718 1 538
1588079097224 1 539
1588079102775 1 540
1588079108288 1 541
1588079113849 1 542
1588079119405 1 543
1588079125032 1 544
1588079130660 1 545
1588079136336 1 546
1588079141983 1 547
1588079147610 1 548
1588079153212 1 549
1588079158851 1 550
1588079164537 1 551
1588079170212 1 552
1588079176110 1 553
1588079181863 1 554
1588079187446 1 555
1588079193045 1 556
1588079198748 1 557
1588079204442 1 558
1588079210117 1 559
1588079215771 1 560
1588079221411 1 561
1588079227098 1 562
1588079232656 1 563
1588079238200 1 564
1588079243770 1 565
1588079249335 1 566
1588079254913 1 567
1588079260468 1 568
1588079266016 1 569
1588079271603 1 570
1588079277194 1 571
1588079282810 1 572
1588079288436 1 573
1588079294017 1 574
1588079299586 1 575
1588079305168 1 576
1588079310750 1 577
1588079316322 1 578
1588079321897 1 579
1588079327510 1 580
1588079333105 1 581
1588079338698 1 582
1588079344312 1 583
1588079349892 1 584
1588079355716 1 585
1588079361599 1 586
1588079367221 1 587
1588079372828 1 588
1588079378435 1 589
1588079384174 1 590
1588079389900 1 591
1588079395655 1 592
1588079401327 1 593
1588079406968 1 594
1588079412618 1 595
1588079418244 1 596
1588079423877 1 597
1588079429507 1 598
1588079435195 1 599
1588079440843 1 600
1588079446493 1 601
1588079452149 1 602
1588079457795 1 603
1588079463467 1 604
1588079469144 1 605
1588079474854 1 606
1588079480611 1 607
1588079486279 1 608
1588079491945 1 609
1588079497631 1 610
1588079503307 1 611
1588079508973 1 612
1588079514635 1 613
1588079520314 1 614
1588079526023 1 615
1588079531747 1 616
1588079537996 1 617
1588079543737 1 618
1588079549477 1 619
1588079555291 1 620
1588079561065 1 621
1588079566997 1 622
1588079572730 1 623
1588079578515 1 624
1588079584262 1 625
1588079589983 1 626
1588079595785 1 627
1588079601594 1 628
1588079607448 1 629
1588079613328 1 630
1588079619106 1 631
1588079624831 1 632
1588079630541 1 633
1588079636272 1 634
1588079642021 1 635
1588079647744 1 636
1588079653470 1 637
1588079659206 1 638
1588079664967 1 639
1588079670793 1 640
1588079676607 1 641
1588079682391 1 642
1588079688245 1 643
1588079694155 1 644
1588079700033 1 645
1588079705912 1 646
1588079711836 1 647
1588079718081 1 648
1588079723973 1 649
1588079729910 1 650
1588079735805 1 651
1588079741637 1 652
1588079747538 1 653
1588079753423 1 654
1588079759281 1 655
1588079765155 1 656
1588079771021 1 657
1588079776881 1 658
1588079782740 1 659
1588079788623 1 660
1588079794566 1 661
1588079800468 1 662
1588079806255 1 663
1588079812151 1 664
1588079817961 1 665
1588079823804 1 666
1588079829602 1 667
1588079835442 1 668
1588079841371 1 669
1588079847275 1 670
1588079853089 1 671
1588079858908 1 672
1588079864732 1 673
1588079870546 1 674
1588079876375 1 675
1588079882301 1 676
1588079888203 1 677
1588079894032 1 678
1588079900330 1 679
1588079906201 1 680
1588079912058 1 681
1588079917944 1 682
1588079923774 1 683
1588079929644 1 684
1588079935488 1 685
1588079941287 1 686
1588079947125 1 687
1588079952936 1 688
1588079958725 1 689
1588079964578 1 690
1588079970467 1 691
1588079976323 1 692
1588079982240 1 693
1588079988110 1 694
1588079994104 1 695
1588080000071 1 696
1588080005973 1 697
1588080011955 1 698
1588080017916 1 699
1588080023791 1 700
1588080029760 1 701
1588080035725 1 702
1588080041640 1 703
1588080047528 1 704
1588080053471 1 705
1588080059291 1 706
1588080065183 1 707
1588080071113 1 708
1588080077508 1 709
1588080083646 1 710
1588080089646 1 711
1588080095593 1 712
1588080101445 1 713
1588080107388 1 714
1588080113323 1 715
1588080119326 1 716
1588080125407 1 717
1588080131335 1 718
1588080137199 1 719
1588080143189 1 720
1588080149146 1 721
1588080155122 1 722
1588080161008 1 723
1588080166903 1 724
1588080172873 1 725
1588080178808 1 726
1588080184807 1 727
1588080190809 1 728
1588080196819 1 729
1588080202847 1 730
1588080208838 1 731
1588080214782 1 732
1588080220819 1 733
1588080226736 1 734
1588080232658 1 735
1588080238565 1 736
1588080244499 1 737
1588080250418 1 738
1588080256750 1 739
1588080262930 1 740
1588080268931 1 741
1588080274870 1 742
1588080280799 1 743
1588080286804 1 744
1588080292875 1 745
1588080298909 1 746
1588080304984 1 747
1588080310925 1 748
1588080316880 1 749
1588080322839 1 750
1588080328815 1 751
1588080334754 1 752
1588080340716 1 753
1588080346688 1 754
1588080352691 1 755
1588080358747 1 756
1588080364834 1 757
1588080370930 1 758
1588080376956 1 759
1588080382962 1 760
1588080388948 1 761
1588080394957 1 762
1588080400999 1 763
1588080406985 1 764
1588080413070 1 765
1588080419194 1 766
1588080425225 1 767
1588080431317 1 768
1588080437713 1 769
1588080443745 1 770
1588080449828 1 771
1588080455959 1 772
1588080461981 1 773
1588080468075 1 774
1588080474185 1 775
1588080480204 1 776
1588080486268 1 777
1588080492318 1 778
1588080498429 1 779
1588080504513 1 780
1588080510650 1 781
1588080516819 1 782
1588080522944 1 783
1588080529092 1 784
1588080535158 1 785
1588080541220 1 786
1588080547282 1 787
1588080553449 1 788
1588080559501 1 789
1588080565572 1 790
1588080571634 1 791
1588080577688 1 792
1588080583731 1 793
1588080589810 1 794
1588080595904 1 795
1588080601989 1 796
1588080608071 1 797
1588080614172 1 798
1588080620727 1 799
1588080626983 1 800
1588080633170 1 801
1588080639246 1 802
1588080645377 1 803
1588080651555 1 804
1588080657690 1 805
1588080663798 1 806
1588080670012 1 807
1588080676245 1 808
1588080682426 1 809
1588080688595 1 810
1588080694802 1 811
1588080700901 1 812
1588080707008 1 813
1588080713114 1 814
1588080719245 1 815
1588080725385 1 816
1588080731626 1 817
1588080737755 1 818
1588080743890 1 819
1588080750040 1 820
1588080756162 1 821
1588080762301 1 822
1588080768577 1 823
1588080774859 1 824
1588080781084 1 825
1588080787245 1 826
1588080793403 1 827
1588080799982 1 828
1588080806209 1 829
1588080812473 1 830
1588080818705 1 831
1588080824852 1 832
1588080831087 1 833
1588080837353 1 834
1588080843561 1 835
1588080849854 1 836
1588080856033 1 837
1588080862200 1 838
1588080868374 1 839
1588080874553 1 840
1588080880825 1 841
1588080887066 1 842
1588080893261 1 843
1588080899433 1 844
1588080905666 1 845
1588080911871 1 846
1588080918074 1 847
1588080924278 1 848
1588080930505 1 849
1588080936738 1 850
1588080943027 1 851
1588080949229 1 852
1588080955429 1 853
1588080961656 1 854
1588080967883 1 855
1588080974152 1 856
1588080980827 1 857
1588080987054 1 858
1588080993346 1 859
1588080999764 1 860
1588081006024 1 861
1588081012435 1 862
1588081018790 1 863
1588081025364 1 864
1588081031844 1 865
1588081038294 1 866
1588081044768 1 867
1588081051276 1 868
1588081057807 1 869
1588081064301 1 870
1588081070684 1 871
1588081077143 1 872
1588081083552 1 873
1588081089960 1 874
1588081096360 1 875
1588081102738 1 876
1588081109220 1 877
1588081115704 1 878
1588081122105 1 879
1588081128538 1 880
1588081134956 1 881
1588081141352 1 882
1588081147753 1 883
1588081154207 1 884
1588081161092 1 885
1588081167511 1 886
1588081173947 1 887
1588081180460 1 888
1588081187041 1 889
1588081193575 1 890
1588081200141 1 891
1588081206659 1 892
1588081213171 1 893
1588081219636 1 894
1588081226116 1 895
1588081232683 1 896
1588081239237 1 897
1588081245786 1 898
1588081252343 1 899
1588081258854 1 900
1588081265543 1 901
1588081272054 1 902
1588081278501 1 903
1588081284955 1 904
1588081291423 1 905
1588081297879 1 906
1588081304313 1 907
1588081310859 1 908
1588081317388 1 909
1588081323880 1 910
1588081330358 1 911
1588081337357 1 912
1588081343902 1 913
1588081350369 1 914
1588081356854 1 915
1588081363368 1 916
1588081369969 1 917
1588081376477 1 918
1588081382991 1 919
1588081389513 1 920
1588081396116 1 921
1588081402686 1 922
1588081409530 1 923
1588081416094 1 924
1588081422761 1 925
1588081429414 1 926
1588081435970 1 927
1588081442570 1 928
1588081449308 1 929
1588081455963 1 930
1588081462481 1 931
1588081469069 1 932
1588081475701 1 933
1588081482239 1 934
1588081488873 1 935
1588081495554 1 936
1588081502253 1 937
1588081508845 1 938
1588081515746 1 939
1588081522646 1 940
1588081529270 1 941
1588081535862 1 942
1588081542579 1 943
1588081549293 1 944
1588081556008 1 945
1588081562655 1 946
1588081569221 1 947
1588081575789 1 948
1588081582358 1 949
1588081589044 1 950
1588081595673 1 951
1588081602231 1 952
1588081608793 1 953
1588081615418 1 954
1588081622109 1 955
1588081628733 1 956
1588081635322 1 957
1588081641910 1 958
1588081648485 1 959
1588081655084 1 960
1588081661649 1 961
1588081668236 1 962
1588081674845 1 963
1588081681463 1 964
1588081688113 1 965
1588081694874 1 966
1588081701776 1 967
1588081708390 1 968
1588081715038 1 969
1588081721698 1 970
1588081728394 1 971
1588081735209 1 972
1588081742066 1 973
1588081748871 1 974
1588081755691 1 975
1588081762474 1 976
1588081769240 1 977
1588081775944 1 978
1588081782686 1 979
1588081789324 1 980
1588081795946 1 981
1588081802722 1 982
1588081809541 1 983
1588081816355 1 984
1588081823062 1 985
1588081829856 1 986
1588081836628 1 987
1588081843357 1 988
1588081850016 1 989
1588081856793 1 990
1588081863622 1 991
1588081870521 1 992
1588081877733 1 993
1588081884550 1 994
1588081891293 1 995
1588081898040 1 996
1588081904742 1 997
1588081911447 1 998
1588081918153 1 999
1588081924919 1 1000
1588081931720 1 1001
1588081938426 1 1002
1588081945180 1 1003
1588081952022 1 1004
1588081958740 1 1005
1588081965463 1 1006
1588081972221 1 1007
1588081979065 1 1008
1588081985980 1 1009
1588081992880 1 1010
1588081999692 1 1011
1588082006423 1 1012
1588082013178 1 1013
1588082020030 1 1014
1588082026918 1 1015
1588082033686 1 1016
1588082040484 1 1017
1588082047310 1 1018
1588082054165 1 1019
1588082061258 1 1020
1588082067979 1 1021
1588082074724 1 1022
1588082081461 1 1023
1588082088196 1 1024
1588082094930 1 1025
1588082101680 1 1026
1588082108422 1 1027
1588082115155 1 1028
1588082121892 1 1029
1588082128709 1 1030
1588082135597 1 1031
1588082142440 1 1032
1588082149170 1 1033
1588082155993 1 1034
1588082162924 1 1035
1588082169876 1 1036
1588082176743 1 1037
1588082183483 1 1038
1588082190230 1 1039
1588082197076 1 1040
1588082204050 1 1041
1588082210924 1 1042
1588082217677 1 1043
1588082224571 1 1044
1588082231317 1 1045
1588082238575 1 1046
1588082245435 1 1047
1588082252247 1 1048
1588082259136 1 1049
1588082265957 1 1050
1588082272781 1 1051
1588082279515 1 1052
1588082286267 1 1053
1588082293077 1 1054
1588082299936 1 1055
1588082306851 1 1056
1588082313746 1 1057
1588082320512 1 1058
1588082327269 1 1059
1588082334176 1 1060
1588082341037 1 1061
1588082347912 1 1062
1588082354788 1 1063
1588082361523 1 1064
1588082368286 1 1065
1588082375047 1 1066
1588082381792 1 1067
1588082388641 1 1068
1588082395450 1 1069
1588082402227 1 1070
1588082408995 1 1071
1588082416010 1 1072
1588082422966 1 1073
1588082429729 1 1074
1588082436494 1 1075
1588082443224 1 1076
1588082449971 1 1077
1588082456726 1 1078
1588082463476 1 1079
1588082470274 1 1080
1588082477037 1 1081
1588082483803 1 1082
1588082490549 1 1083
1588082497318 1 1084
1588082504089 1 1085
1588082510817 1 1086
1588082517546 1 1087
1588082524289 1 1088
1588082531021 1 1089
1588082537741 1 1090
1588082544478 1 1091
1588082551230 1 1092
1588082557940 1 1093
1588082564647 1 1094
1588082571393 1 1095
1588082578251 1 1096
1588082585106 1 1097
1588082591937 1 1098
1588082599041 1 1099
1588082605859 1 1100
1588082612671 1 1101
1588082619397 1 1102
1588082626171 1 1103
1588082632958 1 1104
1588082639847 1 1105
1588082646605 1 1106
1588082653328 1 1107
1588082660046 1 1108
1588082666787 1 1109
1588082673548 1 1110
1588082680300 1 1111
1588082687045 1 1112
1588082693784 1 1113
1588082700516 1 1114
1588082707309 1 1115
1588082714191 1 1116
1588082721092 1 1117
1588082727879 1 1118
1588082734625 1 1119
1588082741507 1 1120
1588082748365 1 1121
1588082755086 1 1122
1588082761926 1 1123
1588082768830 1 1124
1588082775754 1 1125
1588082782772 1 1126
1588082789525 1 1127
1588082796243 1 1128
1588082803030 1 1129
1588082809956 1 1130
1588082816890 1 1131
1588082823764 1 1132
1588082830665 1 1133
1588082837470 1 1134
1588082844248 1 1135
1588082851092 1 1136
1588082857826 1 1137
1588082864569 1 1138
1588082871375 1 1139
1588082878131 1 1140
1588082884930 1 1141
1588082891740 1 1142
1588082898608 1 1143
1588082905390 1 1144
1588082912242 1 1145
1588082919030 1 1146
1588082925762 1 1147
1588082932507 1 1148
1588082939309 1 1149
1588082946077 1 1150
1588082952909 1 1151
1588082959992 1 1152
1588082966703 1 1153
1588082973471 1 1154
1588082980244 1 1155
1588082986980 1 1156
1588082993792 1 1157
1588083000659 1 1158
1588083007540 1 1159
1588083014455 1 1160
1588083021310 1 1161
1588083028183 1 1162
1588083035022 1 1163
1588083041808 1 1164
1588083048659 1 1165
1588083055406 1 1166
1588083062335 1 1167
1588083069218 1 1168
1588083076030 1 1169
1588083082904 1 1170
1588083089826 1 1171
1588083096580 1 1172
1588083103323 1 1173
1588083110082 1 1174
1588083117008 1 1175
1588083123792 1 1176
1588083130540 1 1177
1588083137689 1 1178
1588083144449 1 1179
1588083151234 1 1180
1588083157986 1 1181
1588083164697 1 1182
1588083171431 1 1183
1588083178140 1 1184
1588083184942 1 1185
1588083191748 1 1186
1588083198507 1 1187
1588083205263 1 1188
1588083211987 1 1189
1588083218792 1 1190
1588083225571 1 1191
1588083232293 1 1192
1588083239042 1 1193
1588083245799 1 1194
1588083252526 1 1195
1588083259228 1 1196
1588083265948 1 1197
1588083272663 1 1198
1588083279552 1 1199
1588083286318 1 1200
1588083293365 1 1201
1588083300114 1 1202
1588083306871 1 1203
1588083313594 1 1204
1588083320720 1 1205
1588083327443 1 1206
1588083334186 1 1207
1588083340998 1 1208
1588083347802 1 1209
1588083354581 1 1210
1588083361391 1 1211
1588083368159 1 1212
1588083375063 1 1213
1588083381932 1 1214
1588083388681 1 1215
1588083395400 1 1216
1588083402114 1 1217
1588083408858 1 1218
1588083415673 1 1219
1588083422422 1 1220
1588083429141 1 1221
1588083435854 1 1222
1588083442641 1 1223
1588083449418 1 1224
1588083456199 1 1225
1588083462969 1 1226
1588083469715 1 1227
1588083476471 1 1228
1588083483377 1 1229
1588083490198 1 1230
1588083497436 1 1231
1588083504174 1 1232
1588083511016 1 1233
1588083517926 1 1234
1588083524858 1 1235
1588083531665 1 1236
1588083538400 1 1237
1588083545145 1 1238
1588083551874 1 1239
1588083558637 1 1240
1588083565361 1 1241
1588083572214 1 1242
1588083578974 1 1243
1588083585791 1 1244
1588083592610 1 1245
1588083599499 1 1246
1588083606405 1 1247
1588083613151 1 1248
1588083619918 1 1249
1588083626732 1 1250
1588083633577 1 1251
1588083640382 1 1252
1588083647323 1 1253
1588083654151 1 1254
1588083660934 1 1255
1588083667804 1 1256
1588083674693 1 1257
1588083681761 1 1258
1588083688525 1 1259
1588083695386 1 1260
1588083702261 1 1261
1588083709079 1 1262
1588083715811 1 1263
1588083722560 1 1264
1588083729306 1 1265
1588083736064 1 1266
1588083742810 1 1267
1588083749545 1 1268
1588083756291 1 1269
1588083763026 1 1270
1588083769762 1 1271
1588083776497 1 1272
1588083783291 1 1273
1588083790083 1 1274
1588083796859 1 1275
1588083803681 1 1276
1588083810537 1 1277
1588083817331 1 1278
1588083824153 1 1279
1588083831034 1 1280
1588083837912 1 1281
1588083844677 1 1282
1588083851538 1 1283
1588083858845 1 1284
1588083865700 1 1285
1588083872557 1 1286
1588083879375 1 1287
1588083886116 1 1288
1588083892848 1 1289
1588083899594 1 1290
1588083906500 1 1291
1588083913414 1 1292
1588083920286 1 1293
1588083927139 1 1294
1588083933897 1 1295
1588083940643 1 1296
1588083947418 1 1297
1588083954167 1 1298
1588083961049 1 1299
1588083967935 1 1300
1588083974854 1 1301
1588083981733 1 1302
1588083988520 1 1303
1588083995339 1 1304
1588084002243 1 1305
1588084009132 1 1306
1588084015971 1 1307
1588084022866 1 1308
1588084029657 1 1309
1588084036687 1 1310
1588084043591 1 1311
1588084050588 1 1312
1588084057503 1 1313
1588084064296 1 1314
1588084071151 1 1315
1588084077941 1 1316
1588084084743 1 1317
1588084091583 1 1318
1588084098316 1 1319
1588084105067 1 1320
1588084111969 1 1321
1588084118732 1 1322
1588084125480 1 1323
1588084132232 1 1324
1588084139111 1 1325
1588084146060 1 1326
1588084152865 1 1327
1588084159617 1 1328
1588084166459 1 1329
1588084173342 1 1330
1588084180213 1 1331
1588084187029 1 1332
1588084193941 1 1333
1588084200753 1 1334
1588084207655 1 1335
1588084214473 1 1336
1588084221601 1 1337
1588084228351 1 1338
1588084235069 1 1339
1588084241819 1 1340
1588084248630 1 1341
1588084255446 1 1342
1588084262365 1 1343
1588084269145 1 1344
1588084275986 1 1345
1588084282847 1 1346
1588084289661 1 1347
1588084296491 1 1348
1588084303380 1 1349
1588084310249 1 1350
1588084317015 1 1351
1588084323772 1 1352
1588084330533 1 1353
1588084337403 1 1354
1588084344249 1 1355
1588084351095 1 1356
1588084358001 1 1357
1588084364876 1 1358
1588084371745 1 1359
1588084378674 1 1360
1588084385474 1 1361
1588084392221 1 1362
1588084399418 1 1363
1588084406267 1 1364
1588084413093 1 1365
1588084419830 1 1366
1588084426559 1 1367
1588084433304 1 1368
1588084440163 1 1369
1588084447070 1 1370
1588084453829 1 1371
1588084460676 1 1372
1588084467572 1 1373
1588084474438 1 1374
1588084481276 1 1375
1588084488089 1 1376
1588084494911 1 1377
1588084501651 1 1378
1588084508452 1 1379
1588084515230 1 1380
1588084522046 1 1381
1588084528864 1 1382
1588084535615 1 1383
1588084542366 1 1384
1588084549133 1 1385
1588084555926 1 1386
1588084562751 1 1387
1588084569629 1 1388
1588084576701 1 1389
1588084583585 1 1390
1588084590341 1 1391
1588084597154 1 1392
1588084604006 1 1393
1588084610833 1 1394
1588084617715 1 1395
1588084624583 1 1396
1588084631336 1 1397
1588084638077 1 1398
1588084644810 1 1399
1588084651572 1 1400
1588084658390 1 1401
1588084665170 1 1402
1588084671936 1 1403
1588084678693 1 1404
1588084685521 1 1405
1588084692357 1 1406
1588084699088 1 1407
1588084705838 1 1408
1588084712740 1 1409
1588084719569 1 1410
1588084726337 1 1411
1588084733080 1 1412
1588084739825 1 1413
1588084746596 1 1414
1588084753374 1 1415
1588084760647 1 1416
1588084767381 1 1417
1588084774137 1 1418
1588084781003 1 1419
1588084787931 1 1420
1588084794858 1 1421
1588084801671 1 1422
1588084808433 1 1423
1588084815198 1 1424
1588084821977 1 1425
1588084828710 1 1426
1588084835454 1 1427
1588084842185 1 1428
1588084848919 1 1429
1588084855683 1 1430
1588084862433 1 1431
1588084869189 1 1432
1588084875960 1 1433
1588084882705 1 1434
1588084889470 1 1435
1588084896230 1 1436
1588084902964 1 1437
1588084909704 1 1438
1588084916447 1 1439
1588084923326 1 1440
1588084930210 1 1441
1588084937332 1 1442
1588084944158 1 1443
1588084951000 1 1444
1588084957763 1 1445
1588084964607 1 1446
1588084971471 1 1447
1588084978373 1 1448
1588084985315 1 1449
1588084992200 1 1450
1588084998987 1 1451
1588085005750 1 1452
1588085012497 1 1453
1588085019238 1 1454
1588085026009 1 1455
1588085032776 1 1456
1588085039517 1 1457
1588085046298 1 1458
1588085053049 1 1459
1588085059897 1 1460
1588085066734 1 1461
1588085073524 1 1462
1588085080371 1 1463
1588085087192 1 1464
1588085093972 1 1465
1588085100711 1 1466
1588085107491 1 1467
1588085114332 1 1468
1588085121580 1 1469
1588085128374 1 1470
1588085135124 1 1471
1588085141886 1 1472
1588085148711 1 1473
1588085155486 1 1474
1588085162392 1 1475
1588085169194 1 1476
1588085176039 1 1477
1588085182858 1 1478
1588085189638 1 1479
1588085196489 1 1480
1588085203241 1 1481
1588085209990 1 1482
1588085216791 1 1483
1588085223701 1 1484
1588085230582 1 1485
1588085237349 1 1486
1588085244119 1 1487
1588085250868 1 1488
1588085257670 1 1489
1588085264441 1 1490
1588085271182 1 1491
1588085277932 1 1492
1588085284763 1 1493
1588085291515 1 1494
1588085298646 1 1495
1588085305406 1 1496
1588085312154 1 1497
1588085318912 1 1498
1588085325781 1 1499
1588085332654 1 1500
1588085339547 1 1501
1588085346459 1 1502
1588085353304 1 1503
1588085360021 1 1504
1588085366891 1 1505
1588085373668 1 1506
1588085380412 1 1507
1588085387155 1 1508
1588085393890 1 1509
1588085400633 1 1510
1588085407401 1 1511
1588085414214 1 1512
1588085420928 1 1513
1588085427672 1 1514
1588085434433 1 1515
1588085441312 1 1516
1588085448095 1 1517
1588085454843 1 1518
1588085461663 1 1519
1588085468484 1 1520
1588085475606 1 1521
1588085482778 1 1522
1588085489546 1 1523
1588085496363 1 1524
1588085503187 1 1525
1588085510041 1 1526
1588085516847 1 1527
1588085523611 1 1528
1588085530474 1 1529
1588085537271 1 1530
1588085544018 1 1531
1588085550768 1 1532
1588085557625 1 1533
1588085564536 1 1534
1588085571411 1 1535
1588085578277 1 1536
1588085585174 1 1537
1588085591917 1 1538
1588085598770 1 1539
1588085605614 1 1540
1588085612499 1 1541
1588085619321 1 1542
1588085626081 1 1543
1588085632881 1 1544
1588085639770 1 1545
1588085646724 1 1546
1588085653615 1 1547
1588085660823 1 1548
1588085667648 1 1549
1588085674500 1 1550
1588085681275 1 1551
1588085688050 1 1552
1588085694822 1 1553
1588085701590 1 1554
1588085708542 1 1555
1588085715446 1 1556
1588085722233 1 1557
1588085729085 1 1558
1588085735991 1 1559
1588085742918 1 1560
1588085749810 1 1561
1588085756683 1 1562
1588085763543 1 1563
1588085770417 1 1564
1588085777346 1 1565
1588085784233 1 1566
1588085791080 1 1567
1588085797964 1 1568
1588085804832 1 1569
1588085811718 1 1570
1588085818590 1 1571
1588085825531 1 1572
1588085832434 1 1573
1588085839633 1 1574
1588085846396 1 1575
1588085853141 1 1576
1588085859899 1 1577
1588085866794 1 1578
1588085873668 1 1579
1588085880530 1 1580
1588085887503 1 1581
1588085894338 1 1582
1588085901097 1 1583
1588085907853 1 1584
1588085914610 1 1585
1588085921366 1 1586
1588085928144 1 1587
1588085934896 1 1588
1588085941645 1 1589
1588085948445 1 1590
1588085955285 1 1591
1588085962060 1 1592
1588085968796 1 1593
1588085975552 1 1594
1588085982426 1 1595
1588085989253 1 1596
1588085996005 1 1597
1588086002882 1 1598
1588086009697 1 1599
1588086016929 1 1600
1588086023978 1 1601
1588086030819 1 1602
1588086037588 1 1603
1588086044333 1 1604
1588086051108 1 1605
1588086057869 1 1606
1588086064765 1 1607
1588086071550 1 1608
1588086078378 1 1609
1588086085270 1 1610
1588086092161 1 1611
1588086099031 1 1612
1588086105951 1 1613
1588086112838 1 1614
1588086119734 1 1615
1588086126656 1 1616
1588086133498 1 1617
1588086140401 1 1618
1588086147304 1 1619
1588086154152 1 1620
1588086160898 1 1621
1588086167645 1 1622
1588086174532 1 1623
1588086181472 1 1624
1588086188367 1 1625
1588086195276 1 1626
1588086202334 1 1627
1588086209135 1 1628
1588086216058 1 1629
1588086222966 1 1630
1588086229849 1 1631
1588086236771 1 1632
1588086243644 1 1633
1588086250394 1 1634
1588086257219 1 1635
1588086264021 1 1636
1588086270855 1 1637
1588086277759 1 1638
1588086284547 1 1639
1588086291356 1 1640
1588086298207 1 1641
1588086305034 1 1642
1588086311933 1 1643
1588086318806 1 1644
1588086325728 1 1645
1588086332636 1 1646
1588086339532 1 1647
1588086346305 1 1648
1588086353087 1 1649
1588086359908 1 1650
1588086366757 1 1651
1588086373630 1 1652
1588086380993 1 1653
1588086387874 1 1654
1588086394722 1 1655
1588086401593 1 1656
1588086408447 1 1657
1588086415389 1 1658
1588086422307 1 1659
1588086429178 1 1660
1588086435952 1 1661
1588086442714 1 1662
1588086449464 1 1663
1588086456218 1 1664
1588086462988 1 1665
1588086469768 1 1666
1588086476548 1 1667
1588086483351 1 1668
1588086490165 1 1669
1588086496935 1 1670
1588086503705 1 1671
1588086510524 1 1672
1588086517387 1 1673
1588086524241 1 1674
1588086531143 1 1675
1588086537937 1 1676
1588086544709 1 1677
1588086551435 1 1678
1588086558635 1 1679
1588086565465 1 1680
1588086572297 1 1681
1588086579165 1 1682
1588086585956 1 1683
1588086592737 1 1684
1588086599621 1 1685
1588086606542 1 1686
1588086613313 1 1687
1588086620115 1 1688
1588086626921 1 1689
1588086633722 1 1690
1588086640563 1 1691
1588086647411 1 1692
1588086654177 1 1693
1588086660934 1 1694
1588086667730 1 1695
1588086674488 1 1696
1588086681292 1 1697
1588086688112 1 1698
1588086694893 1 1699
1588086701773 1 1700
1588086708765 1 1701
1588086715629 1 1702
1588086722532 1 1703
1588086729321 1 1704
1588086736419 1 1705
1588086743452 1 1706
1588086750317 1 1707
1588086757150 1 1708
1588086763972 1 1709
1588086770818 1 1710
1588086777674 1 1711
1588086784424 1 1712
1588086791186 1 1713
1588086798001 1 1714
1588086804829 1 1715
1588086811727 1 1716
1588086818552 1 1717
1588086825411 1 1718
1588086832202 1 1719
1588086838995 1 1720
1588086845858 1 1721
1588086852670 1 1722
1588086859367 1 1723
1588086866046 1 1724
1588086872729 1 1725
1588086879423 1 1726
1588086886186 1 1727
1588086892945 1 1728
1588086899676 1 1729
1588086906408 1 1730
1588086913136 1 1731
1588086920343 1 1732
1588086927058 1 1733
1588086933750 1 1734
1588086940469 1 1735
1588086947239 1 1736
1588086954015 1 1737
1588086960679 1 1738
1588086967382 1 1739
1588086974092 1 1740
1588086980761 1 1741
1588086987456 1 1742
1588086994131 1 1743
1588087000806 1 1744
1588087007514 1 1745
1588087014181 1 1746
1588087020846 1 1747
1588087027538 1 1748
1588087034253 1 1749
1588087041066 1 1750
1588087047833 1 1751
1588087054562 1 1752
1588087061310 1 1753
1588087068151 1 1754
1588087074977 1 1755
1588087081726 1 1756
1588087088497 1 1757
1588087095408 1 1758
1588087102336 1 1759
1588087109111 1 1760
1588087115806 1 1761
1588087122593 1 1762
1588087129389 1 1763
1588087136144 1 1764
1588087142913 1 1765
1588087149693 1 1766
1588087156542 1 1767
1588087163260 1 1768
1588087169953 1 1769
1588087176746 1 1770
1588087183562 1 1771
1588087190333 1 1772
1588087197176 1 1773
1588087204026 1 1774
1588087210860 1 1775
1588087217643 1 1776
1588087224354 1 1777
1588087231134 1 1778
1588087237861 1 1779
1588087244641 1 1780
1588087251329 1 1781
1588087258031 1 1782
1588087264733 1 1783
1588087271411 1 1784
1588087278530 1 1785
1588087285233 1 1786
1588087291934 1 1787
1588087298636 1 1788
1588087305343 1 1789
1588087312048 1 1790
1588087318760 1 1791
1588087325555 1 1792
1588087332224 1 1793
1588087338976 1 1794
1588087345820 1 1795
1588087352462 1 1796
1588087359145 1 1797
1588087365817 1 1798
1588087372570 1 1799
1588087379317 1 1800
1588087386096 1 1801
1588087392839 1 1802
1588087399561 1 1803
1588087406221 1 1804
1588087412983 1 1805
1588087419739 1 1806
1588087426386 1 1807
1588087433221 1 1808
1588087440010 1 1809
1588087446885 1 1810
1588087453715 1 1811
1588087460893 1 1812
1588087467668 1 1813
1588087474481 1 1814
1588087481316 1 1815
1588087487998 1 1816
1588087494708 1 1817
1588087501434 1 1818
1588087508250 1 1819
1588087515163 1 1820
1588087522079 1 1821
1588087528960 1 1822
1588087535741 1 1823
1588087542489 1 1824
1588087549259 1 1825
1588087556044 1 1826
1588087562814 1 1827
1588087569616 1 1828
1588087576337 1 1829
1588087583101 1 1830
1588087589911 1 1831
1588087596851 1 1832
1588087603763 1 1833
1588087610585 1 1834
1588087617445 1 1835
1588087624326 1 1836
1588087631067 1 1837
1588087638296 1 1838
1588087645120 1 1839
1588087652072 1 1840
1588087658989 1 1841
1588087665764 1 1842
1588087672655 1 1843
1588087679463 1 1844
1588087686408 1 1845
1588087693274 1 1846
1588087700177 1 1847
1588087706995 1 1848
1588087713869 1 1849
1588087720766 1 1850
1588087727515 1 1851
1588087734258 1 1852
1588087741070 1 1853
1588087747871 1 1854
1588087754656 1 1855
1588087761418 1 1856
1588087768170 1 1857
1588087774934 1 1858
1588087781772 1 1859
1588087788550 1 1860
1588087795327 1 1861
1588087802118 1 1862
1588087808879 1 1863
1588087815772 1 1864
1588087822793 1 1865
1588087829563 1 1866
1588087836323 1 1867
1588087843092 1 1868
1588087849921 1 1869
1588087856736 1 1870
1588087863707 1 1871
1588087870610 1 1872
1588087877477 1 1873
1588087884367 1 1874
1588087891184 1 1875
1588087897950 1 1876
1588087904732 1 1877
1588087911499 1 1878
1588087918371 1 1879
1588087925329 1 1880
1588087932104 1 1881
1588087938936 1 1882
1588087945706 1 1883
1588087952451 1 1884
1588087959236 1 1885
1588087965997 1 1886
1588087972758 1 1887
1588087979494 1 1888
1588087986276 1 1889
1588087993076 1 1890
1588088000174 1 1891
1588088006924 1 1892
1588088013818 1 1893
1588088020709 1 1894
1588088027613 1 1895
1588088034551 1 1896
1588088041361 1 1897
1588088048242 1 1898
1588088055037 1 1899
1588088061813 1 1900
1588088068733 1 1901
1588088075553 1 1902
1588088082478 1 1903
1588088089310 1 1904
1588088096108 1 1905
1588088102907 1 1906
1588088109775 1 1907
1588088116673 1 1908
1588088123545 1 1909
1588088130415 1 1910
1588088137335 1 1911
1588088144248 1 1912
1588088151045 1 1913
1588088157899 1 1914
1588088164798 1 1915
1588088171718 1 1916
1588088178958 1 1917
1588088185740 1 1918
1588088192581 1 1919
1588088199528 1 1920
1588088206286 1 1921
1588088213031 1 1922
1588088219835 1 1923
1588088226780 1 1924
1588088233719 1 1925
1588088240496 1 1926
1588088247238 1 1927
1588088253982 1 1928
1588088260776 1 1929
1588088267659 1 1930
1588088274482 1 1931
1588088281267 1 1932
1588088288061 1 1933
1588088294977 1 1934
1588088301929 1 1935
1588088308823 1 1936
1588088315785 1 1937
1588088322626 1 1938
1588088329420 1 1939
1588088336272 1 1940
1588088343165 1 1941
1588088350058 1 1942
1588088357320 1 1943
1588088364165 1 1944
1588088370951 1 1945
1588088377875 1 1946
1588088384791 1 1947
1588088391581 1 1948
1588088398461 1 1949
1588088405390 1 1950
1588088412257 1 1951
1588088419149 1 1952
1588088425997 1 1953
1588088432890 1 1954
1588088439818 1 1955
1588088446718 1 1956
1588088453526 1 1957
1588088460288 1 1958
1588088467051 1 1959
1588088473853 1 1960
1588088480597 1 1961
1588088487430 1 1962
1588088494311 1 1963
1588088501147 1 1964
1588088507932 1 1965
1588088514790 1 1966
1588088521611 1 1967
1588088528407 1 1968
1588088535414 1 1969
1588088542564 1 1970
1588088549331 1 1971
1588088555971 1 1972
1588088562554 1 1973
1588088569283 1 1974
1588088576021 1 1975
1588088582661 1 1976
1588088589386 1 1977
1588088596094 1 1978
1588088602790 1 1979
1588088609558 1 1980
1588088616289 1 1981
1588088623021 1 1982
1588088629892 1 1983
1588088636597 1 1984
1588088643350 1 1985
1588088650014 1 1986
1588088656613 1 1987
1588088663154 1 1988
1588088669694 1 1989
1588088676259 1 1990
1588088682770 1 1991
1588088689297 1 1992
1588088695922 1 1993
1588088702485 1 1994
1588088709071 1 1995
1588088715840 1 1996
1588088722628 1 1997
1588088729197 1 1998
1588088735731 1 1999
1588088742321 1 2000
1588088749185 1 2001
1588088755715 1 2002
1588088762276 1 2003
1588088768789 1 2004
1588088775359 1 2005
1588088781906 1 2006
1588088788556 1 2007
1588088795245 1 2008
1588088801914 1 2009
1588088808465 1 2010
1588088815019 1 2011
1588088821615 1 2012
1588088828308 1 2013
1588088834982 1 2014
1588088841679 1 2015
1588088848330 1 2016
1588088854941 1 2017
1588088861468 1 2018
1588088867996 1 2019
1588088874524 1 2020
1588088881058 1 2021
1588088887683 1 2022
1588088894222 1 2023
1588088901219 1 2024
1588088907741 1 2025
1588088914255 1 2026
1588088920771 1 2027
1588088927298 1 2028
1588088933852 1 2029
1588088940474 1 2030
1588088947070 1 2031
1588088953608 1 2032
1588088960131 1 2033
1588088966659 1 2034
1588088973254 1 2035
1588088979939 1 2036
1588088986557 1 2037
1588088993292 1 2038
1588089000028 1 2039
1588089006700 1 2040
1588089013382 1 2041
1588089019896 1 2042
1588089026407 1 2043
1588089032939 1 2044
1588089039565 1 2045
1588089046164 1 2046
1588089052832 1 2047
1588089059527 1 2048
1588089066137 1 2049
1588089072767 1 2050
1588089079867 1 2051
1588089086516 1 2052
1588089093153 1 2053
1588089099887 1 2054
1588089106543 1 2055
1588089113079 1 2056
1588089119640 1 2057
1588089126310 1 2058
1588089132865 1 2059
1588089139425 1 2060
1588089146046 1 2061
1588089152680 1 2062
1588089159213 1 2063
1588089165764 1 2064
1588089172339 1 2065
1588089178877 1 2066
1588089185440 1 2067
1588089191970 1 2068
1588089198492 1 2069
1588089205092 1 2070
1588089211591 1 2071
1588089218108 1 2072
1588089224778 1 2073
1588089231311 1 2074
1588089237821 1 2075
1588089244369 1 2076
1588089250870 1 2077
1588089257755 1 2078
1588089264293 1 2079
1588089270851 1 2080
1588089277388 1 2081
1588089283923 1 2082
1588089290431 1 2083
1588089296953 1 2084
1588089303528 1 2085
1588089310035 1 2086
1588089316549 1 2087
1588089323034 1 2088
1588089329540 1 2089
1588089336043 1 2090
1588089342548 1 2091
1588089349034 1 2092
1588089355556 1 2093
1588089362225 1 2094
1588089368846 1 2095
1588089375527 1 2096
1588089382102 1 2097
1588089388764 1 2098
1588089395251 1 2099
1588089401782 1 2100
1588089408384 1 2101
1588089414922 1 2102
1588089421597 1 2103
1588089428109 1 2104
1588089434709 1 2105
1588089441698 1 2106
1588089448246 1 2107
1588089454869 1 2108
1588089461582 1 2109
1588089468327 1 2110
1588089474884 1 2111
1588089481445 1 2112
1588089487980 1 2113
1588089494499 1 2114
1588089501030 1 2115
1588089507562 1 2116
1588089514064 1 2117
1588089520600 1 2118
1588089527080 1 2119
1588089533576 1 2120
1588089540138 1 2121
1588089546700 1 2122
1588089553287 1 2123
1588089559916 1 2124
1588089566538 1 2125
1588089573044 1 2126
1588089579634 1 2127
1588089586130 1 2128
1588089592641 1 2129
1588089599176 1 2130
1588089605721 1 2131
1588089612282 1 2132
1588089619457 1 2133
1588089625969 1 2134
1588089632546 1 2135
1588089639217 1 2136
1588089645753 1 2137
1588089652272 1 2138
1588089658923 1 2139
1588089665602 1 2140
1588089672315 1 2141
1588089678939 1 2142
1588089685533 1 2143
1588089692125 1 2144
1588089698827 1 2145
1588089705401 1 2146
1588089712093 1 2147
1588089718784 1 2148
1588089725359 1 2149
1588089732030 1 2150
1588089738723 1 2151
1588089745298 1 2152
1588089751774 1 2153
1588089758275 1 2154
1588089764799 1 2155
1588089771377 1 2156
1588089778082 1 2157
1588089784790 1 2158
1588089791401 1 2159
1588089798451 1 2160
1588089804962 1 2161
1588089811622 1 2162
1588089818169 1 2163
1588089824829 1 2164
1588089831524 1 2165
1588089838151 1 2166
1588089844866 1 2167
1588089851583 1 2168
1588089858295 1 2169
1588089865019 1 2170
1588089871656 1 2171
1588089878197 1 2172
1588089884868 1 2173
1588089891407 1 2174
1588089897952 1 2175
1588089904506 1 2176
1588089911073 1 2177
1588089917596 1 2178
1588089924028 1 2179
1588089930556 1 2180
1588089937053 1 2181
1588089943573 1 2182
1588089950084 1 2183
1588089956600 1 2184
1588089963212 1 2185
1588089969739 1 2186
1588089976519 1 2187
1588089983278 1 2188
1588089989826 1 2189
1588089996364 1 2190
1588090002862 1 2191
1588090009347 1 2192
1588090015850 1 2193
1588090022379 1 2194
1588090028917 1 2195
1588090035411 1 2196
1588090041927 1 2197
1588090048436 1 2198
1588090054943 1 2199
1588090061476 1 2200
1588090068079 1 2201
1588090074587 1 2202
1588090081248 1 2203
1588090087723 1 2204
1588090094135 1 2205
1588090100626 1 2206
1588090107115 1 2207
1588090113600 1 2208
1588090120109 1 2209
1588090126641 1 2210
1588090133127 1 2211
1588090139627 1 2212
1588090146107 1 2213
1588090152624 1 2214
1588090159630 1 2215
1588090166135 1 2216
1588090172630 1 2217
1588090179150 1 2218
1588090185632 1 2219
1588090192147 1 2220
1588090198641 1 2221
1588090205174 1 2222
1588090211721 1 2223
1588090218326 1 2224
1588090224969 1 2225
1588090231490 1 2226
1588090238051 1 2227
1588090244515 1 2228
1588090251005 1 2229
1588090257663 1 2230
1588090264241 1 2231
1588090270895 1 2232
1588090277387 1 2233
1588090283929 1 2234
1588090290615 1 2235
1588090297307 1 2236
1588090303839 1 2237
1588090310315 1 2238
1588090316910 1 2239
1588090323604 1 2240
1588090330287 1 2241
1588090337267 1 2242
1588090343901 1 2243
1588090350420 1 2244
1588090356920 1 2245
1588090363530 1 2246
1588090370225 1 2247
1588090376776 1 2248
1588090383487 1 2249
1588090390213 1 2250
1588090396825 1 2251
1588090403470 1 2252
1588090410120 1 2253
1588090416684 1 2254
1588090423385 1 2255
1588090430074 1 2256
1588090436732 1 2257
1588090443383 1 2258
1588090449984 1 2259
1588090456680 1 2260
1588090463263 1 2261
1588090469794 1 2262
1588090476312 1 2263
1588090482941 1 2264
1588090489581 1 2265
1588090496255 1 2266
1588090502834 1 2267
1588090509365 1 2268
1588090516150 1 2269
1588090523045 1 2270
1588090529563 1 2271
1588090536087 1 2272
1588090542614 1 2273
1588090549334 1 2274
1588090555897 1 2275
1588090562408 1 2276
1588090568893 1 2277
1588090575540 1 2278
1588090582023 1 2279
1588090588558 1 2280
1588090595065 1 2281
1588090601575 1 2282
1588090608058 1 2283
1588090614555 1 2284
1588090621097 1 2285
1588090627632 1 2286
1588090634146 1 2287
1588090640648 1 2288
1588090647209 1 2289
1588090653806 1 2290
1588090660362 1 2291
1588090666946 1 2292
1588090673476 1 2293
1588090680006 1 2294
1588090686611 1 2295
1588090693190 1 2296
1588090700231 1 2297
1588090706814 1 2298
1588090713361 1 2299
1588090720090 1 2300
1588090726886 1 2301
1588090733619 1 2302
1588090740490 1 2303
1588090747377 1 2304
1588090754215 1 2305
1588090761006 1 2306
1588090767739 1 2307
1588090774399 1 2308
1588090781039 1 2309
1588090787698 1 2310
1588090794425 1 2311
1588090801151 1 2312
1588090807980 1 2313
1588090814689 1 2314
1588090821506 1 2315
1588090828353 1 2316
1588090835165 1 2317
1588090841930 1 2318
1588090848717 1 2319
1588090855444 1 2320
1588090862137 1 2321
1588090868909 1 2322
1588090875990 1 2323
1588090882940 1 2324
1588090889632 1 2325
1588090896327 1 2326
1588090903081 1 2327
1588090909724 1 2328
1588090916457 1 2329
1588090923251 1 2330
1588090930030 1 2331
1588090936789 1 2332
1588090943542 1 2333
1588090950419 1 2334
1588090957286 1 2335
1588090964028 1 2336
1588090970788 1 2337
1588090977524 1 2338
1588090984179 1 2339
1588090990911 1 2340
1588090997675 1 2341
1588091004359 1 2342
1588091010994 1 2343
1588091017676 1 2344
1588091024339 1 2345
1588091031016 1 2346
1588091037661 1 2347
1588091044366 1 2348
1588091051180 1 2349
1588091058296 1 2350
1588091064994 1 2351
1588091071719 1 2352
1588091078339 1 2353
1588091085001 1 2354
1588091091621 1 2355
1588091098153 1 2356
1588091104887 1 2357
1588091111555 1 2358
1588091118118 1 2359
1588091124871 1 2360
1588091131466 1 2361
1588091138001 1 2362
1588091144665 1 2363
1588091151320 1 2364
1588091157963 1 2365
1588091164673 1 2366
1588091171368 1 2367
1588091177932 1 2368
1588091184430 1 2369
1588091190979 1 2370
1588091197492 1 2371
1588091204128 1 2372
1588091210779 1 2373
1588091217454 1 2374
1588091224031 1 2375
1588091230559 1 2376
1588091237537 1 2377
1588091244034 1 2378
1588091250682 1 2379
1588091257410 1 2380
1588091264073 1 2381
1588091270860 1 2382
1588091277455 1 2383
1588091284040 1 2384
1588091290640 1 2385
1588091297241 1 2386
1588091303824 1 2387
1588091310379 1 2388
1588091317008 1 2389
1588091323727 1 2390
1588091330462 1 2391
1588091337182 1 2392
1588091343917 1 2393
1588091350642 1 2394
1588091357215 1 2395
1588091363736 1 2396
1588091370307 1 2397
1588091377026 1 2398
1588091383571 1 2399
1588091390107 1 2400
1588091396710 1 2401
1588091403298 1 2402
1588091409816 1 2403
1588091416601 1 2404
1588091423244 1 2405
1588091429753 1 2406
1588091436275 1 2407
1588091442830 1 2408
1588091449397 1 2409
1588091455948 1 2410
1588091462502 1 2411
1588091469036 1 2412
1588091475574 1 2413
1588091482102 1 2414
1588091488651 1 2415
1588091495211 1 2416
1588091501736 1 2417
1588091508285 1 2418
1588091514976 1 2419
1588091521734 1 2420
1588091528460 1 2421
1588091535072 1 2422
1588091541711 1 2423
1588091548303 1 2424
1588091554984 1 2425
1588091561505 1 2426
1588091568068 1 2427
1588091574598 1 2428
1588091581128 1 2429
1588091587838 1 2430
1588091594486 1 2431
1588091601508 1 2432
1588091608219 1 2433
1588091614894 1 2434
1588091621453 1 2435
1588091628061 1 2436
1588091634743 1 2437
1588091641407 1 2438
1588091648116 1 2439
1588091654804 1 2440
1588091661405 1 2441
1588091668019 1 2442
1588091674711 1 2443
1588091681399 1 2444
1588091688096 1 2445
1588091694767 1 2446
1588091701440 1 2447
1588091708170 1 2448
1588091714726 1 2449
1588091721367 1 2450
1588091728038 1 2451
1588091734631 1 2452
1588091741313 1 2453
1588091748007 1 2454
1588091754624 1 2455
1588091761191 1 2456
1588091767778 1 2457
1588091774416 1 2458
1588091781295 1 2459
1588091787925 1 2460
1588091794495 1 2461
1588091801128 1 2462
1588091807864 1 2463
1588091814591 1 2464
1588091821219 1 2465
1588091827830 1 2466
1588091834449 1 2467
1588091841154 1 2468
1588091847745 1 2469
1588091854423 1 2470
1588091861049 1 2471
1588091867736 1 2472
1588091874411 1 2473
1588091881026 1 2474
1588091887682 1 2475
1588091894367 1 2476
1588091901053 1 2477
1588091907727 1 2478
1588091914441 1 2479
1588091921151 1 2480
1588091927844 1 2481
1588091934552 1 2482
1588091941274 1 2483
1588091947969 1 2484
1588091954731 1 2485
1588091961676 1 2486
1588091968198 1 2487
1588091974743 1 2488
1588091981288 1 2489
1588091987851 1 2490
1588091994397 1 2491
1588092000982 1 2492
1588092007568 1 2493
1588092014132 1 2494
1588092020852 1 2495
1588092027455 1 2496
1588092033973 1 2497
1588092040508 1 2498
1588092047062 1 2499
1588092053637 1 2500
1588092060627 1 2501
1588092067195 1 2502
1588092073868 1 2503
1588092080426 1 2504
1588092087040 1 2505
1588092093725 1 2506
1588092100411 1 2507
1588092107048 1 2508
1588092113792 1 2509
1588092120510 1 2510
1588092127113 1 2511
1588092133774 1 2512
1588092140763 1 2513
1588092147304 1 2514
1588092153918 1 2515
1588092160597 1 2516
1588092167158 1 2517
1588092173832 1 2518
1588092180460 1 2519
1588092187211 1 2520
1588092193920 1 2521
1588092200548 1 2522
1588092207133 1 2523
1588092213707 1 2524
1588092220420 1 2525
1588092227042 1 2526
1588092233736 1 2527
1588092240465 1 2528
1588092247152 1 2529
1588092253742 1 2530
1588092260365 1 2531
1588092267007 1 2532
1588092273620 1 2533
1588092280279 1 2534
1588092286895 1 2535
1588092293588 1 2536
1588092300232 1 2537
1588092306783 1 2538
1588092313323 1 2539
1588092320350 1 2540
1588092326900 1 2541
1588092333401 1 2542
1588092339936 1 2543
1588092346530 1 2544
1588092353084 1 2545
1588092359706 1 2546
1588092366417 1 2547
1588092373111 1 2548
1588092379760 1 2549
1588092386527 1 2550
1588092393209 1 2551
1588092399877 1 2552
1588092406546 1 2553
1588092413116 1 2554
1588092419638 1 2555
1588092426202 1 2556
1588092432898 1 2557
1588092439475 1 2558
1588092446166 1 2559
1588092452865 1 2560
1588092459549 1 2561
1588092466135 1 2562
1588092472642 1 2563
1588092479216 1 2564
1588092485951 1 2565
1588092492661 1 2566
1588092499639 1 2567
1588092506125 1 2568
1588092512664 1 2569
1588092519323 1 2570
1588092525818 1 2571
1588092532336 1 2572
1588092538911 1 2573
1588092545475 1 2574
1588092551990 1 2575
1588092558475 1 2576
1588092564974 1 2577
1588092571512 1 2578
1588092578017 1 2579
1588092584540 1 2580
1588092591036 1 2581
1588092597536 1 2582
1588092604160 1 2583
1588092610675 1 2584
1588092617361 1 2585
1588092624040 1 2586
1588092630725 1 2587
1588092637421 1 2588
1588092644073 1 2589
1588092650739 1 2590
1588092657273 1 2591
1588092663945 1 2592
1588092670621 1 2593
1588092677793 1 2594
1588092684475 1 2595
1588092690998 1 2596
1588092697477 1 2597
1588092703962 1 2598
1588092710486 1 2599
1588092717216 1 2600
1588092723863 1 2601
1588092730387 1 2602
1588092737019 1 2603
1588092743626 1 2604
1588092750270 1 2605
1588092756929 1 2606
1588092763572 1 2607
1588092770271 1 2608
1588092776941 1 2609
1588092783642 1 2610
1588092790242 1 2611
1588092796789 1 2612
1588092803477 1 2613
1588092810123 1 2614
1588092816674 1 2615
1588092823188 1 2616
1588092829801 1 2617
1588092836498 1 2618
1588092843107 1 2619
1588092849660 1 2620
1588092856556 1 2621
1588092863302 1 2622
1588092869957 1 2623
1588092876671 1 2624
1588092883240 1 2625
1588092889759 1 2626
1588092896270 1 2627
1588092902825 1 2628
1588092909359 1 2629
1588092915931 1 2630
1588092922459 1 2631
1588092928987 1 2632
1588092935534 1 2633
1588092942074 1 2634
1588092948642 1 2635
1588092955198 1 2636
1588092961738 1 2637
1588092968291 1 2638
1588092974846 1 2639
1588092981590 1 2640
1588092988220 1 2641
1588092994781 1 2642
1588093001451 1 2643
1588093008163 1 2644
1588093014766 1 2645
1588093021289 1 2646
1588093027929 1 2647
1588093034707 1 2648
1588093041637 1 2649
1588093048235 1 2650
1588093054824 1 2651
1588093061390 1 2652
1588093068025 1 2653
1588093074625 1 2654
1588093081348 1 2655
1588093087946 1 2656
1588093094506 1 2657
1588093101089 1 2658
1588093107623 1 2659
1588093114211 1 2660
1588093120833 1 2661
1588093127413 1 2662
1588093133980 1 2663
1588093140616 1 2664
1588093147227 1 2665
1588093153820 1 2666
1588093160366 1 2667
1588093166893 1 2668
1588093173424 1 2669
1588093179977 1 2670
1588093186507 1 2671
1588093193047 1 2672
1588093199590 1 2673
1588093206140 1 2674
1588093212705 1 2675
1588093219727 1 2676
1588093226266 1 2677
1588093232927 1 2678
1588093239571 1 2679
1588093246310 1 2680
1588093252906 1 2681
1588093259424 1 2682
1588093266000 1 2683
1588093272535 1 2684
1588093279190 1 2685
1588093285851 1 2686
1588093292515 1 2687
1588093299094 1 2688
1588093305621 1 2689
1588093312298 1 2690
1588093318962 1 2691
1588093325555 1 2692
1588093332081 1 2693
1588093338622 1 2694
1588093345188 1 2695
1588093351712 1 2696
1588093358261 1 2697
1588093364988 1 2698
1588093371700 1 2699
1588093378375 1 2700
1588093385173 1 2701
1588093391796 1 2702
1588093398836 1 2703
1588093405360 1 2704
1588093411978 1 2705
1588093418553 1 2706
1588093425194 1 2707
1588093431757 1 2708
1588093438312 1 2709
1588093444798 1 2710
1588093451321 1 2711
1588093457849 1 2712
1588093464389 1 2713
1588093470942 1 2714
1588093477471 1 2715
1588093484065 1 2716
1588093490604 1 2717
1588093497151 1 2718
1588093503705 1 2719
1588093510253 1 2720
1588093516764 1 2721
1588093523260 1 2722
1588093529747 1 2723
1588093536244 1 2724
1588093542809 1 2725
1588093549347 1 2726
1588093556012 1 2727
1588093562570 1 2728
1588093569115 1 2729
1588093576038 1 2730
1588093582792 1 2731
1588093589313 1 2732
1588093595834 1 2733
1588093602351 1 2734
1588093608881 1 2735
1588093615406 1 2736
1588093621956 1 2737
1588093628604 1 2738
1588093635225 1 2739
1588093641825 1 2740
1588093648459 1 2741
1588093655098 1 2742
1588093661772 1 2743
1588093668488 1 2744
1588093675132 1 2745
1588093681812 1 2746
1588093688328 1 2747
1588093694900 1 2748
1588093701527 1 2749
1588093708196 1 2750
1588093714838 1 2751
1588093721520 1 2752
1588093728024 1 2753
1588093734550 1 2754
1588093741099 1 2755
1588093747621 1 2756
1588093754280 1 2757
1588093761200 1 2758
1588093767710 1 2759
1588093774224 1 2760
1588093780731 1 2761
1588093787217 1 2762
1588093793722 1 2763
1588093800274 1 2764
1588093806852 1 2765
1588093813465 1 2766
1588093820139 1 2767
1588093826845 1 2768
1588093833414 1 2769
1588093839965 1 2770
1588093846608 1 2771
1588093853157 1 2772
1588093859658 1 2773
1588093866206 1 2774
1588093872755 1 2775
1588093879264 1 2776
1588093885780 1 2777
1588093892298 1 2778
1588093898823 1 2779
1588093905344 1 2780
1588093911864 1 2781
1588093918388 1 2782
1588093924928 1 2783
1588093931443 1 2784
1588093938404 1 2785
1588093945002 1 2786
1588093951619 1 2787
1588093958129 1 2788
1588093964660 1 2789
1588093971211 1 2790
1588093977791 1 2791
1588093984500 1 2792
1588093991162 1 2793
1588093997690 1 2794
1588094004396 1 2795
1588094011087 1 2796
1588094017758 1 2797
1588094024299 1 2798
1588094030938 1 2799
1588094037599 1 2800
1588094044411 1 2801
1588094051062 1 2802
1588094057626 1 2803
1588094064153 1 2804
1588094070738 1 2805
1588094077323 1 2806
1588094083847 1 2807
1588094090471 1 2808
1588094097065 1 2809
1588094103640 1 2810
1588094110151 1 2811
1588094117003 1 2812
1588094123650 1 2813
1588094130269 1 2814
1588094136855 1 2815
1588094143503 1 2816
1588094150180 1 2817
1588094156786 1 2818
1588094163491 1 2819
1588094170142 1 2820
1588094176769 1 2821
1588094183470 1 2822
1588094190172 1 2823
1588094196684 1 2824
1588094203251 1 2825
1588094209955 1 2826
1588094216504 1 2827
1588094223008 1 2828
1588094229673 1 2829
1588094236402 1 2830
1588094243036 1 2831
1588094249530 1 2832
1588094256088 1 2833
1588094262636 1 2834
1588094269156 1 2835
1588094275820 1 2836
1588094282520 1 2837
1588094289223 1 2838
1588094296108 1 2839
1588094302855 1 2840
1588094309329 1 2841
1588094315821 1 2842
1588094322339 1 2843
1588094328831 1 2844
1588094335372 1 2845
1588094341924 1 2846
1588094348450 1 2847
1588094355006 1 2848
1588094361664 1 2849
1588094368378 1 2850
1588094375025 1 2851
1588094381633 1 2852
1588094388274 1 2853
1588094394825 1 2854
1588094401536 1 2855
1588094408257 1 2856
1588094414886 1 2857
1588094421521 1 2858
1588094428013 1 2859
1588094434591 1 2860
1588094441165 1 2861
1588094447728 1 2862
1588094454251 1 2863
1588094460872 1 2864
1588094467501 1 2865
1588094474188 1 2866
1588094481335 1 2867
1588094487957 1 2868
1588094494525 1 2869
1588094501031 1 2870
1588094507535 1 2871
1588094514020 1 2872
1588094520616 1 2873
1588094527141 1 2874
1588094533688 1 2875
1588094540251 1 2876
1588094546754 1 2877
1588094553256 1 2878
1588094559776 1 2879
1588094566315 1 2880
1588094572818 1 2881
1588094579314 1 2882
1588094585852 1 2883
1588094592338 1 2884
1588094598841 1 2885
1588094605320 1 2886
1588094611826 1 2887
1588094618298 1 2888
1588094624939 1 2889
1588094631565 1 2890
1588094638138 1 2891
1588094644642 1 2892
1588094651130 1 2893
1588094657987 1 2894
1588094664581 1 2895
1588094671258 1 2896
1588094677916 1 2897
1588094684563 1 2898
1588094691070 1 2899
1588094697575 1 2900
1588094704347 1 2901
1588094711033 1 2902
1588094717692 1 2903
1588094724358 1 2904
1588094731025 1 2905
1588094737712 1 2906
1588094744399 1 2907
1588094751108 1 2908
1588094757703 1 2909
1588094764227 1 2910
1588094770728 1 2911
1588094777211 1 2912
1588094783691 1 2913
1588094790155 1 2914
1588094796699 1 2915
1588094803336 1 2916
1588094810021 1 2917
1588094816501 1 2918
1588094823106 1 2919
1588094829870 1 2920
1588094836726 1 2921
1588094843301 1 2922
1588094849786 1 2923
1588094856270 1 2924
1588094862774 1 2925
1588094869256 1 2926
1588094875743 1 2927
1588094882309 1 2928
1588094888916 1 2929
1588094895415 1 2930
1588094901892 1 2931
1588094908394 1 2932
1588094914899 1 2933
1588094921400 1 2934
1588094927903 1 2935
1588094934391 1 2936
1588094940930 1 2937
1588094947622 1 2938
1588094954277 1 2939
1588094960790 1 2940
1588094967286 1 2941
1588094973869 1 2942
1588094980431 1 2943
1588094987065 1 2944
1588094993799 1 2945
1588095000492 1 2946
1588095007069 1 2947
1588095013631 1 2948
1588095020673 1 2949
1588095027294 1 2950
1588095033774 1 2951
1588095040228 1 2952
1588095046819 1 2953
1588095053499 1 2954
1588095060009 1 2955
1588095066641 1 2956
1588095073142 1 2957
1588095079725 1 2958
1588095086287 1 2959
1588095092848 1 2960
1588095099361 1 2961
1588095105960 1 2962
1588095112446 1 2963
1588095118923 1 2964
1588095125455 1 2965
1588095131967 1 2966
1588095138529 1 2967
1588095145214 1 2968
1588095151923 1 2969
1588095158603 1 2970
1588095165116 1 2971
1588095171642 1 2972
1588095178316 1 2973
1588095184991 1 2974
1588095191683 1 2975
1588095198731 1 2976
1588095205407 1 2977
1588095212075 1 2978
1588095218749 1 2979
1588095225313 1 2980
1588095232001 1 2981
1588095238680 1 2982
1588095245446 1 2983
1588095252114 1 2984
1588095258642 1 2985
1588095265177 1 2986
1588095271681 1 2987
1588095278324 1 2988
1588095284886 1 2989
1588095291617 1 2990
1588095298336 1 2991
1588095304884 1 2992
1588095311486 1 2993
1588095318157 1 2994
1588095324868 1 2995
1588095331478 1 2996
1588095338066 1 2997
1588095344741 1 2998
1588095351408 1 2999
1588095358002 1 3000
1588095365012 1 3001
1588095371523 1 3002
1588095378421 1 3003
1588095384885 1 3004
1588095391501 1 3005
1588095398158 1 3006
1588095404706 1 3007
1588095411377 1 3008
1588095418069 1 3009
1588095424689 1 3010
1588095431365 1 3011
1588095438043 1 3012
1588095444655 1 3013
1588095451306 1 3014
1588095457989 1 3015
1588095464659 1 3016
1588095471353 1 3017
1588095478020 1 3018
1588095484539 1 3019
1588095491081 1 3020
1588095497554 1 3021
1588095504033 1 3022
1588095510683 1 3023
1588095517149 1 3024
1588095523685 1 3025
1588095530333 1 3026
1588095536967 1 3027
1588095543477 1 3028
1588095549958 1 3029
1588095557011 1 3030
1588095563805 1 3031
1588095570354 1 3032
1588095576808 1 3033
1588095583469 1 3034
1588095590150 1 3035
1588095596762 1 3036
1588095603503 1 3037
1588095610108 1 3038
1588095616668 1 3039
1588095623163 1 3040
1588095629714 1 3041
1588095636335 1 3042
1588095642811 1 3043
1588095649431 1 3044
1588095656131 1 3045
1588095662674 1 3046
1588095669235 1 3047
1588095675745 1 3048
1588095682345 1 3049
1588095689061 1 3050
1588095695673 1 3051
1588095702324 1 3052
1588095709011 1 3053
1588095715586 1 3054
1588095722192 1 3055
1588095728892 1 3056
1588095735720 1 3057
1588095742610 1 3058
1588095749122 1 3059
1588095755666 1 3060
1588095762269 1 3061
1588095768781 1 3062
1588095775474 1 3063
1588095781965 1 3064
1588095788496 1 3065
1588095794984 1 3066
1588095801447 1 3067
1588095808026 1 3068
1588095814640 1 3069
1588095821146 1 3070
1588095827627 1 3071
1588095834226 1 3072
1588095840901 1 3073
1588095847487 1 3074
1588095854066 1 3075
1588095860692 1 3076
1588095867291 1 3077
1588095873894 1 3078
1588095880380 1 3079
1588095886887 1 3080
1588095893391 1 3081
1588095900031 1 3082
1588095906722 1 3083
1588095913299 1 3084
1588095920360 1 3085
1588095926874 1 3086
1588095933348 1 3087
1588095939839 1 3088
1588095946317 1 3089
1588095952824 1 3090
1588095959319 1 3091
1588095965828 1 3092
1588095972425 1 3093
1588095979098 1 3094
1588095985629 1 3095
1588095992127 1 3096
1588095998716 1 3097
1588096005223 1 3098
1588096011802 1 3099
1588096018508 1 3100
1588096025266 1 3101
1588096031789 1 3102
1588096038452 1 3103
1588096045108 1 3104
1588096051625 1 3105
1588096058121 1 3106
1588096064741 1 3107
1588096071287 1 3108
1588096077836 1 3109
1588096084441 1 3110
1588096090912 1 3111
1588096097849 1 3112
1588096104507 1 3113
1588096111167 1 3114
1588096117767 1 3115
1588096124374 1 3116
1588096130919 1 3117
1588096137572 1 3118
1588096144279 1 3119
1588096150884 1 3120
1588096157601 1 3121
1588096164259 1 3122
1588096170770 1 3123
1588096177267 1 3124
1588096183782 1 3125
1588096190470 1 3126
1588096197089 1 3127
1588096203791 1 3128
1588096210379 1 3129
1588096217103 1 3130
1588096223826 1 3131
1588096230335 1 3132
1588096236834 1 3133
1588096243506 1 3134
1588096250204 1 3135
1588096256755 1 3136
1588096263375 1 3137
1588096269845 1 3138
1588096276671 1 3139
1588096283372 1 3140
1588096289839 1 3141
1588096296359 1 3142
1588096303008 1 3143
1588096309680 1 3144
1588096316217 1 3145
1588096322858 1 3146
1588096329359 1 3147
1588096335831 1 3148
1588096342303 1 3149
1588096348795 1 3150
1588096355282 1 3151
1588096361788 1 3152
1588096368326 1 3153
1588096374927 1 3154
1588096381659 1 3155
1588096388212 1 3156
1588096394855 1 3157
1588096401540 1 3158
1588096408187 1 3159
1588096414765 1 3160
1588096421441 1 3161
1588096428060 1 3162
1588096434529 1 3163
1588096441014 1 3164
1588096447549 1 3165
1588096454035 1 3166
1588096460988 1 3167
1588096467480 1 3168
1588096474061 1 3169
1588096480759 1 3170
1588096487415 1 3171
1588096494073 1 3172
1588096500592 1 3173
1588096507197 1 3174
1588096513896 1 3175
1588096520605 1 3176
1588096527313 1 3177
1588096533875 1 3178
1588096540471 1 3179
1588096547154 1 3180
1588096553819 1 3181
1588096560554 1 3182
1588096567305 1 3183
1588096574053 1 3184
1588096580793 1 3185
1588096587545 1 3186
1588096594272 1 3187
1588096601063 1 3188
1588096607714 1 3189
1588096614430 1 3190
1588096621135 1 3191
1588096627842 1 3192
1588096634487 1 3193
1588096641395 1 3194
1588096647949 1 3195
1588096654537 1 3196
1588096661106 1 3197
1588096667785 1 3198
1588096674480 1 3199
1588096681226 1 3200
1588096687994 1 3201
1588096694698 1 3202
1588096701376 1 3203
1588096708076 1 3204
1588096714838 1 3205
1588096721533 1 3206
1588096728255 1 3207
1588096734810 1 3208
1588096741498 1 3209
1588096748142 1 3210
1588096754834 1 3211
1588096761531 1 3212
1588096768173 1 3213
1588096774787 1 3214
1588096781368 1 3215
1588096788101 1 3216
1588096794859 1 3217
1588096801397 1 3218
1588096808023 1 3219
1588096814732 1 3220
1588096821726 1 3221
1588096828420 1 3222
1588096834954 1 3223
1588096841501 1 3224
1588096848232 1 3225
1588096854832 1 3226
1588096861465 1 3227
1588096868224 1 3228
1588096874940 1 3229
1588096881517 1 3230
1588096888029 1 3231
1588096894563 1 3232
