1588096939206 1 1
1588096943510 1 2
1588096947782 1 3
1588096952090 1 4
1588096956490 1 5
1588096960862 1 6
1588096965194 1 7
1588096969567 1 8
1588096973954 1 9
1588096978394 1 10
1588096982872 1 11
1588096987260 1 12
1588096991749 1 13
1588096996520 1 14
1588097001179 1 15
1588097005671 1 16
1588097010035 1 17
1588097014431 1 18
1588097018771 1 19
1588097023139 1 20
1588097027482 1 21
1588097031816 1 22
1588097036160 1 23
1588097040514 1 24
1588097044938 1 25
1588097049290 1 26
1588097053641 1 27
1588097057998 1 28
1588097062433 1 29
1588097066899 1 30
1588097071474 1 31
1588097075937 1 32
1588097080399 1 33
1588097084810 1 34
1588097089173 1 35
1588097093561 1 36
1588097097913 1 37
1588097102319 1 38
1588097106814 1 39
1588097111265 1 40
1588097115650 1 41
1588097120025 1 42
1588097124426 1 43
1588097128886 1 44
1588097133308 1 45
1588097137712 1 46
1588097142092 1 47
1588097146465 1 48
1588097150839 1 49
1588097155223 1 50
1588097159691 1 51
1588097164179 1 52
1588097168557 1 53
1588097172986 1 54
1588097178013 1 55
1588097182417 1 56
1588097186799 1 57
1588097191278 1 58
1588097195747 1 59
1588097200262 1 60
1588097204738 1 61
1588097209138 1 62
1588097213628 1 63
1588097218153 1 64
1588097222689 1 65
1588097227087 1 66
1588097231633 1 67
1588097236176 1 68
1588097240701 1 69
1588097245117 1 70
1588097249514 1 71
1588097253907 1 72
1588097258300 1 73
1588097262706 1 74
1588097267121 1 75
1588097271527 1 76
1588097276091 1 77
1588097280669 1 78
1588097285266 1 79
1588097289841 1 80
1588097294362 1 81
1588097298890 1 82
1588097303368 1 83
1588097307864 1 84
1588097312382 1 85
1588097316781 1 86
1588097321193 1 87
1588097325590 1 88
1588097329997 1 89
1588097334462 1 90
1588097338999 1 91
1588097343451 1 92
1588097347898 1 93
1588097352283 1 94
1588097357146 1 95
1588097361574 1 96
1588097365991 1 97
1588097370506 1 98
1588097375007 1 99
1588097379537 1 100
1588097384100 1 101
1588097388652 1 102
1588097393180 1 103
1588097397662 1 104
1588097402200 1 105
1588097406749 1 106
1588097411308 1 107
1588097415849 1 108
1588097420416 1 109
1588097424999 1 110
1588097429611 1 111
1588097434175 1 112
1588097438726 1 113
1588097443239 1 114
1588097447778 1 115
1588097452329 1 116
1588097456871 1 117
1588097461452 1 118
1588097465986 1 119
1588097470544 1 120
1588097475154 1 121
1588097479727 1 122
1588097484258 1 123
1588097488675 1 124
1588097493208 1 125
1588097497715 1 126
1588097502240 1 127
1588097506798 1 128
1588097511307 1 129
1588097515839 1 130
1588097520314 1 131
1588097524784 1 132
1588097529215 1 133
1588097533631 1 134
1588097538519 1 135
1588097543068 1 136
1588097547631 1 137
1588097552184 1 138
1588097556711 1 139
1588097561277 1 140
1588097565848 1 141
1588097570373 1 142
1588097574802 1 143
1588097579275 1 144
1588097583861 1 145
1588097588380 1 146
1588097592835 1 147
1588097597328 1 148
1588097601903 1 149
1588097606511 1 150
1588097611064 1 151
1588097615567 1 152
1588097620051 1 153
1588097624509 1 154
1588097628965 1 155
1588097633440 1 156
1588097637946 1 157
1588097642467 1 158
1588097646970 1 159
1588097651566 1 160
1588097656178 1 161
1588097660717 1 162
1588097665244 1 163
1588097669851 1 164
1588097674446 1 165
1588097678985 1 166
1588097683629 1 167
1588097688182 1 168
1588097692744 1 169
1588097697359 1 170
1588097701949 1 171
1588097706455 1 172
1588097710930 1 173
1588097715692 1 174
1588097720465 1 175
1588097724955 1 176
1588097729466 1 177
1588097734007 1 178
1588097738518 1 179
1588097743104 1 180
1588097747682 1 181
1588097752159 1 182
1588097756642 1 183
1588097761139 1 184
1588097765723 1 185
1588097770218 1 186
1588097774710 1 187
1588097779281 1 188
1588097783812 1 189
1588097788415 1 190
1588097792919 1 191
1588097797516 1 192
1588097802142 1 193
1588097806772 1 194
1588097811416 1 195
1588097816107 1 196
1588097820782 1 197
1588097825434 1 198
1588097830187 1 199
1588097834823 1 200
1588097839360 1 201
1588097843868 1 202
1588097848360 1 203
1588097852872 1 204
1588097857391 1 205
1588097861920 1 206
1588097866438 1 207
1588097870970 1 208
1588097875554 1 209
1588097880068 1 210
1588097884618 1 211
1588097889233 1 212
1588097893811 1 213
1588097898938 1 214
1588097903583 1 215
1588097908223 1 216
1588097912735 1 217
1588097917255 1 218
1588097921780 1 219
1588097926311 1 220
1588097930831 1 221
1588097935502 1 222
1588097940102 1 223
1588097944679 1 224
1588097949210 1 225
1588097953750 1 226
1588097958301 1 227
1588097962835 1 228
1588097967379 1 229
1588097971929 1 230
1588097976467 1 231
1588097981086 1 232
1588097985719 1 233
1588097990295 1 234
1588097994848 1 235
1588097999506 1 236
1588098004177 1 237
1588098008835 1 238
1588098013557 1 239
1588098018300 1 240
1588098022930 1 241
1588098027586 1 242
1588098032147 1 243
1588098036705 1 244
1588098041348 1 245
1588098046064 1 246
1588098050767 1 247
1588098055345 1 248
1588098059982 1 249
1588098064596 1 250
1588098069165 1 251
1588098073741 1 252
1588098078837 1 253
1588098083409 1 254
1588098088013 1 255
1588098092581 1 256
1588098097153 1 257
1588098101734 1 258
1588098106323 1 259
1588098110985 1 260
1588098115714 1 261
1588098120325 1 262
1588098124938 1 263
1588098129535 1 264
1588098134153 1 265
1588098138744 1 266
1588098143352 1 267
1588098147956 1 268
1588098152555 1 269
1588098157162 1 270
1588098161760 1 271
1588098166365 1 272
1588098171058 1 273
1588098175801 1 274
1588098180565 1 275
1588098185234 1 276
1588098189849 1 277
1588098194489 1 278
1588098199234 1 279
1588098203858 1 280
1588098208474 1 281
1588098213117 1 282
1588098217733 1 283
1588098222361 1 284
1588098226996 1 285
1588098231674 1 286
1588098236437 1 287
1588098241222 1 288
1588098245966 1 289
1588098250735 1 290
1588098255677 1 291
1588098260588 1 292
1588098265237 1 293
1588098269885 1 294
1588098274587 1 295
1588098279319 1 296
1588098284093 1 297
1588098288916 1 298
1588098293754 1 299
1588098298470 1 300
1588098303202 1 301
1588098307876 1 302
1588098312577 1 303
1588098317270 1 304
1588098321998 1 305
1588098326684 1 306
1588098331358 1 307
1588098336032 1 308
1588098340715 1 309
1588098345408 1 310
1588098350127 1 311
1588098354803 1 312
1588098359567 1 313
1588098364404 1 314
1588098369261 1 315
1588098374069 1 316
1588098378763 1 317
1588098383463 1 318
1588098388184 1 319
1588098393032 1 320
1588098397818 1 321
1588098402529 1 322
1588098407318 1 323
1588098412036 1 324
1588098416760 1 325
1588098421489 1 326
1588098426211 1 327
1588098430961 1 328
1588098436007 1 329
1588098441026 1 330
1588098445861 1 331
1588098450604 1 332
1588098455409 1 333
1588098460177 1 334
1588098464999 1 335
1588098469792 1 336
1588098474699 1 337
1588098479587 1 338
1588098484471 1 339
1588098489361 1 340
1588098494195 1 341
1588098498999 1 342
1588098503920 1 343
1588098508825 1 344
1588098513754 1 345
1588098518675 1 346
1588098523600 1 347
1588098528537 1 348
1588098533452 1 349
1588098538323 1 350
1588098543213 1 351
1588098547987 1 352
1588098552807 1 353
1588098557594 1 354
1588098562519 1 355
1588098567456 1 356
1588098572279 1 357
1588098577049 1 358
1588098581822 1 359
1588098586617 1 360
1588098591410 1 361
1588098596302 1 362
1588098601242 1 363
1588098606149 1 364
1588098611144 1 365
1588098616417 1 366
1588098621563 1 367
1588098626441 1 368
1588098631427 1 369
1588098636358 1 370
1588098641176 1 371
1588098645989 1 372
1588098650922 1 373
1588098655883 1 374
1588098660865 1 375
1588098665784 1 376
1588098670655 1 377
1588098675595 1 378
1588098680592 1 379
1588098685500 1 380
1588098690431 1 381
1588098695387 1 382
1588098700316 1 383
1588098705273 1 384
1588098710250 1 385
1588098715220 1 386
1588098720183 1 387
1588098725203 1 388
1588098730146 1 389
1588098735123 1 390
1588098740034 1 391
1588098744886 1 392
1588098749738 1 393
1588098754583 1 394
1588098759446 1 395
1588098764330 1 396
1588098769356 1 397
1588098774254 1 398
1588098779239 1 399
1588098784298 1 400
1588098789362 1 401
1588098794599 1 402
1588098799951 1 403
1588098805004 1 404
1588098810066 1 405
1588098815027 1 406
1588098820062 1 407
1588098824965 1 408
1588098829871 1 409
1588098834776 1 410
1588098839763 1 411
1588098844731 1 412
1588098849681 1 413
1588098854616 1 414
1588098859588 1 415
1588098864626 1 416
1588098869678 1 417
1588098874587 1 418
1588098879504 1 419
1588098884579 1 420
1588098889667 1 421
1588098894765 1 422
1588098899767 1 423
1588098904813 1 424
1588098909864 1 425
1588098914842 1 426
1588098919905 1 427
1588098924866 1 428
1588098929887 1 429
1588098934886 1 430
1588098939983 1 431
1588098945008 1 432
1588098949964 1 433
1588098954925 1 434
1588098959935 1 435
1588098965045 1 436
1588098970125 1 437
1588098975385 1 438
1588098980730 1 439
1588098985815 1 440
1588098990858 1 441
1588098995954 1 442
1588099001090 1 443
1588099006104 1 444
1588099011157 1 445
1588099016270 1 446
1588099021442 1 447
1588099026596 1 448
1588099031691 1 449
1588099036701 1 450
1588099041689 1 451
1588099046772 1 452
1588099051933 1 453
1588099057110 1 454
1588099062245 1 455
1588099067403 1 456
1588099072548 1 457
1588099077675 1 458
1588099082738 1 459
1588099087778 1 460
1588099092845 1 461
1588099097992 1 462
1588099103137 1 463
1588099108198 1 464
1588099113383 1 465
1588099118586 1 466
1588099123777 1 467
1588099128913 1 468
1588099133958 1 469
1588099139007 1 470
1588099144105 1 471
1588099149188 1 472
1588099154359 1 473
1588099159909 1 474
1588099165137 1 475
1588099170189 1 476
1588099175253 1 477
1588099180330 1 478
1588099185387 1 479
1588099190461 1 480
1588099195543 1 481
1588099200615 1 482
1588099205708 1 483
1588099210790 1 484
1588099215885 1 485
1588099220977 1 486
1588099226079 1 487
1588099231181 1 488
1588099236279 1 489
1588099241391 1 490
1588099246484 1 491
1588099251564 1 492
1588099256661 1 493
1588099261795 1 494
1588099266925 1 495
1588099272017 1 496
1588099277119 1 497
1588099282234 1 498
1588099287415 1 499
1588099292580 1 500
1588099297800 1 501
1588099303089 1 502
1588099308301 1 503
1588099313528 1 504
1588099318788 1 505
1588099324012 1 506
1588099329289 1 507
1588099334654 1 508
1588099340340 1 509
1588099345613 1 510
1588099350893 1 511
1588099356175 1 512
1588099361325 1 513
1588099366503 1 514
1588099371684 1 515
1588099376827 1 516
1588099382054 1 517
1588099387335 1 518
1588099392493 1 519
1588099397668 1 520
1588099402842 1 521
1588099408020 1 522
1588099413203 1 523
1588099418502 1 524
1588099423829 1 525
1588099429021 1 526
1588099434200 1 527
1588099439382 1 528
1588099444582 1 529
1588099449789 1 530
1588099455091 1 531
1588099460274 1 532
1588099465467 1 533
1588099470739 1 534
1588099476077 1 535
1588099481327 1 536
1588099486526 1 537
1588099491875 1 538
1588099497176 1 539
1588099502577 1 540
1588099507867 1 541
1588099513203 1 542
1588099519012 1 543
1588099524246 1 544
1588099529478 1 545
1588099534781 1 546
1588099540205 1 547
1588099545489 1 548
1588099550712 1 549
1588099556048 1 550
1588099561465 1 551
1588099566909 1 552
1588099572214 1 553
1588099577479 1 554
1588099582739 1 555
1588099588041 1 556
1588099593454 1 557
1588099598796 1 558
1588099604126 1 559
1588099609528 1 560
1588099614886 1 561
1588099620296 1 562
1588099625685 1 563
1588099630958 1 564
1588099636388 1 565
1588099641755 1 566
1588099647186 1 567
1588099652634 1 568
1588099658077 1 569
1588099663467 1 570
1588099668833 1 571
1588099674278 1 572
1588099679607 1 573
1588099685021 1 574
1588099690429 1 575
1588099696180 1 576
1588099701868 1 577
1588099707283 1 578
1588099712607 1 579
1588099718100 1 580
1588099723644 1 581
1588099729201 1 582
1588099734719 1 583
1588099740222 1 584
1588099745770 1 585
1588099751271 1 586
1588099756929 1 587
1588099762437 1 588
1588099767899 1 589
1588099773399 1 590
1588099778954 1 591
1588099784550 1 592
1588099790086 1 593
1588099795658 1 594
1588099801161 1 595
1588099806649 1 596
1588099812177 1 597
1588099817738 1 598
1588099823269 1 599
1588099828856 1 600
1588099834474 1 601
1588099840006 1 602
1588099845481 1 603
1588099850961 1 604
1588099856456 1 605
1588099862052 1 606
1588099867682 1 607
1588099873291 1 608
1588099879223 1 609
1588099884754 1 610
1588099890316 1 611
1588099895937 1 612
1588099901525 1 613
1588099907187 1 614
1588099912791 1 615
1588099918393 1 616
1588099923943 1 617
1588099929575 1 618
1588099935219 1 619
1588099940772 1 620
1588099946420 1 621
1588099952042 1 622
1588099957642 1 623
1588099963320 1 624
1588099969015 1 625
1588099974656 1 626
1588099980360 1 627
1588099986066 1 628
1588099991734 1 629
1588099997417 1 630
1588100003097 1 631
1588100008770 1 632
1588100014442 1 633
1588100020083 1 634
1588100025691 1 635
1588100031264 1 636
1588100036843 1 637
1588100042445 1 638
1588100048023 1 639
1588100053622 1 640
1588100059699 1 641
1588100065414 1 642
1588100071102 1 643
1588100076774 1 644
1588100082478 1 645
1588100088073 1 646
1588100093683 1 647
1588100099297 1 648
1588100105002 1 649
1588100110658 1 650
1588100116262 1 651
1588100121901 1 652
1588100127641 1 653
1588100133396 1 654
1588100139161 1 655
1588100144833 1 656
1588100150465 1 657
1588100156121 1 658
1588100161783 1 659
1588100167431 1 660
1588100173068 1 661
1588100178704 1 662
1588100184359 1 663
1588100190087 1 664
1588100195813 1 665
1588100201543 1 666
1588100207204 1 667
1588100212942 1 668
1588100218641 1 669
1588100224341 1 670
1588100230106 1 671
1588100236094 1 672
1588100241952 1 673
1588100247641 1 674
1588100253343 1 675
1588100259024 1 676
1588100264738 1 677
1588100270420 1 678
1588100276130 1 679
1588100281866 1 680
1588100287639 1 681
1588100293374 1 682
1588100299051 1 683
1588100304732 1 684
1588100310445 1 685
1588100316144 1 686
1588100321853 1 687
1588100327545 1 688
1588100333237 1 689
1588100338972 1 690
1588100344830 1 691
1588100350548 1 692
1588100356259 1 693
1588100362027 1 694
1588100367808 1 695
1588100373620 1 696
1588100379405 1 697
1588100385233 1 698
1588100391024 1 699
1588100396869 1 700
1588100402769 1 701
1588100408576 1 702
1588100414337 1 703
1588100420559 1 704
1588100426404 1 705
1588100432267 1 706
1588100438063 1 707
1588100443854 1 708
1588100449680 1 709
1588100455738 1 710
1588100461586 1 711
1588100467359 1 712
1588100473135 1 713
1588100478993 1 714
1588100484810 1 715
1588100490569 1 716
1588100496345 1 717
1588100502118 1 718
1588100507912 1 719
1588100513781 1 720
1588100519605 1 721
1588100525442 1 722
1588100531241 1 723
1588100537024 1 724
1588100542849 1 725
1588100548664 1 726
1588100554598 1 727
1588100560526 1 728
1588100566406 1 729
1588100572322 1 730
1588100578161 1 731
1588100584043 1 732
1588100589890 1 733
1588100595989 1 734
1588100602191 1 735
1588100608140 1 736
1588100613996 1 737
1588100619892 1 738
1588100625850 1 739
1588100631743 1 740
1588100637699 1 741
1588100643679 1 742
1588100649486 1 743
1588100655308 1 744
1588100661198 1 745
1588100667050 1 746
1588100672925 1 747
1588100678789 1 748
1588100684662 1 749
1588100690537 1 750
1588100696503 1 751
1588100702470 1 752
1588100708479 1 753
1588100714417 1 754
1588100720409 1 755
1588100726280 1 756
1588100732160 1 757
1588100738111 1 758
1588100743999 1 759
1588100749912 1 760
1588100755809 1 761
1588100761695 1 762
1588100767648 1 763
1588100773545 1 764
1588100779928 1 765
1588100785920 1 766
1588100791866 1 767
1588100797920 1 768
1588100803936 1 769
1588100809907 1 770
1588100815886 1 771
1588100821863 1 772
1588100827903 1 773
1588100833811 1 774
1588100839758 1 775
1588100845734 1 776
1588100851781 1 777
1588100857730 1 778
1588100863659 1 779
1588100869662 1 780
1588100875628 1 781
1588100881633 1 782
1588100887709 1 783
1588100893696 1 784
1588100899685 1 785
1588100905702 1 786
1588100911647 1 787
1588100917678 1 788
1588100923722 1 789
1588100929758 1 790
1588100935734 1 791
1588100941750 1 792
1588100947769 1 793
1588100953816 1 794
1588100960347 1 795
1588100966455 1 796
1588100972475 1 797
1588100978460 1 798
1588100984534 1 799
1588100990678 1 800
1588100996793 1 801
1588101002858 1 802
1588101008987 1 803
1588101015130 1 804
1588101021229 1 805
1588101027254 1 806
1588101033356 1 807
1588101039457 1 808
1588101045573 1 809
1588101051700 1 810
1588101057713 1 811
1588101063759 1 812
1588101069773 1 813
1588101075807 1 814
1588101081853 1 815
1588101087871 1 816
1588101093915 1 817
1588101099978 1 818
1588101106130 1 819
1588101112327 1 820
1588101118444 1 821
1588101124640 1 822
1588101130740 1 823
1588101137321 1 824
1588101143403 1 825
1588101149449 1 826
1588101155572 1 827
1588101161679 1 828
1588101167871 1 829
1588101174041 1 830
1588101180115 1 831
1588101186308 1 832
1588101192425 1 833
1588101198575 1 834
1588101204786 1 835
1588101210973 1 836
1588101217098 1 837
1588101223296 1 838
1588101229471 1 839
1588101235625 1 840
1588101241834 1 841
1588101247935 1 842
1588101254041 1 843
1588101260152 1 844
1588101266283 1 845
1588101272521 1 846
1588101278678 1 847
1588101284795 1 848
1588101290912 1 849
1588101297056 1 850
1588101303283 1 851
1588101309453 1 852
1588101315763 1 853
1588101322133 1 854
1588101328274 1 855
1588101334441 1 856
1588101340654 1 857
1588101346792 1 858
1588101352938 1 859
1588101359103 1 860
1588101365261 1 861
1588101371433 1 862
1588101377656 1 863
1588101383884 1 864
1588101390044 1 865
1588101396283 1 866
1588101402554 1 867
1588101408778 1 868
1588101415076 1 869
1588101421298 1 870
1588101427548 1 871
1588101433818 1 872
1588101440021 1 873
1588101446206 1 874
1588101452410 1 875
1588101458607 1 876
1588101464948 1 877
1588101471198 1 878
1588101477394 1 879
1588101483633 1 880
1588101489926 1 881
1588101496478 1 882
1588101502925 1 883
1588101509231 1 884
1588101515569 1 885
1588101521815 1 886
1588101528020 1 887
1588101534222 1 888
1588101540446 1 889
1588101546704 1 890
1588101552922 1 891
1588101559259 1 892
1588101565622 1 893
1588101571927 1 894
1588101578237 1 895
1588101584587 1 896
1588101590959 1 897
1588101597230 1 898
1588101603580 1 899
1588101609939 1 900
1588101616235 1 901
1588101622603 1 902
1588101628993 1 903
1588101635384 1 904
1588101641764 1 905
1588101648145 1 906
1588101654496 1 907
1588101660763 1 908
1588101667055 1 909
1588101673436 1 910
1588101680190 1 911
1588101686587 1 912
1588101692985 1 913
1588101699274 1 914
1588101705554 1 915
1588101711833 1 916
1588101718144 1 917
1588101724457 1 918
1588101730761 1 919
1588101737072 1 920
1588101743412 1 921
1588101749830 1 922
1588101756518 1 923
1588101762874 1 924
1588101769212 1 925
1588101775525 1 926
1588101781928 1 927
1588101788365 1 928
1588101794679 1 929
1588101801009 1 930
1588101807359 1 931
1588101813756 1 932
1588101820123 1 933
1588101826478 1 934
1588101832917 1 935
1588101839371 1 936
1588101845830 1 937
1588101852269 1 938
1588101859188 1 939
1588101865639 1 940
1588101872076 1 941
1588101878530 1 942
1588101884903 1 943
1588101891282 1 944
1588101897738 1 945
1588101904129 1 946
1588101910560 1 947
1588101917041 1 948
1588101923465 1 949
1588101929876 1 950
1588101936255 1 951
1588101942652 1 952
1588101949119 1 953
1588101955566 1 954
1588101962044 1 955
1588101968483 1 956
1588101974897 1 957
1588101981304 1 958
1588101987711 1 959
1588101994183 1 960
1588102000681 1 961
1588102007105 1 962
1588102013527 1 963
1588102019963 1 964
1588102026448 1 965
1588102032912 1 966
1588102039767 1 967
1588102046248 1 968
1588102052672 1 969
1588102059139 1 970
1588102065580 1 971
1588102072115 1 972
1588102078646 1 973
1588102085205 1 974
1588102091771 1 975
1588102098339 1 976
1588102104878 1 977
1588102111411 1 978
1588102117964 1 979
1588102124535 1 980
1588102131013 1 981
1588102137610 1 982
1588102144214 1 983
1588102150744 1 984
1588102157350 1 985
1588102163929 1 986
1588102170435 1 987
1588102176935 1 988
1588102183506 1 989
1588102190088 1 990
1588102196694 1 991
1588102203300 1 992
1588102209870 1 993
1588102216722 1 994
1588102223432 1 995
1588102230047 1 996
1588102236663 1 997
1588102243250 1 998
1588102249788 1 999
1588102256381 1 1000
1588102263006 1 1001
1588102269598 1 1002
1588102276209 1 1003
1588102282747 1 1004
1588102289370 1 1005
1588102296013 1 1006
1588102302642 1 1007
1588102309302 1 1008
1588102315931 1 1009
1588102322496 1 1010
1588102329078 1 1011
1588102335626 1 1012
1588102342272 1 1013
1588102348888 1 1014
1588102355458 1 1015
1588102361998 1 1016
1588102368549 1 1017
1588102375152 1 1018
1588102381826 1 1019
1588102388530 1 1020
1588102395254 1 1021
1588102402171 1 1022
1588102408765 1 1023
1588102415335 1 1024
1588102421937 1 1025
1588102428519 1 1026
1588102435174 1 1027
1588102441859 1 1028
1588102448513 1 1029
1588102455180 1 1030
1588102461760 1 1031
1588102468361 1 1032
1588102474938 1 1033
1588102481481 1 1034
1588102488161 1 1035
1588102494825 1 1036
1588102501414 1 1037
1588102508014 1 1038
1588102514556 1 1039
1588102521118 1 1040
1588102527725 1 1041
1588102534367 1 1042
1588102541028 1 1043
1588102547671 1 1044
1588102554338 1 1045
1588102560973 1 1046
1588102567576 1 1047
1588102574118 1 1048
1588102581113 1 1049
1588102587777 1 1050
1588102594440 1 1051
1588102601053 1 1052
1588102607632 1 1053
1588102614251 1 1054
1588102620918 1 1055
1588102627560 1 1056
1588102634130 1 1057
1588102640706 1 1058
1588102647296 1 1059
1588102653944 1 1060
1588102660503 1 1061
1588102667089 1 1062
1588102673763 1 1063
1588102680439 1 1064
1588102687176 1 1065
1588102693776 1 1066
1588102700415 1 1067
1588102707024 1 1068
1588102713653 1 1069
1588102720315 1 1070
1588102726991 1 1071
1588102733564 1 1072
1588102740086 1 1073
1588102746659 1 1074
1588102753212 1 1075
1588102760119 1 1076
1588102766678 1 1077
1588102773318 1 1078
1588102779909 1 1079
1588102786535 1 1080
1588102793094 1 1081
1588102799650 1 1082
1588102806261 1 1083
1588102812891 1 1084
1588102819527 1 1085
1588102826191 1 1086
1588102832753 1 1087
1588102839285 1 1088
1588102845807 1 1089
1588102852348 1 1090
1588102858886 1 1091
1588102865473 1 1092
1588102872018 1 1093
1588102878544 1 1094
1588102885175 1 1095
1588102891756 1 1096
1588102898325 1 1097
1588102904926 1 1098
1588102911450 1 1099
1588102918006 1 1100
1588102924624 1 1101
1588102931147 1 1102
1588102938088 1 1103
1588102944641 1 1104
1588102951288 1 1105
1588102957779 1 1106
1588102964396 1 1107
1588102971013 1 1108
1588102977618 1 1109
1588102984146 1 1110
1588102990753 1 1111
1588102997278 1 1112
1588103003859 1 1113
1588103010383 1 1114
1588103016842 1 1115
1588103023275 1 1116
1588103029702 1 1117
1588103036121 1 1118
1588103042562 1 1119
1588103048997 1 1120
1588103055524 1 1121
1588103062083 1 1122
1588103068493 1 1123
1588103074911 1 1124
1588103081368 1 1125
1588103087921 1 1126
1588103094442 1 1127
1588103100960 1 1128
1588103107569 1 1129
1588103114147 1 1130
1588103121043 1 1131
1588103127628 1 1132
1588103134253 1 1133
1588103140874 1 1134
1588103147487 1 1135
1588103154074 1 1136
1588103160646 1 1137
1588103167254 1 1138
1588103173831 1 1139
1588103180401 1 1140
1588103186982 1 1141
1588103193381 1 1142
1588103199798 1 1143
1588103206361 1 1144
1588103212946 1 1145
1588103219364 1 1146
1588103225821 1 1147
1588103232252 1 1148
1588103238858 1 1149
1588103245504 1 1150
1588103251983 1 1151
1588103258549 1 1152
1588103265119 1 1153
1588103271719 1 1154
1588103278258 1 1155
1588103284867 1 1156
1588103291463 1 1157
1588103298384 1 1158
1588103304946 1 1159
1588103311362 1 1160
1588103317891 1 1161
1588103324521 1 1162
1588103331040 1 1163
1588103337599 1 1164
1588103344096 1 1165
1588103350515 1 1166
1588103356933 1 1167
1588103363361 1 1168
1588103369784 1 1169
1588103376282 1 1170
1588103382707 1 1171
1588103389153 1 1172
1588103395566 1 1173
1588103402012 1 1174
1588103408597 1 1175
1588103415181 1 1176
1588103421734 1 1177
1588103428243 1 1178
1588103434665 1 1179
1588103441111 1 1180
1588103447695 1 1181
1588103454298 1 1182
1588103460872 1 1183
1588103467412 1 1184
1588103473873 1 1185
1588103480899 1 1186
1588103487343 1 1187
1588103493799 1 1188
1588103500281 1 1189
1588103506744 1 1190
1588103513179 1 1191
1588103519662 1 1192
1588103526224 1 1193
1588103532863 1 1194
1588103539292 1 1195
1588103545747 1 1196
1588103552170 1 1197
1588103558575 1 1198
1588103565136 1 1199
1588103571770 1 1200
1588103578484 1 1201
1588103584934 1 1202
1588103591321 1 1203
1588103597835 1 1204
1588103604392 1 1205
1588103610931 1 1206
1588103617411 1 1207
1588103623832 1 1208
1588103630341 1 1209
1588103636872 1 1210
1588103643407 1 1211
1588103649949 1 1212
1588103656733 1 1213
1588103663292 1 1214
1588103669723 1 1215
1588103676325 1 1216
1588103682778 1 1217
1588103689211 1 1218
1588103695718 1 1219
1588103702359 1 1220
1588103708928 1 1221
