1586771473474 1 1
1586771478414 1 2
1586771483753 1 3
1586771488569 1 4
1586771493138 1 5
1586771497459 1 6
1586771501747 1 7
1586771509056 1 8
1586771514487 1 9
1586771522286 1 10
1586771530658 1 11
1586771535349 1 12
1586771541847 1 13
1586771546879 1 14
1586771553529 1 15
1586771560091 1 16
1586771564327 1 17
1586771569050 1 18
1586771576099 1 19
1586771582102 1 20
1586771588315 1 21
1586771595385 1 22
1586771600650 1 23
1586771605834 1 24
1586771610438 1 25
1586771615264 1 26
1586771619642 1 27
1586771625444 1 28
1586771631480 1 29
1586771635787 1 30
1586771640458 1 31
1586771647387 1 32
1586771653040 1 33
1586771657495 1 34
1586771661916 1 35
1586771668960 1 36
1586771675308 1 37
1586771680435 1 38
1586771685882 1 39
1586771691223 1 40
1586771696357 1 41
1586771703095 1 42
1586771708551 1 43
1586771712449 1 44
1586771716626 1 45
1586771721277 1 46
1586771728002 1 47
1586771732800 1 48
1586771737785 1 49
1586771742150 1 50
