1586771473474 1 1
1586771478414 0.995 2
1586771483753 0.990025 3
1586771488569 0.985074875 4
1586771493138 0.9801495006250001 5
1586771497459 0.9752487531218751 6
1586771501747 0.9703725093562657 7
1586771509056 0.9655206468094844 8
1586771514487 0.960693043575437 9
1586771522286 0.9558895783575597 10
1586771530658 0.9511101304657719 11
1586771535349 0.946354579813443 12
1586771541847 0.9416228069143757 13
1586771546879 0.9369146928798039 14
1586771553529 0.9322301194154049 15
1586771560091 0.9275689688183278 16
1586771564327 0.9229311239742362 17
1586771569050 0.918316468354365 18
1586771576099 0.9137248860125932 19
1586771582102 0.9091562615825302 20
1586771588315 0.9046104802746175 21
1586771595385 0.9000874278732445 22
1586771600650 0.8955869907338783 23
1586771605834 0.8911090557802088 24
1586771610438 0.8866535105013078 25
1586771615264 0.8822202429488013 26
1586771619642 0.8778091417340573 27
1586771625444 0.8734200960253871 28
1586771631480 0.8690529955452602 29
1586771635787 0.8647077305675338 30
1586771640458 0.8603841919146962 31
1586771647387 0.8560822709551227 32
1586771653040 0.851801859600347 33
1586771657495 0.8475428503023453 34
1586771661916 0.8433051360508336 35
1586771668960 0.8390886103705794 36
1586771675308 0.8348931673187264 37
1586771680435 0.8307187014821328 38
1586771685882 0.8265651079747222 39
1586771691223 0.8224322824348486 40
1586771696357 0.8183201210226743 41
1586771703095 0.8142285204175609 42
1586771708551 0.810157377815473 43
1586771712449 0.8061065909263957 44
1586771716626 0.8020760579717637 45
1586771721277 0.798065677681905 46
1586771728002 0.7940753492934954 47
1586771732800 0.7901049725470279 48
1586771737785 0.7861544476842928 49
1586771742150 0.7822236754458713 50
