1586771473474 1001 1
1586771478414 1001 2
1586771483753 1001 3
1586771488569 1001 4
1586771493138 1001 5
1586771497459 1001 6
1586771501747 1001 7
1586771509056 1001 8
1586771514487 1001 9
1586771522286 1001 10
1586771530658 1001 11
1586771535349 1001 12
1586771541847 1001 13
1586771546879 1001 14
1586771553529 1001 15
1586771560091 1001 16
1586771564327 1001 17
1586771569050 1001 18
1586771576099 1001 19
1586771582102 1001 20
1586771588315 1001 21
1586771595385 1001 22
1586771600650 1001 23
1586771605834 1001 24
1586771610438 1001 25
1586771615264 1001 26
1586771619642 1001 27
1586771625444 1001 28
1586771631480 1001 29
1586771635787 1001 30
1586771640458 1001 31
1586771647387 1001 32
1586771653040 1001 33
1586771657495 1001 34
1586771661916 1001 35
1586771668960 1001 36
1586771675308 1001 37
1586771680435 1001 38
1586771685882 1001 39
1586771691223 1001 40
1586771696357 1001 41
1586771703095 1001 42
1586771708551 1001 43
1586771712449 1001 44
1586771716626 1001 45
1586771721277 1001 46
1586771728002 1001 47
1586771732800 1001 48
1586771737785 1001 49
1586771742150 1001 50
