1586771473474 0.0 1
1586771478414 0.0 2
1586771483753 0.0 3
1586771488569 0.0 4
1586771493138 0.0 5
1586771497459 0.0 6
1586771501747 0.0 7
1586771509056 0.0 8
1586771514487 0.1099999975413084 9
1586771522286 0.0 10
1586771530658 0.0 11
1586771535349 0.0 12
1586771541847 0.12999999709427357 13
1586771546879 0.0 14
1586771553529 0.0 15
1586771560091 0.0 16
1586771564327 0.0 17
1586771569050 0.0 18
1586771576099 0.0 19
1586771582102 0.1699999962002039 20
1586771588315 0.08999999798834324 21
1586771595385 0.0 22
1586771600650 0.0 23
1586771605834 0.0 24
1586771610438 0.1699999962002039 25
1586771615264 0.0 26
1586771619642 0.0 27
1586771625444 0.0 28
1586771631480 0.0 29
1586771635787 0.0 30
1586771640458 0.0 31
1586771647387 0.0 32
1586771653040 0.0 33
1586771657495 0.0 34
1586771661916 0.0 35
1586771668960 0.0 36
1586771675308 0.0 37
1586771680435 0.0 38
1586771685882 0.14999999664723873 39
1586771691223 0.0 40
1586771696357 0.0 41
1586771703095 0.0 42
1586771708551 0.0 43
1586771712449 0.0 44
1586771716626 0.12999999709427357 45
1586771721277 0.06999999843537807 46
1586771728002 0.0 47
1586771732800 0.0 48
1586771737785 0.0 49
1586771742150 0.0 50
