1589628004960 1 1
1589628010124 1 2
1589628015364 1 3
1589628020578 1 4
1589628025839 1 5
1589628031529 1 6
1589628036730 1 7
1589628041974 1 8
1589628047193 1 9
1589628052486 1 10
1589628057709 1 11
1589628063010 1 12
1589628068224 1 13
1589628073480 1 14
1589628078710 1 15
1589628083947 1 16
1589628089246 1 17
1589628094485 1 18
1589628099716 1 19
1589628104954 1 20
1589628110177 1 21
1589628115380 1 22
1589628120598 1 23
1589628125912 1 24
1589628131168 1 25
1589628136470 1 26
1589628141674 1 27
1589628146881 1 28
1589628152092 1 29
1589628157337 1 30
1589628162604 1 31
1589628167855 1 32
1589628173142 1 33
1589628178409 1 34
1589628183724 1 35
1589628188975 1 36
1589628194237 1 37
1589628199542 1 38
1589628204840 1 39
1589628210678 1 40
