1587226486443 1 1
1587226506704 1 2
1587226527062 1 3
1587226547515 1 4
1587226568011 1 5
1587226588990 1 6
1587226609398 1 7
1587226629758 1 8
1587226650147 1 9
1587226670716 1 10
1587226691149 1 11
1587226711637 1 12
1587226732284 1 13
1587226752888 1 14
1587226774043 1 15
1587226794585 1 16
1587226815279 1 17
1587226835924 1 18
1587226856545 1 19
1587226877390 1 20
1587226898109 1 21
1587226918815 1 22
1587226939954 1 23
1587226960762 1 24
1587226981449 1 25
1587227002151 1 26
1587227022849 1 27
1587227043526 1 28
1587227064191 1 29
1587227085071 1 30
1587227105824 1 31
1587227127204 1 32
1587227147880 1 33
1587227168629 1 34
1587227189374 1 35
1587227210104 1 36
1587227230959 1 37
1587227251727 1 38
1587227272572 1 39
1587227293593 1 40
1587227315023 1 41
1587227335857 1 42
1587227356757 1 43
1587227377624 1 44
1587227398563 1 45
1587227419480 1 46
1587227440352 1 47
1587227461246 1 48
1587227482797 1 49
1587227503806 1 50
1587227524714 1 51
1587227545600 1 52
1587227566432 1 53
1587227587323 1 54
1587227608229 1 55
1587227629140 1 56
1587227650136 1 57
1587227671783 1 58
1587227692768 1 59
1587227713845 1 60
1587227734818 1 61
1587227755804 1 62
1587227776779 1 63
1587227797749 1 64
1587227818765 1 65
1587227840361 1 66
1587227861512 1 67
1587227882603 1 68
1587227903673 1 69
1587227924872 1 70
1587227945966 1 71
1587227967056 1 72
1587227988179 1 73
1587228009295 1 74
1587228030967 1 75
1587228052111 1 76
1587228073328 1 77
1587228094539 1 78
1587228115685 1 79
1587228137009 1 80
1587228158159 1 81
1587228179320 1 82
1587228201184 1 83
1587228222338 1 84
1587228243565 1 85
1587228264743 1 86
1587228285884 1 87
1587228307141 1 88
1587228328327 1 89
1587228349736 1 90
1587228371015 1 91
1587228392795 1 92
1587228414060 1 93
1587228435447 1 94
1587228456706 1 95
1587228478034 1 96
1587228499342 1 97
1587228520693 1 98
1587228542006 1 99
1587228564008 1 100
1587228585308 1 101
1587228606632 1 102
1587228628056 1 103
1587228649368 1 104
1587228670682 1 105
1587228692042 1 106
1587228713375 1 107
1587228734933 1 108
1587228756990 1 109
1587228778567 1 110
1587228800111 1 111
1587228821474 1 112
1587228842871 1 113
1587228864283 1 114
1587228885666 1 115
1587228907101 1 116
1587228928878 1 117
1587228950263 1 118
1587228971739 1 119
1587228993382 1 120
1587229014748 1 121
1587229036133 1 122
1587229057395 1 123
1587229078703 1 124
1587229100429 1 125
1587229121748 1 126
1587229143107 1 127
