1587855219520 1001 1
1587855228821 1001 2
1587855238311 1001 3
1587855247833 1001 4
1587855257267 1001 5
1587855266746 1001 6
1587855276239 1001 7
1587855286359 1001 8
1587855295886 1001 9
1587855305535 1001 10
1587855315060 1001 11
1587855324653 1001 12
1587855334189 1001 13
1587855343746 1001 14
1587855353297 1001 15
1587855362877 1001 16
1587855372610 1001 17
1587855382242 1001 18
1587855391800 1001 19
1587855401431 1001 20
1587855411091 1001 21
1587855420690 1001 22
1587855430367 1001 23
1587855440095 1001 24
1587855449664 1001 25
1587855459180 1001 26
1587855469289 1001 27
1587855478820 1001 28
1587855488389 1001 29
1587855498015 1001 30
1587855507605 1001 31
1587855517125 1001 32
1587855526662 1001 33
1587855536241 1001 34
1587855545835 1001 35
1587855555409 1001 36
1587855564998 1001 37
1587855574571 1001 38
1587855584152 1001 39
1587855593819 1001 40
1587855603495 1001 41
1587855613100 1001 42
1587855622701 1001 43
1587855632286 1001 44
1587855642427 1001 45
1587855652163 1001 46
1587855661805 1001 47
1587855671435 1001 48
1587855681068 1001 49
1587855690757 1001 50
1587855700377 1001 51
1587855710068 1001 52
1587855719771 1001 53
1587855729441 1001 54
1587855739127 1001 55
1587855748795 1001 56
1587855758435 1001 57
1587855768084 1001 58
1587855777751 1001 59
1587855787585 1001 60
1587855797268 1001 61
1587855807041 1001 62
1587855816722 1001 63
1587855826981 1001 64
1587855836780 1001 65
1587855846525 1001 66
1587855856278 1001 67
1587855865975 1001 68
1587855875710 1001 69
1587855885552 1001 70
1587855895294 1001 71
1587855905031 1001 72
1587855914755 1001 73
1587855924459 1001 74
1587855934145 1001 75
1587855943863 1001 76
1587855953582 1001 77
1587855963307 1001 78
1587855973074 1001 79
1587855983015 1001 80
1587855992780 1001 81
1587856002979 1001 82
1587856012693 1001 83
1587856022429 1001 84
1587856032162 1001 85
1587856041873 1001 86
1587856051601 1001 87
1587856061332 1001 88
1587856071044 1001 89
1587856080853 1001 90
1587856090648 1001 91
1587856100396 1001 92
1587856110155 1001 93
1587856119919 1001 94
1587856129722 1001 95
1587856139549 1001 96
1587856149384 1001 97
1587856159168 1001 98
1587856168938 1001 99
1587856178802 1001 100
1587856188937 1001 101
1587856198705 1001 102
1587856208518 1001 103
1587856218309 1001 104
1587856228104 1001 105
1587856237933 1001 106
1587856247728 1001 107
1587856257517 1001 108
1587856267433 1001 109
1587856277314 1001 110
1587856287094 1001 111
1587856296884 1001 112
1587856306714 1001 113
1587856316549 1001 114
1587856326529 1001 115
1587856336411 1001 116
1587856346367 1001 117
1587856356254 1001 118
1587856366582 1001 119
1587856376485 1001 120
1587856386368 1001 121
1587856396247 1001 122
1587856406211 1001 123
1587856416102 1001 124
1587856425954 1001 125
1587856435810 1001 126
1587856445699 1001 127
1587856455577 1001 128
1587856465422 1001 129
1587856475367 1001 130
1587856485235 1001 131
1587856495101 1001 132
1587856505039 1001 133
1587856514954 1001 134
1587856524843 1001 135
1587856534740 1001 136
1587856545233 1001 137
1587856555132 1001 138
1587856565093 1001 139
1587856575106 1001 140
1587856585026 1001 141
1587856594925 1001 142
1587856604847 1001 143
1587856614763 1001 144
1587856624724 1001 145
1587856634649 1001 146
1587856644602 1001 147
1587856654518 1001 148
1587856664451 1001 149
1587856674544 1001 150
1587856684631 1001 151
1587856694630 1001 152
1587856704593 1001 153
1587856714591 1001 154
1587856725103 1001 155
1587856735089 1001 156
1587856745207 1001 157
1587856755269 1001 158
1587856765338 1001 159
1587856775485 1001 160
1587856785479 1001 161
1587856795459 1001 162
1587856805654 1001 163
1587856815683 1001 164
1587856825688 1001 165
1587856835735 1001 166
1587856845751 1001 167
1587856855829 1001 168
1587856865918 1001 169
1587856876036 1001 170
1587856886050 1001 171
1587856896062 1001 172
1587856906636 1001 173
1587856916678 1001 174
1587856926763 1001 175
1587856936803 1001 176
1587856946858 1001 177
1587856956905 1001 178
1587856967096 1001 179
1587856977306 1001 180
1587856987357 1001 181
1587856997391 1001 182
1587857007403 1001 183
1587857017441 1001 184
1587857027466 1001 185
1587857037519 1001 186
1587857047595 1001 187
1587857057644 1001 188
1587857067684 1001 189
1587857077818 1001 190
1587857088526 1001 191
1587857098593 1001 192
1587857108746 1001 193
1587857118820 1001 194
1587857128919 1001 195
1587857138999 1001 196
1587857149074 1001 197
1587857159149 1001 198
1587857169495 1001 199
1587857179651 1001 200
1587857189755 1001 201
1587857199867 1001 202
1587857209976 1001 203
1587857220108 1001 204
1587857230321 1001 205
1587857240496 1001 206
1587857250761 1001 207
1587857261181 1001 208
1587857271811 1001 209
1587857282178 1001 210
1587857292480 1001 211
1587857302759 1001 212
1587857313103 1001 213
1587857323470 1001 214
1587857333901 1001 215
1587857344336 1001 216
1587857354754 1001 217
1587857365106 1001 218
1587857375390 1001 219
1587857385779 1001 220
1587857396028 1001 221
1587857406345 1001 222
1587857416617 1001 223
1587857426906 1001 224
1587857437379 1001 225
1587857448323 1001 226
1587857458729 1001 227
1587857469135 1001 228
1587857479462 1001 229
1587857489874 1001 230
1587857500201 1001 231
1587857510550 1001 232
1587857520943 1001 233
1587857531426 1001 234
1587857541902 1001 235
1587857552452 1001 236
1587857563026 1001 237
1587857573728 1001 238
1587857584315 1001 239
1587857594884 1001 240
1587857605374 1001 241
1587857615856 1001 242
1587857626835 1001 243
1587857637148 1001 244
1587857647576 1001 245
1587857657980 1001 246
1587857668336 1001 247
1587857678661 1001 248
1587857688995 1001 249
1587857699410 1001 250
1587857709826 1001 251
1587857720192 1001 252
1587857730560 1001 253
1587857740925 1001 254
1587857751276 1001 255
1587857761672 1001 256
1587857772071 1001 257
1587857782490 1001 258
1587857792873 1001 259
1587857803836 1001 260
1587857814236 1001 261
1587857824689 1001 262
1587857835084 1001 263
1587857845524 1001 264
1587857855956 1001 265
1587857866381 1001 266
1587857876825 1001 267
1587857887294 1001 268
1587857897737 1001 269
1587857908272 1001 270
1587857918741 1001 271
1587857929207 1001 272
1587857939672 1001 273
1587857950184 1001 274
1587857960653 1001 275
1587857971139 1001 276
1587857982041 1001 277
1587857992706 1001 278
1587858003264 1001 279
1587858013921 1001 280
1587858024449 1001 281
1587858035025 1001 282
1587858045568 1001 283
1587858056110 1001 284
1587858066882 1001 285
1587858077470 1001 286
1587858088229 1001 287
1587858098810 1001 288
1587858109399 1001 289
1587858120180 1001 290
1587858130985 1001 291
1587858141639 1001 292
1587858152403 1001 293
1587858163459 1001 294
1587858174161 1001 295
1587858184974 1001 296
1587858195714 1001 297
1587858206605 1001 298
1587858217490 1001 299
1587858228347 1001 300
1587858239235 1001 301
1587858250175 1001 302
1587858260958 1001 303
1587858271678 1001 304
1587858282400 1001 305
1587858293112 1001 306
1587858304009 1001 307
1587858314795 1001 308
1587858325687 1001 309
1587858336698 1001 310
1587858348108 1001 311
1587858359026 1001 312
1587858369949 1001 313
1587858380862 1001 314
1587858391798 1001 315
1587858402668 1001 316
1587858413621 1001 317
1587858424710 1001 318
1587858435765 1001 319
1587858446759 1001 320
1587858457907 1001 321
1587858468884 1001 322
1587858479703 1001 323
1587858490625 1001 324
1587858501519 1001 325
1587858512343 1001 326
1587858523636 1001 327
1587858534483 1001 328
1587858545435 1001 329
1587858556390 1001 330
1587858567239 1001 331
1587858578112 1001 332
1587858588975 1001 333
1587858599848 1001 334
1587858610776 1001 335
1587858621682 1001 336
1587858632591 1001 337
1587858643497 1001 338
1587858654410 1001 339
1587858665471 1001 340
1587858676409 1001 341
1587858687339 1001 342
1587858698261 1001 343
1587858709749 1001 344
1587858720697 1001 345
1587858731713 1001 346
1587858742683 1001 347
1587858753675 1001 348
1587858764659 1001 349
1587858775738 1001 350
1587858786764 1001 351
1587858797760 1001 352
1587858808771 1001 353
1587858819824 1001 354
1587858830935 1001 355
1587858842053 1001 356
1587858853113 1001 357
1587858864155 1001 358
1587858875228 1001 359
1587858887018 1001 360
1587858898094 1001 361
1587858909283 1001 362
1587858920405 1001 363
1587858931560 1001 364
1587858942696 1001 365
1587858953889 1001 366
1587858965148 1001 367
1587858976536 1001 368
1587858987703 1001 369
1587858999024 1001 370
1587859010216 1001 371
1587859021405 1001 372
1587859032833 1001 373
1587859044020 1001 374
1587859055220 1001 375
1587859066968 1001 376
1587859078182 1001 377
1587859089471 1001 378
1587859100776 1001 379
1587859112120 1001 380
1587859123378 1001 381
1587859134612 1001 382
1587859145881 1001 383
1587859157116 1001 384
1587859168378 1001 385
1587859179642 1001 386
1587859190906 1001 387
1587859202258 1001 388
1587859213608 1001 389
1587859225039 1001 390
1587859236389 1001 391
1587859248336 1001 392
1587859259692 1001 393
1587859271086 1001 394
1587859282521 1001 395
1587859293983 1001 396
1587859305414 1001 397
1587859316810 1001 398
1587859328236 1001 399
1587859339834 1001 400
1587859351426 1001 401
1587859362933 1001 402
1587859374616 1001 403
1587859386210 1001 404
1587859397779 1001 405
1587859409442 1001 406
1587859421269 1001 407
1587859433058 1001 408
1587859444816 1001 409
1587859456596 1001 410
1587859468227 1001 411
1587859479841 1001 412
1587859491575 1001 413
1587859503284 1001 414
1587859514922 1001 415
1587859526455 1001 416
1587859538048 1001 417
1587859549644 1001 418
1587859561295 1001 419
1587859573036 1001 420
1587859585240 1001 421
1587859596979 1001 422
1587859609140 1001 423
1587859620944 1001 424
1587859632896 1001 425
1587859644498 1001 426
1587859656164 1001 427
1587859667806 1001 428
1587859679429 1001 429
1587859691248 1001 430
1587859702905 1001 431
1587859714569 1001 432
1587859726235 1001 433
1587859737888 1001 434
1587859749602 1001 435
1587859761281 1001 436
1587859772981 1001 437
1587859785338 1001 438
1587859797068 1001 439
1587859808924 1001 440
1587859820672 1001 441
1587859832406 1001 442
1587859844144 1001 443
1587859855920 1001 444
1587859867812 1001 445
1587859879563 1001 446
1587859891335 1001 447
1587859903104 1001 448
1587859914937 1001 449
1587859926948 1001 450
1587859938783 1001 451
1587859950699 1001 452
1587859963027 1001 453
1587859974907 1001 454
1587859986817 1001 455
1587859998706 1001 456
1587860010650 1001 457
1587860022672 1001 458
1587860034775 1001 459
1587860046881 1001 460
1587860058802 1001 461
1587860070743 1001 462
1587860082820 1001 463
1587860094781 1001 464
1587860106721 1001 465
1587860118618 1001 466
1587860130566 1001 467
1587860143073 1001 468
1587860155095 1001 469
1587860167239 1001 470
1587860179299 1001 471
1587860191442 1001 472
1587860203489 1001 473
1587860215596 1001 474
1587860227740 1001 475
1587860239911 1001 476
1587860252095 1001 477
1587860264309 1001 478
1587860276335 1001 479
1587860288550 1001 480
1587860300769 1001 481
1587860312875 1001 482
1587860325574 1001 483
1587860337622 1001 484
1587860349780 1001 485
1587860361854 1001 486
1587860373932 1001 487
1587860386021 1001 488
1587860398122 1001 489
1587860410392 1001 490
1587860422538 1001 491
1587860434641 1001 492
1587860446761 1001 493
1587860458897 1001 494
1587860471087 1001 495
1587860483237 1001 496
1587860495405 1001 497
1587860508148 1001 498
1587860520322 1001 499
1587860532660 1001 500
1587860544884 1001 501
1587860557131 1001 502
1587860569443 1001 503
1587860581694 1001 504
1587860593960 1001 505
1587860606193 1001 506
1587860618428 1001 507
1587860630690 1001 508
1587860642981 1001 509
1587860655374 1001 510
1587860667654 1001 511
1587860679956 1001 512
1587860692560 1001 513
1587860704943 1001 514
1587860717326 1001 515
1587860729678 1001 516
1587860742019 1001 517
1587860754371 1001 518
1587860766878 1001 519
1587860779388 1001 520
1587860791782 1001 521
1587860804264 1001 522
1587860816834 1001 523
1587860829771 1001 524
1587860842297 1001 525
1587860854875 1001 526
1587860867876 1001 527
1587860880556 1001 528
1587860893329 1001 529
1587860906180 1001 530
1587860918911 1001 531
1587860931486 1001 532
1587860944263 1001 533
1587860956926 1001 534
1587860969545 1001 535
1587860982195 1001 536
1587860994840 1001 537
1587861007558 1001 538
1587861020506 1001 539
1587861033252 1001 540
1587861046566 1001 541
1587861059326 1001 542
1587861072378 1001 543
1587861085191 1001 544
1587861097837 1001 545
1587861110516 1001 546
1587861123305 1001 547
1587861136215 1001 548
1587861149063 1001 549
1587861162037 1001 550
1587861174804 1001 551
1587861187625 1001 552
1587861200407 1001 553
1587861213167 1001 554
1587861226555 1001 555
1587861239463 1001 556
1587861252260 1001 557
1587861265039 1001 558
1587861277800 1001 559
1587861290698 1001 560
1587861303543 1001 561
1587861316344 1001 562
1587861329165 1001 563
1587861342022 1001 564
1587861354870 1001 565
1587861367806 1001 566
1587861380740 1001 567
1587861393650 1001 568
1587861406943 1001 569
1587861420135 1001 570
1587861433368 1001 571
1587861446567 1001 572
1587861459600 1001 573
1587861472719 1001 574
1587861485785 1001 575
1587861498856 1001 576
1587861511806 1001 577
1587861524737 1001 578
1587861537721 1001 579
1587861550880 1001 580
1587861563876 1001 581
1587861576899 1001 582
1587861590487 1001 583
1587861603682 1001 584
1587861616834 1001 585
1587861629864 1001 586
1587861643027 1001 587
1587861656139 1001 588
1587861669494 1001 589
1587861682740 1001 590
1587861695937 1001 591
1587861709245 1001 592
1587861722878 1001 593
1587861736342 1001 594
1587861749620 1001 595
1587861763441 1001 596
1587861776565 1001 597
1587861789783 1001 598
1587861802984 1001 599
1587861816374 1001 600
1587861829726 1001 601
1587861843075 1001 602
1587861856376 1001 603
1587861869681 1001 604
1587861882974 1001 605
1587861896270 1001 606
1587861909649 1001 607
1587861922994 1001 608
1587861936406 1001 609
1587861950373 1001 610
1587861963685 1001 611
1587861977119 1001 612
1587861990384 1001 613
1587862003690 1001 614
1587862017015 1001 615
1587862030419 1001 616
1587862043778 1001 617
1587862057108 1001 618
1587862070451 1001 619
1587862083963 1001 620
1587862097440 1001 621
1587862111021 1001 622
1587862124971 1001 623
1587862138379 1001 624
1587862151879 1001 625
1587862165321 1001 626
1587862178791 1001 627
1587862192387 1001 628
1587862206116 1001 629
1587862219729 1001 630
1587862233210 1001 631
1587862246710 1001 632
1587862260204 1001 633
1587862273806 1001 634
1587862287553 1001 635
1587862301584 1001 636
1587862315385 1001 637
1587862329096 1001 638
1587862342896 1001 639
1587862356944 1001 640
1587862370865 1001 641
1587862384504 1001 642
1587862398147 1001 643
1587862411764 1001 644
1587862425372 1001 645
1587862438973 1001 646
1587862452648 1001 647
1587862466258 1001 648
1587862479865 1001 649
1587862493875 1001 650
1587862507556 1001 651
1587862521197 1001 652
1587862534892 1001 653
1587862548578 1001 654
1587862562288 1001 655
1587862576211 1001 656
1587862589929 1001 657
1587862603652 1001 658
1587862617375 1001 659
1587862631450 1001 660
1587862645189 1001 661
1587862658929 1001 662
1587862673082 1001 663
1587862686857 1001 664
1587862700605 1001 665
1587862714343 1001 666
1587862728105 1001 667
1587862741893 1001 668
1587862755716 1001 669
1587862769603 1001 670
1587862783419 1001 671
1587862797201 1001 672
1587862811067 1001 673
1587862824925 1001 674
1587862838760 1001 675
1587862853019 1001 676
1587862866995 1001 677
1587862880874 1001 678
1587862894759 1001 679
1587862908799 1001 680
1587862922754 1001 681
1587862936749 1001 682
1587862950708 1001 683
1587862964814 1001 684
1587862978846 1001 685
1587862992870 1001 686
1587863006878 1001 687
1587863021059 1001 688
1587863035251 1001 689
1587863049453 1001 690
1587863063491 1001 691
1587863077650 1001 692
1587863091776 1001 693
1587863105913 1001 694
1587863120042 1001 695
1587863134145 1001 696
1587863148298 1001 697
1587863162489 1001 698
1587863176619 1001 699
1587863190923 1001 700
1587863205879 1001 701
1587863220074 1001 702
1587863234544 1001 703
1587863249062 1001 704
1587863263575 1001 705
1587863278106 1001 706
1587863292624 1001 707
1587863306967 1001 708
1587863321195 1001 709
1587863335880 1001 710
1587863350290 1001 711
1587863364573 1001 712
1587863378906 1001 713
1587863393546 1001 714
1587863407996 1001 715
1587863422288 1001 716
1587863436729 1001 717
1587863451104 1001 718
1587863465683 1001 719
1587863480169 1001 720
1587863494490 1001 721
1587863508793 1001 722
1587863523186 1001 723
1587863537580 1001 724
1587863551964 1001 725
1587863566814 1001 726
1587863581192 1001 727
1587863595604 1001 728
1587863610010 1001 729
1587863624508 1001 730
1587863638925 1001 731
1587863653379 1001 732
1587863667782 1001 733
1587863682175 1001 734
1587863696527 1001 735
1587863711023 1001 736
1587863725387 1001 737
1587863739749 1001 738
1587863754629 1001 739
1587863769254 1001 740
1587863783668 1001 741
1587863798162 1001 742
1587863812622 1001 743
1587863827140 1001 744
1587863841717 1001 745
1587863856171 1001 746
1587863870619 1001 747
1587863885113 1001 748
1587863899563 1001 749
1587863914156 1001 750
1587863929091 1001 751
1587863943663 1001 752
1587863958192 1001 753
1587863972723 1001 754
1587863987257 1001 755
1587864001833 1001 756
1587864016372 1001 757
1587864030912 1001 758
1587864045558 1001 759
1587864060319 1001 760
1587864074995 1001 761
1587864090018 1001 762
1587864104991 1001 763
1587864119774 1001 764
1587864134788 1001 765
1587864149488 1001 766
1587864164184 1001 767
1587864178869 1001 768
1587864193517 1001 769
1587864208344 1001 770
1587864223093 1001 771
1587864237742 1001 772
1587864252488 1001 773
1587864267180 1001 774
1587864282500 1001 775
1587864297336 1001 776
1587864312165 1001 777
1587864327019 1001 778
1587864342024 1001 779
1587864357197 1001 780
1587864372316 1001 781
1587864387252 1001 782
1587864402308 1001 783
1587864417318 1001 784
1587864432301 1001 785
1587864447236 1001 786
1587864462570 1001 787
1587864477547 1001 788
1587864492648 1001 789
1587864508518 1001 790
1587864523553 1001 791
1587864538627 1001 792
1587864553770 1001 793
1587864568998 1001 794
1587864584089 1001 795
1587864599155 1001 796
1587864614478 1001 797
1587864629414 1001 798
1587864644952 1001 799
1587864660193 1001 800
1587864675347 1001 801
1587864690678 1001 802
1587864705922 1001 803
1587864721151 1001 804
1587864736978 1001 805
1587864752805 1001 806
1587864768069 1001 807
1587864783629 1001 808
1587864799207 1001 809
1587864814712 1001 810
1587864830443 1001 811
1587864845861 1001 812
1587864861282 1001 813
1587864876696 1001 814
1587864892018 1001 815
1587864907428 1001 816
1587864922851 1001 817
1587864938189 1001 818
1587864953606 1001 819
1587864969304 1001 820
1587864984779 1001 821
1587865000370 1001 822
1587865016156 1001 823
1587865031770 1001 824
1587865047176 1001 825
1587865062566 1001 826
1587865077917 1001 827
1587865093364 1001 828
1587865108704 1001 829
1587865124273 1001 830
1587865139626 1001 831
1587865155030 1001 832
1587865170434 1001 833
1587865186473 1001 834
1587865201894 1001 835
1587865217430 1001 836
1587865232785 1001 837
1587865248131 1001 838
1587865263554 1001 839
1587865279258 1001 840
1587865294724 1001 841
1587865310250 1001 842
1587865325768 1001 843
1587865341297 1001 844
1587865356834 1001 845
1587865372694 1001 846
1587865388246 1001 847
1587865403985 1001 848
1587865419456 1001 849
1587865435131 1001 850
1587865450734 1001 851
1587865466277 1001 852
1587865481922 1001 853
1587865497563 1001 854
1587865513037 1001 855
1587865528497 1001 856
1587865544310 1001 857
1587865559770 1001 858
1587865575269 1001 859
1587865590889 1001 860
1587865606412 1001 861
1587865621974 1001 862
1587865637561 1001 863
1587865653115 1001 864
1587865668712 1001 865
1587865684389 1001 866
1587865700058 1001 867
1587865715843 1001 868
1587865732010 1001 869
1587865748045 1001 870
1587865763929 1001 871
1587865779756 1001 872
1587865795450 1001 873
1587865811159 1001 874
1587865826885 1001 875
1587865842592 1001 876
1587865858306 1001 877
1587865874112 1001 878
1587865889885 1001 879
1587865906160 1001 880
1587865921935 1001 881
1587865937751 1001 882
1587865953692 1001 883
1587865969588 1001 884
1587865985523 1001 885
1587866001371 1001 886
1587866017388 1001 887
1587866033204 1001 888
1587866049058 1001 889
1587866064938 1001 890
1587866080945 1001 891
1587866097058 1001 892
1587866112949 1001 893
1587866128784 1001 894
1587866144641 1001 895
1587866160485 1001 896
1587866176619 1001 897
1587866192538 1001 898
1587866208489 1001 899
1587866224639 1001 900
1587866240680 1001 901
1587866256657 1001 902
1587866272911 1001 903
1587866288777 1001 904
1587866304653 1001 905
1587866320572 1001 906
1587866336517 1001 907
1587866352456 1001 908
1587866368367 1001 909
1587866384429 1001 910
1587866400353 1001 911
1587866416319 1001 912
1587866432300 1001 913
1587866448672 1001 914
1587866464661 1001 915
1587866480646 1001 916
1587866496687 1001 917
1587866512764 1001 918
1587866528809 1001 919
1587866545022 1001 920
1587866561083 1001 921
1587866577217 1001 922
1587866593773 1001 923
1587866609969 1001 924
1587866626544 1001 925
1587866642749 1001 926
1587866658868 1001 927
1587866675026 1001 928
1587866691177 1001 929
1587866707439 1001 930
1587866723560 1001 931
1587866739718 1001 932
1587866755884 1001 933
1587866772045 1001 934
1587866788297 1001 935
1587866804964 1001 936
1587866821163 1001 937
1587866837503 1001 938
1587866853869 1001 939
1587866870246 1001 940
1587866886641 1001 941
1587866902908 1001 942
1587866919213 1001 943
1587866935566 1001 944
1587866951899 1001 945
1587866968175 1001 946
1587866984817 1001 947
1587867001034 1001 948
1587867017298 1001 949
1587867033774 1001 950
1587867050167 1001 951
1587867066593 1001 952
1587867082997 1001 953
1587867099401 1001 954
1587867115930 1001 955
1587867132544 1001 956
1587867149130 1001 957
1587867166120 1001 958
1587867182716 1001 959
1587867199459 1001 960
1587867215884 1001 961
1587867232291 1001 962
1587867248687 1001 963
1587867265130 1001 964
1587867281654 1001 965
1587867298151 1001 966
1587867314680 1001 967
1587867331193 1001 968
1587867348228 1001 969
1587867365026 1001 970
1587867381780 1001 971
1587867398509 1001 972
1587867415165 1001 973
1587867432170 1001 974
1587867448845 1001 975
1587867465433 1001 976
1587867482068 1001 977
1587867498703 1001 978
1587867515336 1001 979
1587867532870 1001 980
1587867549813 1001 981
1587867566540 1001 982
1587867583260 1001 983
1587867600020 1001 984
1587867616889 1001 985
1587867633663 1001 986
1587867650515 1001 987
1587867667395 1001 988
1587867684121 1001 989
1587867701284 1001 990
1587867718364 1001 991
1587867735479 1001 992
1587867752302 1001 993
1587867769125 1001 994
1587867785924 1001 995
1587867802681 1001 996
1587867819428 1001 997
1587867836220 1001 998
1587867853149 1001 999
1587867870153 1001 1000
1587867887439 1001 1001
1587867904388 1001 1002
1587867921222 1001 1003
1587867938146 1001 1004
1587867955059 1001 1005
1587867972204 1001 1006
1587867989054 1001 1007
1587868005818 1001 1008
1587868022731 1001 1009
1587868040017 1001 1010
1587868057172 1001 1011
1587868074656 1001 1012
1587868091776 1001 1013
1587868108818 1001 1014
1587868125860 1001 1015
1587868143000 1001 1016
1587868160029 1001 1017
1587868176933 1001 1018
1587868193953 1001 1019
1587868211549 1001 1020
1587868228554 1001 1021
1587868245857 1001 1022
1587868262731 1001 1023
1587868279768 1001 1024
1587868296655 1001 1025
1587868313674 1001 1026
1587868330609 1001 1027
1587868347519 1001 1028
1587868364505 1001 1029
1587868381690 1001 1030
1587868398762 1001 1031
1587868415905 1001 1032
1587868433434 1001 1033
1587868450788 1001 1034
1587868467794 1001 1035
1587868484653 1001 1036
1587868501570 1001 1037
1587868518569 1001 1038
1587868535800 1001 1039
1587868553217 1001 1040
1587868570399 1001 1041
1587868587785 1001 1042
1587868605234 1001 1043
1587868622429 1001 1044
1587868639825 1001 1045
1587868657239 1001 1046
1587868674356 1001 1047
1587868691641 1001 1048
1587868708793 1001 1049
1587868726008 1001 1050
1587868743070 1001 1051
1587868760147 1001 1052
1587868777017 1001 1053
1587868794345 1001 1054
1587868811347 1001 1055
1587868828330 1001 1056
1587868845267 1001 1057
1587868862180 1001 1058
1587868879303 1001 1059
1587868896375 1001 1060
1587868913325 1001 1061
1587868930608 1001 1062
1587868947814 1001 1063
1587868965389 1001 1064
1587868982627 1001 1065
1587868999912 1001 1066
1587869017055 1001 1067
1587869034088 1001 1068
1587869051311 1001 1069
1587869068485 1001 1070
1587869085595 1001 1071
1587869102718 1001 1072
1587869119946 1001 1073
1587869137213 1001 1074
1587869154564 1001 1075
1587869171654 1001 1076
1587869188790 1001 1077
1587869206038 1001 1078
1587869223360 1001 1079
1587869240858 1001 1080
1587869258557 1001 1081
1587869276208 1001 1082
1587869293538 1001 1083
1587869310531 1001 1084
1587869327894 1001 1085
1587869345118 1001 1086
1587869362372 1001 1087
1587869379664 1001 1088
1587869396774 1001 1089
1587869414257 1001 1090
1587869431519 1001 1091
1587869448752 1001 1092
1587869466256 1001 1093
1587869483751 1001 1094
1587869501065 1001 1095
1587869518855 1001 1096
1587869535971 1001 1097
1587869553196 1001 1098
1587869570507 1001 1099
1587869588381 1001 1100
1587869605947 1001 1101
1587869623445 1001 1102
1587869641039 1001 1103
1587869658274 1001 1104
1587869675517 1001 1105
1587869693007 1001 1106
1587869710238 1001 1107
1587869727344 1001 1108
1587869744481 1001 1109
1587869761729 1001 1110
1587869778890 1001 1111
1587869795785 1001 1112
1587869812719 1001 1113
1587869829727 1001 1114
1587869846529 1001 1115
1587869863677 1001 1116
1587869880526 1001 1117
1587869897402 1001 1118
1587869914247 1001 1119
1587869931219 1001 1120
1587869948135 1001 1121
1587869964992 1001 1122
1587869981887 1001 1123
1587869998715 1001 1124
1587870015672 1001 1125
1587870032523 1001 1126
1587870049876 1001 1127
1587870066787 1001 1128
1587870083672 1001 1129
1587870100744 1001 1130
1587870117620 1001 1131
1587870134758 1001 1132
1587870151883 1001 1133
1587870168721 1001 1134
1587870185575 1001 1135
1587870202498 1001 1136
1587870219378 1001 1137
1587870236670 1001 1138
1587870253641 1001 1139
1587870270835 1001 1140
1587870287995 1001 1141
1587870305065 1001 1142
1587870322237 1001 1143
1587870339178 1001 1144
1587870356220 1001 1145
1587870373303 1001 1146
1587870390809 1001 1147
1587870408358 1001 1148
1587870425537 1001 1149
1587870442686 1001 1150
1587870459746 1001 1151
1587870476924 1001 1152
1587870494033 1001 1153
1587870511320 1001 1154
1587870528406 1001 1155
1587870545622 1001 1156
1587870562657 1001 1157
1587870579774 1001 1158
1587870597503 1001 1159
1587870615050 1001 1160
1587870632549 1001 1161
1587870649739 1001 1162
1587870667186 1001 1163
1587870684590 1001 1164
1587870702084 1001 1165
1587870719542 1001 1166
1587870736686 1001 1167
1587870753571 1001 1168
1587870770889 1001 1169
1587870787982 1001 1170
1587870804857 1001 1171
1587870821739 1001 1172
1587870838752 1001 1173
1587870855821 1001 1174
1587870872637 1001 1175
1587870889507 1001 1176
1587870906416 1001 1177
1587870923334 1001 1178
1587870940454 1001 1179
1587870957799 1001 1180
1587870974731 1001 1181
1587870991609 1001 1182
1587871008495 1001 1183
1587871025839 1001 1184
1587871043139 1001 1185
1587871060241 1001 1186
1587871077323 1001 1187
1587871094675 1001 1188
1587871111718 1001 1189
1587871129103 1001 1190
1587871146175 1001 1191
1587871163067 1001 1192
1587871180069 1001 1193
1587871197196 1001 1194
1587871214327 1001 1195
1587871231406 1001 1196
1587871248194 1001 1197
1587871265132 1001 1198
1587871282162 1001 1199
1587871299209 1001 1200
1587871316872 1001 1201
1587871333799 1001 1202
1587871350719 1001 1203
1587871367600 1001 1204
1587871384464 1001 1205
1587871401400 1001 1206
1587871418612 1001 1207
1587871435647 1001 1208
1587871452697 1001 1209
1587871469685 1001 1210
1587871487059 1001 1211
1587871504011 1001 1212
1587871521068 1001 1213
1587871538021 1001 1214
1587871554912 1001 1215
1587871571982 1001 1216
1587871588875 1001 1217
1587871605861 1001 1218
1587871623027 1001 1219
1587871640363 1001 1220
1587871657417 1001 1221
1587871674879 1001 1222
1587871692012 1001 1223
1587871709221 1001 1224
1587871726468 1001 1225
1587871743541 1001 1226
1587871761048 1001 1227
1587871778181 1001 1228
1587871795409 1001 1229
1587871812850 1001 1230
1587871830267 1001 1231
1587871847953 1001 1232
1587871865436 1001 1233
1587871882900 1001 1234
1587871900192 1001 1235
1587871917421 1001 1236
1587871934618 1001 1237
1587871951836 1001 1238
1587871969231 1001 1239
1587871986889 1001 1240
1587872004140 1001 1241
1587872021477 1001 1242
1587872038699 1001 1243
1587872055784 1001 1244
1587872072733 1001 1245
1587872089963 1001 1246
1587872106908 1001 1247
1587872123909 1001 1248
1587872140991 1001 1249
1587872158143 1001 1250
1587872175351 1001 1251
1587872192389 1001 1252
1587872209711 1001 1253
1587872227093 1001 1254
1587872244272 1001 1255
1587872261546 1001 1256
1587872278606 1001 1257
1587872296095 1001 1258
1587872313351 1001 1259
1587872330495 1001 1260
1587872347783 1001 1261
1587872364886 1001 1262
1587872382119 1001 1263
1587872399086 1001 1264
1587872416169 1001 1265
1587872433249 1001 1266
1587872450268 1001 1267
1587872467387 1001 1268
1587872484406 1001 1269
1587872501581 1001 1270
1587872518700 1001 1271
1587872535833 1001 1272
1587872552816 1001 1273
1587872570292 1001 1274
1587872587371 1001 1275
1587872604419 1001 1276
1587872621557 1001 1277
1587872638915 1001 1278
1587872656127 1001 1279
1587872673300 1001 1280
1587872690277 1001 1281
1587872707342 1001 1282
1587872724409 1001 1283
1587872741930 1001 1284
1587872759267 1001 1285
1587872776517 1001 1286
1587872793477 1001 1287
1587872810494 1001 1288
1587872827591 1001 1289
1587872845103 1001 1290
1587872861953 1001 1291
1587872878802 1001 1292
1587872895851 1001 1293
1587872912863 1001 1294
1587872930313 1001 1295
1587872947477 1001 1296
1587872965063 1001 1297
1587872982606 1001 1298
1587872999686 1001 1299
1587873016980 1001 1300
1587873034055 1001 1301
1587873051059 1001 1302
1587873068293 1001 1303
1587873085385 1001 1304
1587873102868 1001 1305
1587873119851 1001 1306
1587873136872 1001 1307
1587873153887 1001 1308
1587873171126 1001 1309
1587873188889 1001 1310
1587873205743 1001 1311
1587873222926 1001 1312
1587873239771 1001 1313
1587873256626 1001 1314
1587873273432 1001 1315
1587873290605 1001 1316
1587873307457 1001 1317
1587873324272 1001 1318
1587873341064 1001 1319
1587873358037 1001 1320
1587873375112 1001 1321
1587873391948 1001 1322
1587873408731 1001 1323
1587873425703 1001 1324
1587873442756 1001 1325
1587873459686 1001 1326
1587873476990 1001 1327
1587873494006 1001 1328
1587873511046 1001 1329
1587873528174 1001 1330
1587873545187 1001 1331
1587873562427 1001 1332
1587873579592 1001 1333
1587873596751 1001 1334
1587873613959 1001 1335
1587873630959 1001 1336
1587873648306 1001 1337
1587873665427 1001 1338
1587873682364 1001 1339
1587873699464 1001 1340
1587873716293 1001 1341
1587873733203 1001 1342
1587873750387 1001 1343
1587873767375 1001 1344
1587873784266 1001 1345
1587873801168 1001 1346
1587873818172 1001 1347
1587873835688 1001 1348
1587873852804 1001 1349
1587873870179 1001 1350
1587873887625 1001 1351
1587873904768 1001 1352
1587873921895 1001 1353
1587873938819 1001 1354
1587873955785 1001 1355
1587873972783 1001 1356
1587873989965 1001 1357
1587874007891 1001 1358
1587874025272 1001 1359
1587874042640 1001 1360
1587874059967 1001 1361
1587874077138 1001 1362
1587874094478 1001 1363
1587874111825 1001 1364
1587874129104 1001 1365
1587874146171 1001 1366
1587874163252 1001 1367
1587874180253 1001 1368
1587874197645 1001 1369
1587874215076 1001 1370
1587874232178 1001 1371
1587874249371 1001 1372
1587874266773 1001 1373
1587874283989 1001 1374
1587874301169 1001 1375
1587874318139 1001 1376
1587874335376 1001 1377
1587874352546 1001 1378
1587874370220 1001 1379
1587874387546 1001 1380
1587874404736 1001 1381
1587874421740 1001 1382
1587874438837 1001 1383
1587874455947 1001 1384
1587874473045 1001 1385
1587874490059 1001 1386
1587874507269 1001 1387
1587874524302 1001 1388
1587874541629 1001 1389
1587874559097 1001 1390
1587874576333 1001 1391
1587874593505 1001 1392
1587874610495 1001 1393
1587874627765 1001 1394
1587874644950 1001 1395
1587874662141 1001 1396
1587874679211 1001 1397
1587874696266 1001 1398
1587874713195 1001 1399
1587874730659 1001 1400
1587874747602 1001 1401
1587874764413 1001 1402
1587874781256 1001 1403
1587874798077 1001 1404
1587874815154 1001 1405
1587874831965 1001 1406
1587874848747 1001 1407
1587874865538 1001 1408
1587874882314 1001 1409
1587874899222 1001 1410
1587874916684 1001 1411
1587874933697 1001 1412
1587874950668 1001 1413
1587874967821 1001 1414
1587874985131 1001 1415
1587875002227 1001 1416
1587875019324 1001 1417
1587875036457 1001 1418
1587875053677 1001 1419
1587875071089 1001 1420
1587875088789 1001 1421
1587875106155 1001 1422
1587875123473 1001 1423
1587875140564 1001 1424
1587875157797 1001 1425
1587875175331 1001 1426
1587875192727 1001 1427
1587875209931 1001 1428
1587875227343 1001 1429
1587875244639 1001 1430
1587875262090 1001 1431
1587875279575 1001 1432
1587875296815 1001 1433
1587875314453 1001 1434
1587875331810 1001 1435
1587875349155 1001 1436
1587875366360 1001 1437
1587875383450 1001 1438
1587875400644 1001 1439
1587875417980 1001 1440
1587875435045 1001 1441
1587875452576 1001 1442
1587875469643 1001 1443
1587875486686 1001 1444
1587875503735 1001 1445
1587875520841 1001 1446
1587875538223 1001 1447
1587875555334 1001 1448
1587875572525 1001 1449
1587875589803 1001 1450
1587875607072 1001 1451
1587875624746 1001 1452
1587875641951 1001 1453
1587875659155 1001 1454
1587875676466 1001 1455
1587875693671 1001 1456
1587875711153 1001 1457
1587875728444 1001 1458
1587875745457 1001 1459
1587875762644 1001 1460
1587875779715 1001 1461
1587875796822 1001 1462
1587875814250 1001 1463
1587875831401 1001 1464
1587875849029 1001 1465
1587875865902 1001 1466
1587875883103 1001 1467
1587875900224 1001 1468
1587875917408 1001 1469
1587875934701 1001 1470
1587875952216 1001 1471
1587875969444 1001 1472
1587875987072 1001 1473
1587876004351 1001 1474
1587876021508 1001 1475
1587876038711 1001 1476
1587876056240 1001 1477
1587876074201 1001 1478
1587876091308 1001 1479
1587876108597 1001 1480
1587876125843 1001 1481
1587876143114 1001 1482
1587876160680 1001 1483
1587876178154 1001 1484
1587876195466 1001 1485
1587876212682 1001 1486
1587876229822 1001 1487
1587876247225 1001 1488
1587876264506 1001 1489
1587876282267 1001 1490
1587876299629 1001 1491
1587876317029 1001 1492
1587876334100 1001 1493
1587876351419 1001 1494
1587876368440 1001 1495
1587876385436 1001 1496
1587876402621 1001 1497
1587876419674 1001 1498
1587876436658 1001 1499
1587876453845 1001 1500
1587876470955 1001 1501
1587876488036 1001 1502
1587876505033 1001 1503
1587876522332 1001 1504
1587876539344 1001 1505
1587876556384 1001 1506
1587876573327 1001 1507
1587876590218 1001 1508
1587876607236 1001 1509
1587876624399 1001 1510
1587876641437 1001 1511
1587876658405 1001 1512
1587876675442 1001 1513
1587876692337 1001 1514
1587876709572 1001 1515
1587876726600 1001 1516
1587876743497 1001 1517
1587876760448 1001 1518
1587876777367 1001 1519
1587876794611 1001 1520
1587876811440 1001 1521
1587876828208 1001 1522
1587876845073 1001 1523
1587876862082 1001 1524
1587876878905 1001 1525
1587876896068 1001 1526
1587876913073 1001 1527
1587876929843 1001 1528
1587876946634 1001 1529
1587876963794 1001 1530
1587876980841 1001 1531
1587876997606 1001 1532
1587877014489 1001 1533
1587877031411 1001 1534
1587877048392 1001 1535
1587877065650 1001 1536
1587877082544 1001 1537
1587877099497 1001 1538
1587877116315 1001 1539
1587877133323 1001 1540
1587877150281 1001 1541
1587877167163 1001 1542
1587877184009 1001 1543
1587877200831 1001 1544
1587877217702 1001 1545
1587877234559 1001 1546
1587877251665 1001 1547
1587877268663 1001 1548
1587877285499 1001 1549
1587877302543 1001 1550
1587877319407 1001 1551
1587877336238 1001 1552
1587877353152 1001 1553
1587877370025 1001 1554
1587877386921 1001 1555
1587877403855 1001 1556
1587877420922 1001 1557
1587877438239 1001 1558
1587877455161 1001 1559
1587877472224 1001 1560
1587877489198 1001 1561
1587877506128 1001 1562
1587877523056 1001 1563
1587877540149 1001 1564
1587877557409 1001 1565
1587877574561 1001 1566
1587877591577 1001 1567
1587877609039 1001 1568
1587877626068 1001 1569
1587877643230 1001 1570
1587877660509 1001 1571
1587877677456 1001 1572
1587877694535 1001 1573
1587877711450 1001 1574
1587877728415 1001 1575
1587877745531 1001 1576
1587877762557 1001 1577
1587877779528 1001 1578
1587877796756 1001 1579
1587877813948 1001 1580
1587877830864 1001 1581
1587877847785 1001 1582
1587877864802 1001 1583
1587877881959 1001 1584
1587877899081 1001 1585
1587877915940 1001 1586
1587877932880 1001 1587
1587877949724 1001 1588
1587877967043 1001 1589
1587877984032 1001 1590
1587878000844 1001 1591
1587878017671 1001 1592
1587878034461 1001 1593
1587878051329 1001 1594
1587878068160 1001 1595
1587878085024 1001 1596
1587878101888 1001 1597
1587878118760 1001 1598
1587878135592 1001 1599
1587878152940 1001 1600
1587878169899 1001 1601
1587878186761 1001 1602
1587878203590 1001 1603
1587878220494 1001 1604
1587878237450 1001 1605
1587878254391 1001 1606
1587878271309 1001 1607
1587878288249 1001 1608
1587878305117 1001 1609
1587878322573 1001 1610
1587878339454 1001 1611
1587878356406 1001 1612
1587878373333 1001 1613
1587878390197 1001 1614
1587878407116 1001 1615
1587878424191 1001 1616
1587878441114 1001 1617
1587878457937 1001 1618
1587878474784 1001 1619
1587878491709 1001 1620
1587878508840 1001 1621
1587878525818 1001 1622
1587878542771 1001 1623
1587878559737 1001 1624
1587878576681 1001 1625
1587878593835 1001 1626
1587878610880 1001 1627
1587878627839 1001 1628
1587878644824 1001 1629
1587878661858 1001 1630
1587878678779 1001 1631
1587878696166 1001 1632
1587878713198 1001 1633
1587878730174 1001 1634
1587878747147 1001 1635
1587878764200 1001 1636
1587878781290 1001 1637
1587878798257 1001 1638
1587878815325 1001 1639
1587878832545 1001 1640
1587878849680 1001 1641
1587878867230 1001 1642
1587878884247 1001 1643
1587878901266 1001 1644
1587878918228 1001 1645
1587878935241 1001 1646
1587878952215 1001 1647
1587878969129 1001 1648
1587878986095 1001 1649
1587879003161 1001 1650
1587879020027 1001 1651
1587879036869 1001 1652
1587879054128 1001 1653
1587879071091 1001 1654
1587879087976 1001 1655
1587879104824 1001 1656
1587879121834 1001 1657
1587879138909 1001 1658
1587879155964 1001 1659
1587879173276 1001 1660
1587879190407 1001 1661
1587879207486 1001 1662
1587879224925 1001 1663
1587879241953 1001 1664
1587879258840 1001 1665
1587879275739 1001 1666
1587879292610 1001 1667
1587879309531 1001 1668
1587879326408 1001 1669
1587879343457 1001 1670
1587879360328 1001 1671
1587879377236 1001 1672
1587879394112 1001 1673
1587879411472 1001 1674
1587879428519 1001 1675
1587879445556 1001 1676
1587879462624 1001 1677
1587879479750 1001 1678
1587879496817 1001 1679
1587879514091 1001 1680
1587879531225 1001 1681
1587879548449 1001 1682
1587879565458 1001 1683
1587879583004 1001 1684
1587879599955 1001 1685
1587879617136 1001 1686
1587879634151 1001 1687
1587879651276 1001 1688
1587879668524 1001 1689
1587879685774 1001 1690
1587879702850 1001 1691
1587879720024 1001 1692
1587879737256 1001 1693
1587879754372 1001 1694
1587879771746 1001 1695
1587879788844 1001 1696
1587879805914 1001 1697
1587879822953 1001 1698
1587879840177 1001 1699
1587879857353 1001 1700
1587879874532 1001 1701
1587879891573 1001 1702
1587879908756 1001 1703
1587879925766 1001 1704
1587879943169 1001 1705
1587879960147 1001 1706
1587879977331 1001 1707
1587879994298 1001 1708
1587880011399 1001 1709
1587880028649 1001 1710
1587880045859 1001 1711
1587880062911 1001 1712
1587880080048 1001 1713
1587880097105 1001 1714
1587880114239 1001 1715
1587880131638 1001 1716
1587880148729 1001 1717
1587880165556 1001 1718
1587880182392 1001 1719
1587880199394 1001 1720
1587880216276 1001 1721
1587880233120 1001 1722
1587880249983 1001 1723
1587880266877 1001 1724
1587880283701 1001 1725
1587880300747 1001 1726
1587880317965 1001 1727
1587880335013 1001 1728
1587880351883 1001 1729
1587880368932 1001 1730
1587880385839 1001 1731
1587880402749 1001 1732
1587880419631 1001 1733
1587880436502 1001 1734
1587880453368 1001 1735
1587880470223 1001 1736
1587880487539 1001 1737
1587880504441 1001 1738
1587880521296 1001 1739
1587880538267 1001 1740
1587880555071 1001 1741
1587880572171 1001 1742
1587880589045 1001 1743
1587880605929 1001 1744
1587880622801 1001 1745
1587880639861 1001 1746
1587880656674 1001 1747
1587880673882 1001 1748
1587880690682 1001 1749
1587880707614 1001 1750
1587880724406 1001 1751
1587880741209 1001 1752
1587880758045 1001 1753
1587880774863 1001 1754
1587880791639 1001 1755
1587880808526 1001 1756
1587880825378 1001 1757
1587880842654 1001 1758
1587880859445 1001 1759
1587880876463 1001 1760
1587880893303 1001 1761
1587880910139 1001 1762
1587880927008 1001 1763
1587880943979 1001 1764
1587880960827 1001 1765
1587880977585 1001 1766
1587880994479 1001 1767
1587881011355 1001 1768
1587881028461 1001 1769
1587881045401 1001 1770
1587881062187 1001 1771
1587881078952 1001 1772
1587881095726 1001 1773
1587881112528 1001 1774
1587881129316 1001 1775
1587881146119 1001 1776
1587881162927 1001 1777
1587881179680 1001 1778
1587881196626 1001 1779
1587881213942 1001 1780
1587881230957 1001 1781
1587881247866 1001 1782
1587881264848 1001 1783
1587881281847 1001 1784
1587881298774 1001 1785
1587881315667 1001 1786
1587881332474 1001 1787
1587881349290 1001 1788
1587881366179 1001 1789
1587881383549 1001 1790
1587881400483 1001 1791
1587881417433 1001 1792
1587881434328 1001 1793
1587881451238 1001 1794
1587881468316 1001 1795
1587881485277 1001 1796
1587881502193 1001 1797
1587881518986 1001 1798
1587881535949 1001 1799
1587881552875 1001 1800
1587881570148 1001 1801
1587881587014 1001 1802
1587881603930 1001 1803
1587881620984 1001 1804
1587881637911 1001 1805
1587881654815 1001 1806
1587881671690 1001 1807
1587881688617 1001 1808
1587881705696 1001 1809
1587881722790 1001 1810
1587881739646 1001 1811
1587881756928 1001 1812
1587881773779 1001 1813
1587881790617 1001 1814
1587881807582 1001 1815
1587881824599 1001 1816
1587881841550 1001 1817
1587881858469 1001 1818
1587881875420 1001 1819
1587881892624 1001 1820
1587881909598 1001 1821
1587881926959 1001 1822
1587881943859 1001 1823
1587881960735 1001 1824
1587881977509 1001 1825
1587881994363 1001 1826
1587882011380 1001 1827
1587882028457 1001 1828
1587882045649 1001 1829
1587882062866 1001 1830
1587882080147 1001 1831
1587882097074 1001 1832
1587882114232 1001 1833
1587882131161 1001 1834
1587882148127 1001 1835
1587882165046 1001 1836
1587882181974 1001 1837
1587882198890 1001 1838
1587882215852 1001 1839
1587882232868 1001 1840
1587882249770 1001 1841
1587882266613 1001 1842
1587882283870 1001 1843
1587882300748 1001 1844
1587882317741 1001 1845
1587882334661 1001 1846
1587882351530 1001 1847
1587882368576 1001 1848
1587882385447 1001 1849
1587882402487 1001 1850
1587882419435 1001 1851
1587882436450 1001 1852
1587882453299 1001 1853
1587882470727 1001 1854
1587882487813 1001 1855
1587882504769 1001 1856
1587882521781 1001 1857
1587882538757 1001 1858
1587882556089 1001 1859
1587882573134 1001 1860
1587882590018 1001 1861
1587882606918 1001 1862
1587882623829 1001 1863
1587882640987 1001 1864
1587882658108 1001 1865
1587882675106 1001 1866
1587882692179 1001 1867
1587882709454 1001 1868
1587882726502 1001 1869
1587882743582 1001 1870
1587882760444 1001 1871
1587882777385 1001 1872
1587882794387 1001 1873
1587882811518 1001 1874
1587882828796 1001 1875
1587882845728 1001 1876
1587882862657 1001 1877
1587882879643 1001 1878
1587882896755 1001 1879
1587882913948 1001 1880
1587882931097 1001 1881
1587882948231 1001 1882
1587882965493 1001 1883
1587882982494 1001 1884
1587882999426 1001 1885
1587883016909 1001 1886
1587883033999 1001 1887
1587883051189 1001 1888
1587883068508 1001 1889
1587883085797 1001 1890
1587883102917 1001 1891
1587883120088 1001 1892
1587883137208 1001 1893
1587883154494 1001 1894
1587883171702 1001 1895
1587883189228 1001 1896
1587883206481 1001 1897
1587883223590 1001 1898
1587883240909 1001 1899
1587883258476 1001 1900
1587883276068 1001 1901
1587883293378 1001 1902
1587883310582 1001 1903
1587883327698 1001 1904
1587883344597 1001 1905
1587883361657 1001 1906
1587883378714 1001 1907
1587883395678 1001 1908
1587883412627 1001 1909
1587883429722 1001 1910
1587883446686 1001 1911
1587883463563 1001 1912
1587883480474 1001 1913
1587883497367 1001 1914
1587883514376 1001 1915
1587883531291 1001 1916
1587883548460 1001 1917
1587883565356 1001 1918
1587883582227 1001 1919
1587883599192 1001 1920
1587883615994 1001 1921
1587883632899 1001 1922
1587883649780 1001 1923
1587883666739 1001 1924
1587883683635 1001 1925
1587883700508 1001 1926
1587883717377 1001 1927
1587883734647 1001 1928
1587883751662 1001 1929
1587883768682 1001 1930
1587883785600 1001 1931
1587883802538 1001 1932
1587883819727 1001 1933
1587883836556 1001 1934
1587883853380 1001 1935
1587883870189 1001 1936
1587883886973 1001 1937
1587883904199 1001 1938
1587883920944 1001 1939
1587883938000 1001 1940
1587883955231 1001 1941
1587883972211 1001 1942
1587883989224 1001 1943
1587884006284 1001 1944
1587884023487 1001 1945
1587884040569 1001 1946
1587884057686 1001 1947
1587884074713 1001 1948
1587884092263 1001 1949
1587884109368 1001 1950
1587884126392 1001 1951
1587884143516 1001 1952
1587884160481 1001 1953
1587884177673 1001 1954
1587884194794 1001 1955
1587884211867 1001 1956
1587884229014 1001 1957
1587884246116 1001 1958
1587884263758 1001 1959
1587884281039 1001 1960
1587884298173 1001 1961
1587884315337 1001 1962
1587884332196 1001 1963
1587884349180 1001 1964
1587884366020 1001 1965
1587884382910 1001 1966
1587884399725 1001 1967
1587884416640 1001 1968
1587884433493 1001 1969
1587884450884 1001 1970
1587884467784 1001 1971
1587884484610 1001 1972
1587884501499 1001 1973
1587884518396 1001 1974
1587884535452 1001 1975
1587884552667 1001 1976
1587884569847 1001 1977
1587884587137 1001 1978
1587884604009 1001 1979
1587884621124 1001 1980
1587884638262 1001 1981
1587884655162 1001 1982
1587884672015 1001 1983
1587884688876 1001 1984
1587884705761 1001 1985
1587884722648 1001 1986
1587884739495 1001 1987
1587884756362 1001 1988
1587884773262 1001 1989
1587884790247 1001 1990
1587884807435 1001 1991
1587884824342 1001 1992
1587884841194 1001 1993
1587884858046 1001 1994
1587884874877 1001 1995
1587884891766 1001 1996
1587884908602 1001 1997
1587884925441 1001 1998
1587884942331 1001 1999
1587884959412 1001 2000
1587884976705 1001 2001
1587884994028 1001 2002
1587885010993 1001 2003
1587885027869 1001 2004
1587885044709 1001 2005
1587885061566 1001 2006
1587885078493 1001 2007
1587885095294 1001 2008
1587885112130 1001 2009
1587885129353 1001 2010
1587885146414 1001 2011
1587885163867 1001 2012
1587885181072 1001 2013
1587885198096 1001 2014
1587885215123 1001 2015
1587885231977 1001 2016
1587885248857 1001 2017
1587885265686 1001 2018
1587885282520 1001 2019
1587885299463 1001 2020
1587885316362 1001 2021
1587885333186 1001 2022
1587885350340 1001 2023
1587885367189 1001 2024
1587885383977 1001 2025
1587885400811 1001 2026
1587885417610 1001 2027
1587885434613 1001 2028
1587885451467 1001 2029
1587885468438 1001 2030
1587885485250 1001 2031
1587885502035 1001 2032
1587885518858 1001 2033
1587885536062 1001 2034
1587885552954 1001 2035
1587885569788 1001 2036
1587885586597 1001 2037
1587885603440 1001 2038
1587885620221 1001 2039
1587885637164 1001 2040
1587885653936 1001 2041
1587885670793 1001 2042
1587885687569 1001 2043
1587885704800 1001 2044
1587885721640 1001 2045
1587885738495 1001 2046
1587885755292 1001 2047
1587885772082 1001 2048
1587885788941 1001 2049
1587885805900 1001 2050
1587885822728 1001 2051
1587885839540 1001 2052
1587885856451 1001 2053
1587885873302 1001 2054
1587885890579 1001 2055
1587885907457 1001 2056
1587885924300 1001 2057
1587885941183 1001 2058
1587885958100 1001 2059
1587885975518 1001 2060
1587885992441 1001 2061
1587886009482 1001 2062
1587886026796 1001 2063
1587886043741 1001 2064
1587886060806 1001 2065
1587886078321 1001 2066
1587886095310 1001 2067
1587886112404 1001 2068
1587886129390 1001 2069
1587886146409 1001 2070
1587886163312 1001 2071
1587886180179 1001 2072
1587886197004 1001 2073
1587886213928 1001 2074
1587886230757 1001 2075
1587886247900 1001 2076
1587886264812 1001 2077
1587886281726 1001 2078
1587886298642 1001 2079
1587886315662 1001 2080
1587886332706 1001 2081
1587886349566 1001 2082
1587886366411 1001 2083
1587886383355 1001 2084
1587886400239 1001 2085
1587886417099 1001 2086
1587886434268 1001 2087
1587886451137 1001 2088
1587886468018 1001 2089
1587886485092 1001 2090
1587886502057 1001 2091
1587886519034 1001 2092
1587886535997 1001 2093
1587886553102 1001 2094
1587886570235 1001 2095
1587886587129 1001 2096
1587886604331 1001 2097
1587886621349 1001 2098
1587886638549 1001 2099
1587886656091 1001 2100
1587886673680 1001 2101
1587886690859 1001 2102
1587886707996 1001 2103
1587886725253 1001 2104
1587886742318 1001 2105
1587886759469 1001 2106
1587886776447 1001 2107
1587886793660 1001 2108
1587886810625 1001 2109
1587886827612 1001 2110
1587886844531 1001 2111
1587886861493 1001 2112
1587886878787 1001 2113
1587886895745 1001 2114
1587886912898 1001 2115
1587886930026 1001 2116
1587886947137 1001 2117
1587886964691 1001 2118
1587886981607 1001 2119
1587886998661 1001 2120
1587887015636 1001 2121
1587887032637 1001 2122
1587887049802 1001 2123
1587887066697 1001 2124
1587887083819 1001 2125
1587887100902 1001 2126
1587887117967 1001 2127
1587887135101 1001 2128
1587887152545 1001 2129
1587887169880 1001 2130
1587887186919 1001 2131
1587887203948 1001 2132
1587887221077 1001 2133
1587887238395 1001 2134
1587887255812 1001 2135
1587887272996 1001 2136
1587887290163 1001 2137
1587887307292 1001 2138
1587887324827 1001 2139
1587887342152 1001 2140
1587887359195 1001 2141
1587887376297 1001 2142
1587887393357 1001 2143
1587887410554 1001 2144
1587887427643 1001 2145
1587887444742 1001 2146
1587887461935 1001 2147
1587887478989 1001 2148
1587887496121 1001 2149
1587887513673 1001 2150
1587887530830 1001 2151
1587887547909 1001 2152
1587887564908 1001 2153
1587887582040 1001 2154
1587887599085 1001 2155
1587887616198 1001 2156
1587887633266 1001 2157
1587887650246 1001 2158
1587887667094 1001 2159
1587887684571 1001 2160
1587887701389 1001 2161
1587887718306 1001 2162
1587887735255 1001 2163
1587887752232 1001 2164
1587887769318 1001 2165
1587887786134 1001 2166
1587887802946 1001 2167
1587887819822 1001 2168
1587887836859 1001 2169
1587887854027 1001 2170
1587887871147 1001 2171
1587887888077 1001 2172
1587887904988 1001 2173
1587887921994 1001 2174
1587887938845 1001 2175
1587887955771 1001 2176
1587887972633 1001 2177
1587887989517 1001 2178
1587888006487 1001 2179
1587888023483 1001 2180
1587888040429 1001 2181
1587888057485 1001 2182
1587888074470 1001 2183
1587888091387 1001 2184
1587888108248 1001 2185
1587888125343 1001 2186
1587888142593 1001 2187
1587888159470 1001 2188
1587888176361 1001 2189
1587888193558 1001 2190
1587888210489 1001 2191
1587888227859 1001 2192
1587888244859 1001 2193
1587888261954 1001 2194
1587888278935 1001 2195
1587888295841 1001 2196
1587888312815 1001 2197
1587888329657 1001 2198
1587888346506 1001 2199
1587888363599 1001 2200
1587888380652 1001 2201
1587888397602 1001 2202
1587888414986 1001 2203
1587888431980 1001 2204
1587888448953 1001 2205
1587888465985 1001 2206
1587888483058 1001 2207
1587888500145 1001 2208
1587888517208 1001 2209
1587888534407 1001 2210
1587888551422 1001 2211
1587888568294 1001 2212
1587888585549 1001 2213
1587888602417 1001 2214
1587888619279 1001 2215
1587888636135 1001 2216
1587888652978 1001 2217
1587888670106 1001 2218
1587888686990 1001 2219
1587888704009 1001 2220
1587888720859 1001 2221
1587888737808 1001 2222
1587888754713 1001 2223
1587888771988 1001 2224
1587888788936 1001 2225
1587888805803 1001 2226
1587888822674 1001 2227
1587888839558 1001 2228
1587888856512 1001 2229
1587888873637 1001 2230
1587888890558 1001 2231
1587888907532 1001 2232
1587888924576 1001 2233
1587888941822 1001 2234
1587888958833 1001 2235
1587888975774 1001 2236
1587888992647 1001 2237
1587889009525 1001 2238
1587889026700 1001 2239
1587889044118 1001 2240
1587889061462 1001 2241
1587889078530 1001 2242
1587889095548 1001 2243
1587889112585 1001 2244
1587889129989 1001 2245
1587889146978 1001 2246
1587889163869 1001 2247
1587889180768 1001 2248
1587889197665 1001 2249
1587889214762 1001 2250
1587889231636 1001 2251
1587889248539 1001 2252
1587889265602 1001 2253
1587889282532 1001 2254
1587889299380 1001 2255
1587889316641 1001 2256
1587889333584 1001 2257
1587889350468 1001 2258
1587889367380 1001 2259
1587889384451 1001 2260
1587889401361 1001 2261
1587889418301 1001 2262
1587889435150 1001 2263
1587889452028 1001 2264
1587889468835 1001 2265
1587889486216 1001 2266
1587889503109 1001 2267
1587889519944 1001 2268
1587889536805 1001 2269
1587889553819 1001 2270
1587889570860 1001 2271
1587889587672 1001 2272
1587889604505 1001 2273
1587889621396 1001 2274
1587889638476 1001 2275
1587889655423 1001 2276
1587889672957 1001 2277
1587889689984 1001 2278
1587889706949 1001 2279
1587889724081 1001 2280
1587889741040 1001 2281
1587889758096 1001 2282
1587889775062 1001 2283
1587889792027 1001 2284
1587889808972 1001 2285
1587889825900 1001 2286
1587889843214 1001 2287
1587889860070 1001 2288
1587889876987 1001 2289
1587889894012 1001 2290
1587889910906 1001 2291
1587889927808 1001 2292
1587889944704 1001 2293
1587889961618 1001 2294
1587889978476 1001 2295
1587889995412 1001 2296
1587890012292 1001 2297
1587890029515 1001 2298
1587890046581 1001 2299
1587890063657 1001 2300
1587890080608 1001 2301
1587890097482 1001 2302
1587890114520 1001 2303
1587890131526 1001 2304
1587890148405 1001 2305
1587890165349 1001 2306
1587890182181 1001 2307
1587890199047 1001 2308
1587890216227 1001 2309
1587890233341 1001 2310
1587890250439 1001 2311
1587890267608 1001 2312
1587890284511 1001 2313
1587890301449 1001 2314
1587890318296 1001 2315
1587890335184 1001 2316
1587890352136 1001 2317
1587890369056 1001 2318
1587890386419 1001 2319
1587890403526 1001 2320
1587890420413 1001 2321
1587890437336 1001 2322
1587890454228 1001 2323
1587890471342 1001 2324
1587890488237 1001 2325
1587890505095 1001 2326
1587890522157 1001 2327
1587890539275 1001 2328
1587890556241 1001 2329
1587890573912 1001 2330
1587890591013 1001 2331
1587890607994 1001 2332
1587890625115 1001 2333
1587890642156 1001 2334
1587890659187 1001 2335
1587890676148 1001 2336
1587890693163 1001 2337
1587890710251 1001 2338
1587890727233 1001 2339
1587890744783 1001 2340
1587890761905 1001 2341
1587890778859 1001 2342
1587890795723 1001 2343
1587890812549 1001 2344
1587890829439 1001 2345
1587890846292 1001 2346
1587890863285 1001 2347
1587890880153 1001 2348
1587890897065 1001 2349
1587890914068 1001 2350
1587890931405 1001 2351
1587890948299 1001 2352
1587890965144 1001 2353
1587890981956 1001 2354
1587890998812 1001 2355
1587891015739 1001 2356
1587891032611 1001 2357
1587891049500 1001 2358
1587891066384 1001 2359
1587891083393 1001 2360
1587891100332 1001 2361
1587891117491 1001 2362
1587891134484 1001 2363
1587891151406 1001 2364
1587891168347 1001 2365
1587891185331 1001 2366
1587891202270 1001 2367
1587891219212 1001 2368
1587891236132 1001 2369
1587891253286 1001 2370
1587891270292 1001 2371
1587891287514 1001 2372
1587891304516 1001 2373
1587891321474 1001 2374
1587891338332 1001 2375
1587891355189 1001 2376
1587891372259 1001 2377
1587891389116 1001 2378
1587891405977 1001 2379
1587891423133 1001 2380
1587891440002 1001 2381
1587891456821 1001 2382
1587891474014 1001 2383
1587891490869 1001 2384
1587891507665 1001 2385
1587891524496 1001 2386
1587891541317 1001 2387
1587891558225 1001 2388
1587891575075 1001 2389
1587891592042 1001 2390
1587891608989 1001 2391
1587891625840 1001 2392
1587891643020 1001 2393
1587891659877 1001 2394
1587891676820 1001 2395
1587891693760 1001 2396
1587891710602 1001 2397
1587891727545 1001 2398
1587891744470 1001 2399
1587891761533 1001 2400
1587891778553 1001 2401
1587891795505 1001 2402
1587891812482 1001 2403
1587891829728 1001 2404
1587891846682 1001 2405
1587891863529 1001 2406
1587891880351 1001 2407
1587891897165 1001 2408
1587891914057 1001 2409
1587891931065 1001 2410
1587891947892 1001 2411
1587891964765 1001 2412
1587891981614 1001 2413
1587891998508 1001 2414
1587892015783 1001 2415
1587892032625 1001 2416
1587892049578 1001 2417
1587892066525 1001 2418
1587892083503 1001 2419
1587892100590 1001 2420
1587892117508 1001 2421
1587892134378 1001 2422
1587892151280 1001 2423
1587892168097 1001 2424
1587892185354 1001 2425
1587892202232 1001 2426
1587892219058 1001 2427
1587892235910 1001 2428
1587892252750 1001 2429
1587892270006 1001 2430
1587892286860 1001 2431
1587892303830 1001 2432
1587892320756 1001 2433
1587892337734 1001 2434
1587892354624 1001 2435
1587892371676 1001 2436
1587892388516 1001 2437
1587892405351 1001 2438
1587892422251 1001 2439
1587892439236 1001 2440
1587892456119 1001 2441
1587892472928 1001 2442
1587892489727 1001 2443
1587892506616 1001 2444
1587892523449 1001 2445
1587892540329 1001 2446
1587892557436 1001 2447
1587892574305 1001 2448
1587892591115 1001 2449
1587892608095 1001 2450
1587892624969 1001 2451
1587892641833 1001 2452
1587892658635 1001 2453
1587892675490 1001 2454
1587892692428 1001 2455
1587892709317 1001 2456
1587892726674 1001 2457
1587892743593 1001 2458
1587892760443 1001 2459
1587892777465 1001 2460
1587892794320 1001 2461
1587892811273 1001 2462
1587892828290 1001 2463
1587892845171 1001 2464
1587892862081 1001 2465
1587892879065 1001 2466
1587892896024 1001 2467
1587892913221 1001 2468
1587892930128 1001 2469
1587892947112 1001 2470
1587892963997 1001 2471
1587892980847 1001 2472
1587892997721 1001 2473
1587893014592 1001 2474
1587893031487 1001 2475
1587893048386 1001 2476
1587893065281 1001 2477
1587893082497 1001 2478
1587893099316 1001 2479
1587893116362 1001 2480
1587893133288 1001 2481
1587893150151 1001 2482
1587893167202 1001 2483
1587893184143 1001 2484
1587893201024 1001 2485
1587893218014 1001 2486
1587893235269 1001 2487
1587893252478 1001 2488
1587893269823 1001 2489
1587893287241 1001 2490
1587893304345 1001 2491
1587893321432 1001 2492
1587893338342 1001 2493
1587893355257 1001 2494
1587893372119 1001 2495
1587893388972 1001 2496
1587893405893 1001 2497
1587893422806 1001 2498
1587893439690 1001 2499
1587893457133 1001 2500
1587893474375 1001 2501
1587893491230 1001 2502
1587893508126 1001 2503
1587893524991 1001 2504
1587893541940 1001 2505
1587893558916 1001 2506
1587893575874 1001 2507
1587893592727 1001 2508
1587893609568 1001 2509
1587893627027 1001 2510
1587893643935 1001 2511
1587893660867 1001 2512
1587893677715 1001 2513
1587893694605 1001 2514
1587893711536 1001 2515
1587893728448 1001 2516
1587893745318 1001 2517
1587893762199 1001 2518
1587893779087 1001 2519
1587893796095 1001 2520
1587893813367 1001 2521
1587893830413 1001 2522
1587893847451 1001 2523
1587893864546 1001 2524
1587893881451 1001 2525
1587893898430 1001 2526
1587893915356 1001 2527
1587893932197 1001 2528
1587893949083 1001 2529
1587893966076 1001 2530
1587893983391 1001 2531
1587894000294 1001 2532
1587894017263 1001 2533
1587894034132 1001 2534
1587894050998 1001 2535
1587894068082 1001 2536
1587894085055 1001 2537
1587894101980 1001 2538
1587894118935 1001 2539
1587894136245 1001 2540
1587894153150 1001 2541
1587894170554 1001 2542
1587894187599 1001 2543
1587894204562 1001 2544
1587894221530 1001 2545
1587894238655 1001 2546
1587894255917 1001 2547
1587894272942 1001 2548
1587894289850 1001 2549
1587894306947 1001 2550
1587894323893 1001 2551
1587894341040 1001 2552
1587894358387 1001 2553
1587894375448 1001 2554
1587894392463 1001 2555
1587894409489 1001 2556
1587894426575 1001 2557
1587894443648 1001 2558
1587894460858 1001 2559
1587894477929 1001 2560
1587894495013 1001 2561
1587894511896 1001 2562
1587894529420 1001 2563
1587894546367 1001 2564
1587894563245 1001 2565
1587894580168 1001 2566
1587894597065 1001 2567
1587894614055 1001 2568
1587894630966 1001 2569
1587894647985 1001 2570
1587894665003 1001 2571
1587894681924 1001 2572
1587894698801 1001 2573
1587894716186 1001 2574
1587894733131 1001 2575
1587894750258 1001 2576
1587894767279 1001 2577
1587894784308 1001 2578
1587894801349 1001 2579
1587894818483 1001 2580
1587894835630 1001 2581
1587894852746 1001 2582
1587894869803 1001 2583
1587894887216 1001 2584
1587894904302 1001 2585
1587894921503 1001 2586
1587894938612 1001 2587
1587894955659 1001 2588
1587894972950 1001 2589
1587894990126 1001 2590
1587895007183 1001 2591
1587895024353 1001 2592
1587895041425 1001 2593
1587895058427 1001 2594
1587895075752 1001 2595
1587895092774 1001 2596
1587895109736 1001 2597
1587895126703 1001 2598
1587895143712 1001 2599
1587895161069 1001 2600
1587895178123 1001 2601
1587895195181 1001 2602
1587895212231 1001 2603
1587895229242 1001 2604
1587895246622 1001 2605
1587895263925 1001 2606
1587895280966 1001 2607
1587895297896 1001 2608
1587895314823 1001 2609
1587895331939 1001 2610
1587895348891 1001 2611
1587895365976 1001 2612
1587895382990 1001 2613
1587895399981 1001 2614
1587895416962 1001 2615
1587895434397 1001 2616
1587895451486 1001 2617
1587895468551 1001 2618
1587895485575 1001 2619
1587895502691 1001 2620
1587895519703 1001 2621
1587895536578 1001 2622
1587895553565 1001 2623
1587895570521 1001 2624
1587895587379 1001 2625
1587895604624 1001 2626
1587895621417 1001 2627
1587895638312 1001 2628
1587895655153 1001 2629
1587895672143 1001 2630
1587895689026 1001 2631
1587895705935 1001 2632
1587895722823 1001 2633
1587895739700 1001 2634
1587895756654 1001 2635
1587895773478 1001 2636
1587895790749 1001 2637
1587895807682 1001 2638
1587895824548 1001 2639
1587895841650 1001 2640
1587895858681 1001 2641
1587895875852 1001 2642
1587895892755 1001 2643
1587895909616 1001 2644
1587895926578 1001 2645
1587895943497 1001 2646
1587895960472 1001 2647
1587895977632 1001 2648
1587895994590 1001 2649
1587896011685 1001 2650
1587896028619 1001 2651
1587896045549 1001 2652
1587896062592 1001 2653
1587896079453 1001 2654
1587896096317 1001 2655
1587896113208 1001 2656
1587896130099 1001 2657
1587896147256 1001 2658
1587896164130 1001 2659
1587896181136 1001 2660
1587896198022 1001 2661
1587896214885 1001 2662
1587896231764 1001 2663
1587896248610 1001 2664
1587896265450 1001 2665
1587896282279 1001 2666
1587896299098 1001 2667
1587896315923 1001 2668
1587896333320 1001 2669
1587896350426 1001 2670
1587896367271 1001 2671
1587896384140 1001 2672
1587896400986 1001 2673
1587896417884 1001 2674
1587896434814 1001 2675
1587896451725 1001 2676
1587896468658 1001 2677
1587896485595 1001 2678
1587896502867 1001 2679
1587896520160 1001 2680
1587896537480 1001 2681
1587896554699 1001 2682
1587896571801 1001 2683
1587896588965 1001 2684
1587896605962 1001 2685
1587896622976 1001 2686
1587896640039 1001 2687
1587896657024 1001 2688
1587896674043 1001 2689
1587896691655 1001 2690
1587896708617 1001 2691
1587896725546 1001 2692
1587896742457 1001 2693
1587896759381 1001 2694
1587896776381 1001 2695
1587896793431 1001 2696
1587896810308 1001 2697
1587896827260 1001 2698
1587896844129 1001 2699
1587896861287 1001 2700
1587896878396 1001 2701
1587896895381 1001 2702
1587896912398 1001 2703
1587896929409 1001 2704
1587896946387 1001 2705
1587896963356 1001 2706
1587896980509 1001 2707
1587896997448 1001 2708
1587897014427 1001 2709
1587897031471 1001 2710
1587897048839 1001 2711
1587897065936 1001 2712
1587897082991 1001 2713
1587897099993 1001 2714
1587897117024 1001 2715
1587897134095 1001 2716
1587897151122 1001 2717
1587897168207 1001 2718
1587897185348 1001 2719
1587897202549 1001 2720
1587897219519 1001 2721
1587897236933 1001 2722
1587897254045 1001 2723
1587897271198 1001 2724
1587897288219 1001 2725
1587897305456 1001 2726
1587897322488 1001 2727
1587897339696 1001 2728
1587897356767 1001 2729
1587897374191 1001 2730
1587897391261 1001 2731
1587897408767 1001 2732
1587897425681 1001 2733
1587897442521 1001 2734
1587897459383 1001 2735
1587897476252 1001 2736
1587897493192 1001 2737
1587897510042 1001 2738
1587897526919 1001 2739
1587897544007 1001 2740
1587897560866 1001 2741
1587897577764 1001 2742
1587897594921 1001 2743
1587897611892 1001 2744
1587897628755 1001 2745
1587897645612 1001 2746
1587897662520 1001 2747
1587897679556 1001 2748
1587897697335 1001 2749
1587897715115 1001 2750
1587897732568 1001 2751
1587897749706 1001 2752
1587897767483 1001 2753
1587897784772 1001 2754
1587897801703 1001 2755
1587897818675 1001 2756
1587897835618 1001 2757
1587897852605 1001 2758
1587897869550 1001 2759
1587897886628 1001 2760
1587897903654 1001 2761
1587897920663 1001 2762
1587897937602 1001 2763
1587897954983 1001 2764
1587897971895 1001 2765
1587897988972 1001 2766
1587898005798 1001 2767
1587898022709 1001 2768
1587898039552 1001 2769
1587898056642 1001 2770
1587898073734 1001 2771
1587898090641 1001 2772
1587898107680 1001 2773
1587898125156 1001 2774
1587898142222 1001 2775
1587898159470 1001 2776
1587898176465 1001 2777
1587898193390 1001 2778
1587898210610 1001 2779
1587898227843 1001 2780
1587898244846 1001 2781
1587898261912 1001 2782
1587898278925 1001 2783
1587898295873 1001 2784
1587898313221 1001 2785
1587898330334 1001 2786
1587898347479 1001 2787
1587898364459 1001 2788
1587898381429 1001 2789
1587898398580 1001 2790
1587898415504 1001 2791
1587898432460 1001 2792
1587898449436 1001 2793
1587898466362 1001 2794
1587898483769 1001 2795
1587898500680 1001 2796
1587898517645 1001 2797
1587898534557 1001 2798
1587898551486 1001 2799
1587898568688 1001 2800
1587898585678 1001 2801
1587898602669 1001 2802
1587898619648 1001 2803
1587898636621 1001 2804
1587898653557 1001 2805
1587898670801 1001 2806
1587898687730 1001 2807
1587898704651 1001 2808
1587898721577 1001 2809
1587898738703 1001 2810
1587898755778 1001 2811
1587898772777 1001 2812
1587898789809 1001 2813
1587898806800 1001 2814
1587898823708 1001 2815
1587898840707 1001 2816
1587898858061 1001 2817
1587898875097 1001 2818
1587898892053 1001 2819
1587898909178 1001 2820
1587898926247 1001 2821
1587898943542 1001 2822
1587898960874 1001 2823
1587898978013 1001 2824
1587898995067 1001 2825
1587899012033 1001 2826
1587899029503 1001 2827
1587899046544 1001 2828
1587899063452 1001 2829
1587899080473 1001 2830
1587899097349 1001 2831
1587899114337 1001 2832
1587899131253 1001 2833
1587899148179 1001 2834
1587899165124 1001 2835
1587899182049 1001 2836
1587899198973 1001 2837
1587899216260 1001 2838
1587899233206 1001 2839
1587899250213 1001 2840
1587899267105 1001 2841
1587899283989 1001 2842
1587899300894 1001 2843
1587899318013 1001 2844
1587899335129 1001 2845
1587899352197 1001 2846
1587899369129 1001 2847
1587899386616 1001 2848
1587899403589 1001 2849
1587899420603 1001 2850
1587899437520 1001 2851
1587899454425 1001 2852
1587899471508 1001 2853
1587899488417 1001 2854
1587899505303 1001 2855
1587899522480 1001 2856
1587899539473 1001 2857
1587899556309 1001 2858
1587899573546 1001 2859
1587899590545 1001 2860
1587899607437 1001 2861
1587899624307 1001 2862
1587899641186 1001 2863
1587899658134 1001 2864
1587899674993 1001 2865
1587899691825 1001 2866
1587899708745 1001 2867
1587899725650 1001 2868
1587899742935 1001 2869
1587899759884 1001 2870
1587899776825 1001 2871
1587899793781 1001 2872
1587899810705 1001 2873
1587899827678 1001 2874
1587899844672 1001 2875
1587899861486 1001 2876
1587899878363 1001 2877
1587899895236 1001 2878
1587899912073 1001 2879
1587899929423 1001 2880
1587899946273 1001 2881
1587899963113 1001 2882
1587899979957 1001 2883
1587899996792 1001 2884
1587900013664 1001 2885
1587900030545 1001 2886
1587900047401 1001 2887
1587900064344 1001 2888
1587900081189 1001 2889
1587900098185 1001 2890
1587900115451 1001 2891
1587900132321 1001 2892
1587900149173 1001 2893
1587900166031 1001 2894
1587900182908 1001 2895
1587900199781 1001 2896
1587900216641 1001 2897
1587900233473 1001 2898
1587900250362 1001 2899
1587900267365 1001 2900
1587900284653 1001 2901
1587900301520 1001 2902
1587900318434 1001 2903
1587900335301 1001 2904
1587900352162 1001 2905
1587900369118 1001 2906
1587900385957 1001 2907
1587900402901 1001 2908
1587900419913 1001 2909
1587900437029 1001 2910
1587900453869 1001 2911
1587900471073 1001 2912
1587900488001 1001 2913
1587900505062 1001 2914
1587900522065 1001 2915
1587900539013 1001 2916
1587900555969 1001 2917
1587900573021 1001 2918
1587900589987 1001 2919
1587900607250 1001 2920
1587900624397 1001 2921
1587900641713 1001 2922
1587900658997 1001 2923
1587900675996 1001 2924
1587900693005 1001 2925
1587900709991 1001 2926
1587900727120 1001 2927
1587900744083 1001 2928
1587900761048 1001 2929
1587900778179 1001 2930
1587900795218 1001 2931
1587900812169 1001 2932
1587900829728 1001 2933
1587900846683 1001 2934
1587900863645 1001 2935
1587900880548 1001 2936
1587900897493 1001 2937
1587900914625 1001 2938
1587900931655 1001 2939
1587900948857 1001 2940
1587900966033 1001 2941
1587900983241 1001 2942
1587901000243 1001 2943
1587901017521 1001 2944
1587901034453 1001 2945
1587901051381 1001 2946
1587901068339 1001 2947
1587901085413 1001 2948
1587901102449 1001 2949
1587901119585 1001 2950
1587901136584 1001 2951
1587901153661 1001 2952
1587901170779 1001 2953
1587901188365 1001 2954
1587901205475 1001 2955
1587901222428 1001 2956
1587901239427 1001 2957
1587901256323 1001 2958
1587901273457 1001 2959
1587901290619 1001 2960
1587901307750 1001 2961
1587901324854 1001 2962
1587901342017 1001 2963
1587901359074 1001 2964
1587901376557 1001 2965
1587901393659 1001 2966
1587901410809 1001 2967
1587901427913 1001 2968
1587901445125 1001 2969
1587901462400 1001 2970
1587901479493 1001 2971
1587901496634 1001 2972
1587901513781 1001 2973
1587901530963 1001 2974
1587901548477 1001 2975
1587901565650 1001 2976
1587901582717 1001 2977
1587901599869 1001 2978
1587901616817 1001 2979
1587901633896 1001 2980
1587901650789 1001 2981
1587901667681 1001 2982
1587901684765 1001 2983
1587901701786 1001 2984
1587901718725 1001 2985
1587901736019 1001 2986
1587901752966 1001 2987
1587901769898 1001 2988
1587901786856 1001 2989
1587901803973 1001 2990
1587901820887 1001 2991
1587901837829 1001 2992
1587901854739 1001 2993
1587901871745 1001 2994
1587901888633 1001 2995
1587901906116 1001 2996
1587901923097 1001 2997
1587901940053 1001 2998
1587901957005 1001 2999
1587901974070 1001 3000
1587901991450 1001 3001
1587902008297 1001 3002
1587902025189 1001 3003
1587902042049 1001 3004
1587902058971 1001 3005
1587902075853 1001 3006
1587902093245 1001 3007
1587902110210 1001 3008
1587902127133 1001 3009
1587902144076 1001 3010
1587902160987 1001 3011
1587902178010 1001 3012
1587902194832 1001 3013
1587902211725 1001 3014
1587902228646 1001 3015
1587902245538 1001 3016
1587902262789 1001 3017
1587902279780 1001 3018
1587902296736 1001 3019
1587902313841 1001 3020
1587902330858 1001 3021
1587902348018 1001 3022
1587902365007 1001 3023
1587902381959 1001 3024
1587902398828 1001 3025
1587902415742 1001 3026
1587902432674 1001 3027
1587902450089 1001 3028
1587902467101 1001 3029
1587902484225 1001 3030
1587902501227 1001 3031
1587902518310 1001 3032
1587902535429 1001 3033
1587902552509 1001 3034
1587902569514 1001 3035
1587902586475 1001 3036
1587902603427 1001 3037
1587902620413 1001 3038
1587902637653 1001 3039
1587902654692 1001 3040
1587902671553 1001 3041
1587902688404 1001 3042
1587902705292 1001 3043
1587902722183 1001 3044
1587902739033 1001 3045
1587902755866 1001 3046
1587902772767 1001 3047
1587902789654 1001 3048
1587902806894 1001 3049
1587902823920 1001 3050
1587902840794 1001 3051
1587902857605 1001 3052
1587902874425 1001 3053
1587902891250 1001 3054
1587902908090 1001 3055
1587902924910 1001 3056
1587902941760 1001 3057
1587902958649 1001 3058
1587902975614 1001 3059
1587902993331 1001 3060
1587903010184 1001 3061
1587903027062 1001 3062
1587903043913 1001 3063
1587903060745 1001 3064
1587903077736 1001 3065
1587903094544 1001 3066
1587903111431 1001 3067
1587903128421 1001 3068
1587903145254 1001 3069
1587903162564 1001 3070
1587903179458 1001 3071
1587903196341 1001 3072
1587903213144 1001 3073
1587903230020 1001 3074
1587903246904 1001 3075
1587903263736 1001 3076
1587903280553 1001 3077
1587903297416 1001 3078
1587903314273 1001 3079
1587903331264 1001 3080
1587903348341 1001 3081
1587903365281 1001 3082
1587903382176 1001 3083
1587903399039 1001 3084
1587903416061 1001 3085
1587903433045 1001 3086
1587903449965 1001 3087
1587903466883 1001 3088
1587903483851 1001 3089
1587903500902 1001 3090
1587903517795 1001 3091
1587903535134 1001 3092
1587903552153 1001 3093
1587903569136 1001 3094
1587903586105 1001 3095
1587903603076 1001 3096
1587903619968 1001 3097
1587903636898 1001 3098
1587903653877 1001 3099
1587903670957 1001 3100
1587903688005 1001 3101
1587903705377 1001 3102
1587903722325 1001 3103
1587903739265 1001 3104
1587903756228 1001 3105
1587903773137 1001 3106
1587903790101 1001 3107
1587903806985 1001 3108
1587903823897 1001 3109
1587903840937 1001 3110
1587903857903 1001 3111
1587903874829 1001 3112
1587903892134 1001 3113
1587903909097 1001 3114
1587903926077 1001 3115
1587903943162 1001 3116
1587903960100 1001 3117
1587903977267 1001 3118
1587903994236 1001 3119
1587904011316 1001 3120
1587904028493 1001 3121
1587904045692 1001 3122
1587904063197 1001 3123
1587904080548 1001 3124
1587904097613 1001 3125
1587904114795 1001 3126
1587904131676 1001 3127
1587904148605 1001 3128
1587904165446 1001 3129
1587904182456 1001 3130
1587904199325 1001 3131
1587904216221 1001 3132
1587904233117 1001 3133
1587904250229 1001 3134
1587904267148 1001 3135
1587904284021 1001 3136
1587904300881 1001 3137
1587904317901 1001 3138
1587904335113 1001 3139
1587904352248 1001 3140
1587904369213 1001 3141
1587904386129 1001 3142
1587904403025 1001 3143
1587904419913 1001 3144
1587904437300 1001 3145
1587904454228 1001 3146
1587904471103 1001 3147
1587904487982 1001 3148
1587904504900 1001 3149
1587904521921 1001 3150
1587904538803 1001 3151
1587904555695 1001 3152
1587904572570 1001 3153
1587904589445 1001 3154
1587904606672 1001 3155
1587904623653 1001 3156
1587904640527 1001 3157
1587904657417 1001 3158
1587904674269 1001 3159
1587904691323 1001 3160
1587904708195 1001 3161
1587904725054 1001 3162
1587904741919 1001 3163
1587904758841 1001 3164
1587904775772 1001 3165
1587904793281 1001 3166
1587904810173 1001 3167
1587904827069 1001 3168
1587904843967 1001 3169
1587904861012 1001 3170
1587904878039 1001 3171
1587904894937 1001 3172
1587904911810 1001 3173
1587904928753 1001 3174
1587904945637 1001 3175
1587904962864 1001 3176
1587904979765 1001 3177
1587904996661 1001 3178
1587905013524 1001 3179
1587905030575 1001 3180
1587905047588 1001 3181
1587905064470 1001 3182
1587905081341 1001 3183
1587905098189 1001 3184
1587905115158 1001 3185
1587905132162 1001 3186
1587905149358 1001 3187
1587905166373 1001 3188
1587905183222 1001 3189
1587905200221 1001 3190
1587905217075 1001 3191
1587905233951 1001 3192
1587905250817 1001 3193
1587905267673 1001 3194
1587905284561 1001 3195
1587905301429 1001 3196
1587905318329 1001 3197
1587905335617 1001 3198
1587905352560 1001 3199
1587905369536 1001 3200
1587905386542 1001 3201
1587905403448 1001 3202
1587905420317 1001 3203
1587905437137 1001 3204
1587905453981 1001 3205
1587905470902 1001 3206
1587905487777 1001 3207
1587905505002 1001 3208
1587905521957 1001 3209
1587905539082 1001 3210
1587905556036 1001 3211
1587905572889 1001 3212
1587905589821 1001 3213
1587905606661 1001 3214
1587905623521 1001 3215
1587905640414 1001 3216
1587905657345 1001 3217
1587905674168 1001 3218
1587905691341 1001 3219
1587905708413 1001 3220
1587905725273 1001 3221
1587905742101 1001 3222
1587905758909 1001 3223
1587905775891 1001 3224
1587905792797 1001 3225
1587905809666 1001 3226
1587905826689 1001 3227
1587905843673 1001 3228
1587905860749 1001 3229
1587905877928 1001 3230
1587905894944 1001 3231
1587905911793 1001 3232
1587905928606 1001 3233
1587905945497 1001 3234
1587905962313 1001 3235
1587905979241 1001 3236
1587905996221 1001 3237
1587906013168 1001 3238
1587906030101 1001 3239
1587906047521 1001 3240
1587906064529 1001 3241
1587906081449 1001 3242
1587906098313 1001 3243
1587906115139 1001 3244
1587906132073 1001 3245
1587906148963 1001 3246
1587906165829 1001 3247
1587906182709 1001 3248
1587906199596 1001 3249
1587906216585 1001 3250
1587906233833 1001 3251
1587906250741 1001 3252
1587906267589 1001 3253
1587906284483 1001 3254
1587906301373 1001 3255
1587906318275 1001 3256
1587906335172 1001 3257
1587906352043 1001 3258
1587906369006 1001 3259
1587906386067 1001 3260
1587906403464 1001 3261
1587906420410 1001 3262
1587906437486 1001 3263
1587906454345 1001 3264
1587906471173 1001 3265
1587906488001 1001 3266
1587906504928 1001 3267
1587906521918 1001 3268
1587906538868 1001 3269
1587906555986 1001 3270
1587906572985 1001 3271
1587906590641 1001 3272
1587906607761 1001 3273
1587906624721 1001 3274
1587906641605 1001 3275
1587906658529 1001 3276
1587906675603 1001 3277
1587906692651 1001 3278
1587906709669 1001 3279
1587906726863 1001 3280
1587906743871 1001 3281
1587906761116 1001 3282
1587906778428 1001 3283
1587906795569 1001 3284
1587906812630 1001 3285
1587906829521 1001 3286
1587906846588 1001 3287
1587906863532 1001 3288
1587906880644 1001 3289
1587906897976 1001 3290
1587906914975 1001 3291
1587906932102 1001 3292
1587906949709 1001 3293
1587906966921 1001 3294
1587906984029 1001 3295
1587907001116 1001 3296
1587907018357 1001 3297
1587907035488 1001 3298
1587907052541 1001 3299
1587907069813 1001 3300
1587907086989 1001 3301
1587907104069 1001 3302
1587907121382 1001 3303
1587907138820 1001 3304
1587907155821 1001 3305
1587907172697 1001 3306
1587907189596 1001 3307
1587907206561 1001 3308
1587907223501 1001 3309
1587907240541 1001 3310
1587907257393 1001 3311
1587907274283 1001 3312
1587907291119 1001 3313
1587907308455 1001 3314
1587907325353 1001 3315
1587907342185 1001 3316
1587907359043 1001 3317
1587907375850 1001 3318
1587907392769 1001 3319
1587907409794 1001 3320
1587907426677 1001 3321
1587907443588 1001 3322
1587907460481 1001 3323
1587907477350 1001 3324
1587907494551 1001 3325
1587907511498 1001 3326
1587907528410 1001 3327
1587907545302 1001 3328
1587907562241 1001 3329
1587907579390 1001 3330
1587907596253 1001 3331
1587907613222 1001 3332
1587907630276 1001 3333
1587907647301 1001 3334
1587907664441 1001 3335
1587907681228 1001 3336
1587907698289 1001 3337
1587907715221 1001 3338
1587907732204 1001 3339
1587907749618 1001 3340
1587907766702 1001 3341
1587907783715 1001 3342
1587907800557 1001 3343
1587907817609 1001 3344
1587907834633 1001 3345
1587907851877 1001 3346
1587907868817 1001 3347
1587907885702 1001 3348
1587907902569 1001 3349
1587907919590 1001 3350
1587907936516 1001 3351
1587907953422 1001 3352
1587907970305 1001 3353
1587907987419 1001 3354
1587908004266 1001 3355
1587908021265 1001 3356
1587908038418 1001 3357
1587908055345 1001 3358
1587908072177 1001 3359
1587908089186 1001 3360
1587908106096 1001 3361
1587908122937 1001 3362
1587908139748 1001 3363
1587908156607 1001 3364
1587908173445 1001 3365
1587908190285 1001 3366
1587908207485 1001 3367
1587908224347 1001 3368
1587908241121 1001 3369
1587908258260 1001 3370
1587908275451 1001 3371
1587908292475 1001 3372
1587908309477 1001 3373
1587908326495 1001 3374
1587908343636 1001 3375
1587908360641 1001 3376
1587908377557 1001 3377
1587908394981 1001 3378
1587908411928 1001 3379
1587908429099 1001 3380
1587908446193 1001 3381
1587908463180 1001 3382
1587908480255 1001 3383
1587908497254 1001 3384
1587908514217 1001 3385
1587908531245 1001 3386
1587908548276 1001 3387
1587908565673 1001 3388
1587908582795 1001 3389
1587908599921 1001 3390
1587908616882 1001 3391
1587908633793 1001 3392
1587908650664 1001 3393
1587908667497 1001 3394
1587908684370 1001 3395
1587908701209 1001 3396
1587908718133 1001 3397
1587908735001 1001 3398
1587908752258 1001 3399
1587908769289 1001 3400
1587908786621 1001 3401
1587908803529 1001 3402
1587908820436 1001 3403
1587908837409 1001 3404
1587908854273 1001 3405
1587908871109 1001 3406
1587908887977 1001 3407
1587908904804 1001 3408
1587908921851 1001 3409
1587908939057 1001 3410
1587908955989 1001 3411
1587908972857 1001 3412
1587908989741 1001 3413
1587909006679 1001 3414
1587909023661 1001 3415
1587909040547 1001 3416
1587909057395 1001 3417
1587909074313 1001 3418
1587909091155 1001 3419
1587909108706 1001 3420
1587909125593 1001 3421
1587909142493 1001 3422
1587909159479 1001 3423
1587909176349 1001 3424
1587909193257 1001 3425
1587909210107 1001 3426
1587909226969 1001 3427
1587909243859 1001 3428
1587909260725 1001 3429
1587909277768 1001 3430
1587909294961 1001 3431
1587909311850 1001 3432
1587909328726 1001 3433
1587909345579 1001 3434
1587909362445 1001 3435
1587909379413 1001 3436
1587909396225 1001 3437
1587909413057 1001 3438
1587909430029 1001 3439
1587909447090 1001 3440
1587909464400 1001 3441
1587909481427 1001 3442
1587909498333 1001 3443
1587909515185 1001 3444
1587909532025 1001 3445
1587909548897 1001 3446
1587909565909 1001 3447
1587909582797 1001 3448
1587909599633 1001 3449
1587909616686 1001 3450
1587909633605 1001 3451
1587909650769 1001 3452
1587909667659 1001 3453
1587909684536 1001 3454
1587909701387 1001 3455
1587909718257 1001 3456
1587909735107 1001 3457
1587909751957 1001 3458
1587909768818 1001 3459
1587909785868 1001 3460
1587909802732 1001 3461
1587909819581 1001 3462
1587909836741 1001 3463
1587909853641 1001 3464
1587909870493 1001 3465
1587909887321 1001 3466
1587909904192 1001 3467
1587909921038 1001 3468
1587909937884 1001 3469
1587909954887 1001 3470
1587909971745 1001 3471
1587909988585 1001 3472
1587910005773 1001 3473
1587910022632 1001 3474
1587910039501 1001 3475
1587910056385 1001 3476
1587910073237 1001 3477
1587910090138 1001 3478
1587910106987 1001 3479
1587910123941 1001 3480
1587910140785 1001 3481
1587910157743 1001 3482
1587910174721 1001 3483
1587910191857 1001 3484
1587910208776 1001 3485
1587910225645 1001 3486
1587910242464 1001 3487
1587910259314 1001 3488
1587910276277 1001 3489
1587910293252 1001 3490
1587910310083 1001 3491
1587910327043 1001 3492
1587910343903 1001 3493
1587910360928 1001 3494
1587910378050 1001 3495
1587910394913 1001 3496
1587910411721 1001 3497
1587910428568 1001 3498
1587910445441 1001 3499
1587910462412 1001 3500
1587910479406 1001 3501
1587910496234 1001 3502
1587910513102 1001 3503
1587910529965 1001 3504
1587910547228 1001 3505
1587910564137 1001 3506
1587910580997 1001 3507
1587910597905 1001 3508
1587910614893 1001 3509
1587910632180 1001 3510
1587910649424 1001 3511
1587910666644 1001 3512
1587910683929 1001 3513
1587910700984 1001 3514
1587910718017 1001 3515
1587910735389 1001 3516
1587910752426 1001 3517
1587910769400 1001 3518
1587910786374 1001 3519
1587910803535 1001 3520
1587910820516 1001 3521
1587910837493 1001 3522
1587910854442 1001 3523
1587910871465 1001 3524
1587910888432 1001 3525
1587910905665 1001 3526
1587910922569 1001 3527
1587910939429 1001 3528
1587910956277 1001 3529
1587910973233 1001 3530
1587910990129 1001 3531
1587911006997 1001 3532
1587911023883 1001 3533
1587911040701 1001 3534
1587911057596 1001 3535
1587911074513 1001 3536
1587911091793 1001 3537
1587911108745 1001 3538
1587911125696 1001 3539
1587911142740 1001 3540
1587911159630 1001 3541
1587911176791 1001 3542
1587911193749 1001 3543
1587911210752 1001 3544
1587911227781 1001 3545
1587911244993 1001 3546
1587911262477 1001 3547
1587911279653 1001 3548
1587911296677 1001 3549
1587911313795 1001 3550
1587911330990 1001 3551
1587911348113 1001 3552
1587911365099 1001 3553
1587911381993 1001 3554
1587911398877 1001 3555
1587911415948 1001 3556
1587911433070 1001 3557
1587911450693 1001 3558
1587911467880 1001 3559
1587911485254 1001 3560
1587911502331 1001 3561
1587911519581 1001 3562
1587911536769 1001 3563
1587911553957 1001 3564
1587911571125 1001 3565
1587911588341 1001 3566
1587911605480 1001 3567
1587911623152 1001 3568
1587911640549 1001 3569
1587911658187 1001 3570
1587911675358 1001 3571
1587911692421 1001 3572
1587911709537 1001 3573
1587911726677 1001 3574
1587911743748 1001 3575
1587911760712 1001 3576
1587911777873 1001 3577
1587911795129 1001 3578
1587911812505 1001 3579
1587911829691 1001 3580
1587911846773 1001 3581
1587911863812 1001 3582
1587911880861 1001 3583
1587911897921 1001 3584
1587911914895 1001 3585
1587911931949 1001 3586
1587911948976 1001 3587
1587911965989 1001 3588
1587911983229 1001 3589
1587912000369 1001 3590
1587912017445 1001 3591
1587912034478 1001 3592
1587912051501 1001 3593
1587912068641 1001 3594
1587912085649 1001 3595
1587912102693 1001 3596
1587912119761 1001 3597
1587912137005 1001 3598
1587912153973 1001 3599
1587912171734 1001 3600
1587912189005 1001 3601
1587912206125 1001 3602
1587912223417 1001 3603
1587912240555 1001 3604
1587912257723 1001 3605
1587912274973 1001 3606
1587912292129 1001 3607
1587912309233 1001 3608
1587912326281 1001 3609
1587912343698 1001 3610
1587912360678 1001 3611
1587912377853 1001 3612
1587912394953 1001 3613
1587912412042 1001 3614
1587912429257 1001 3615
1587912446377 1001 3616
1587912463500 1001 3617
1587912480757 1001 3618
1587912498029 1001 3619
1587912515297 1001 3620
1587912532749 1001 3621
1587912549693 1001 3622
1587912566545 1001 3623
1587912583383 1001 3624
1587912600220 1001 3625
1587912617147 1001 3626
1587912634012 1001 3627
1587912650877 1001 3628
1587912667765 1001 3629
1587912684788 1001 3630
1587912702166 1001 3631
1587912719203 1001 3632
1587912736137 1001 3633
1587912753036 1001 3634
1587912770045 1001 3635
1587912786957 1001 3636
1587912803818 1001 3637
1587912820697 1001 3638
1587912837569 1001 3639
1587912854580 1001 3640
1587912871432 1001 3641
1587912888745 1001 3642
1587912905680 1001 3643
1587912922577 1001 3644
1587912939479 1001 3645
1587912956327 1001 3646
1587912973289 1001 3647
1587912990104 1001 3648
1587913006985 1001 3649
1587913024105 1001 3650
1587913041073 1001 3651
1587913057909 1001 3652
1587913075217 1001 3653
1587913092081 1001 3654
1587913108969 1001 3655
1587913125797 1001 3656
1587913142724 1001 3657
1587913159577 1001 3658
1587913176437 1001 3659
1587913193510 1001 3660
1587913210454 1001 3661
1587913227380 1001 3662
1587913244617 1001 3663
1587913261543 1001 3664
1587913278492 1001 3665
1587913295497 1001 3666
1587913312372 1001 3667
1587913329257 1001 3668
1587913346075 1001 3669
1587913363198 1001 3670
1587913380082 1001 3671
1587913397015 1001 3672
1587913413897 1001 3673
1587913431189 1001 3674
1587913448173 1001 3675
1587913465320 1001 3676
1587913482414 1001 3677
1587913499393 1001 3678
1587913516346 1001 3679
1587913533385 1001 3680
1587913550313 1001 3681
1587913567337 1001 3682
1587913584366 1001 3683
1587913601576 1001 3684
1587913618886 1001 3685
1587913635916 1001 3686
1587913653033 1001 3687
1587913670196 1001 3688
1587913687539 1001 3689
1587913704688 1001 3690
1587913721738 1001 3691
1587913738669 1001 3692
1587913755616 1001 3693
1587913772555 1001 3694
1587913789962 1001 3695
1587913806898 1001 3696
1587913823818 1001 3697
1587913840790 1001 3698
1587913857768 1001 3699
1587913875004 1001 3700
1587913892398 1001 3701
1587913909420 1001 3702
1587913926588 1001 3703
1587913943664 1001 3704
1587913960843 1001 3705
1587913978145 1001 3706
1587913995237 1001 3707
1587914012203 1001 3708
1587914029189 1001 3709
1587914046404 1001 3710
1587914063445 1001 3711
1587914080451 1001 3712
1587914097432 1001 3713
1587914114453 1001 3714
1587914131437 1001 3715
1587914148801 1001 3716
1587914165758 1001 3717
1587914182736 1001 3718
1587914199665 1001 3719
1587914216765 1001 3720
1587914233872 1001 3721
1587914250874 1001 3722
1587914267855 1001 3723
1587914284752 1001 3724
1587914301689 1001 3725
1587914318609 1001 3726
1587914335865 1001 3727
1587914352901 1001 3728
1587914369773 1001 3729
1587914386801 1001 3730
1587914403714 1001 3731
1587914420672 1001 3732
1587914437637 1001 3733
1587914454607 1001 3734
1587914471733 1001 3735
1587914488721 1001 3736
1587914506022 1001 3737
1587914522983 1001 3738
1587914539995 1001 3739
1587914557089 1001 3740
1587914574101 1001 3741
1587914591293 1001 3742
1587914608409 1001 3743
1587914625645 1001 3744
1587914642703 1001 3745
1587914659846 1001 3746
1587914677045 1001 3747
1587914694654 1001 3748
1587914711869 1001 3749
1587914729128 1001 3750
1587914746109 1001 3751
1587914763176 1001 3752
1587914780385 1001 3753
1587914797419 1001 3754
1587914814477 1001 3755
1587914831600 1001 3756
1587914848654 1001 3757
1587914866417 1001 3758
1587914883547 1001 3759
1587914900751 1001 3760
1587914917985 1001 3761
1587914935029 1001 3762
1587914952142 1001 3763
1587914969165 1001 3764
1587914986397 1001 3765
1587915003395 1001 3766
1587915020460 1001 3767
1587915037425 1001 3768
1587915054777 1001 3769
1587915072011 1001 3770
1587915089085 1001 3771
1587915106094 1001 3772
1587915123212 1001 3773
1587915140353 1001 3774
1587915157453 1001 3775
1587915174601 1001 3776
1587915191942 1001 3777
1587915208963 1001 3778
1587915226441 1001 3779
1587915243560 1001 3780
1587915260465 1001 3781
1587915277478 1001 3782
1587915294437 1001 3783
1587915311493 1001 3784
1587915328608 1001 3785
1587915345681 1001 3786
1587915362726 1001 3787
1587915379773 1001 3788
1587915396720 1001 3789
1587915414316 1001 3790
1587915431327 1001 3791
1587915448351 1001 3792
1587915465314 1001 3793
1587915482293 1001 3794
1587915499317 1001 3795
1587915516319 1001 3796
1587915533322 1001 3797
1587915550370 1001 3798
1587915567440 1001 3799
1587915584962 1001 3800
1587915602285 1001 3801
1587915619357 1001 3802
1587915636248 1001 3803
1587915653153 1001 3804
1587915670235 1001 3805
1587915687196 1001 3806
1587915704168 1001 3807
1587915721113 1001 3808
1587915738341 1001 3809
1587915755393 1001 3810
1587915772813 1001 3811
1587915789713 1001 3812
1587915806725 1001 3813
1587915823687 1001 3814
1587915840677 1001 3815
1587915857693 1001 3816
1587915874777 1001 3817
1587915891841 1001 3818
1587915908812 1001 3819
1587915925945 1001 3820
1587915943493 1001 3821
1587915960427 1001 3822
1587915977553 1001 3823
1587915994577 1001 3824
1587916011641 1001 3825
1587916028781 1001 3826
1587916045808 1001 3827
1587916062941 1001 3828
1587916080021 1001 3829
1587916097304 1001 3830
1587916114393 1001 3831
1587916131805 1001 3832
1587916148825 1001 3833
1587916165893 1001 3834
1587916183158 1001 3835
1587916200216 1001 3836
1587916217425 1001 3837
1587916234537 1001 3838
1587916251686 1001 3839
1587916268938 1001 3840
1587916286136 1001 3841
1587916303625 1001 3842
1587916320785 1001 3843
1587916337920 1001 3844
1587916354909 1001 3845
1587916371868 1001 3846
1587916388834 1001 3847
1587916405714 1001 3848
1587916422586 1001 3849
1587916439612 1001 3850
1587916456571 1001 3851
1587916473574 1001 3852
1587916490849 1001 3853
1587916507753 1001 3854
1587916524672 1001 3855
1587916541589 1001 3856
1587916558481 1001 3857
1587916575473 1001 3858
1587916592357 1001 3859
1587916609418 1001 3860
1587916626374 1001 3861
1587916643309 1001 3862
1587916660280 1001 3863
1587916677538 1001 3864
1587916694473 1001 3865
1587916711361 1001 3866
1587916728247 1001 3867
1587916745192 1001 3868
1587916762088 1001 3869
1587916779150 1001 3870
1587916796043 1001 3871
1587916813053 1001 3872
1587916830054 1001 3873
1587916847333 1001 3874
1587916864287 1001 3875
1587916881296 1001 3876
1587916898229 1001 3877
1587916915129 1001 3878
1587916931975 1001 3879
1587916949049 1001 3880
1587916965940 1001 3881
1587916982837 1001 3882
1587916999695 1001 3883
1587917016553 1001 3884
1587917033785 1001 3885
1587917050713 1001 3886
1587917067730 1001 3887
1587917084691 1001 3888
1587917101617 1001 3889
1587917118674 1001 3890
1587917135533 1001 3891
1587917152417 1001 3892
1587917169325 1001 3893
1587917186216 1001 3894
1587917203417 1001 3895
1587917220270 1001 3896
1587917237261 1001 3897
1587917254257 1001 3898
1587917271249 1001 3899
1587917288603 1001 3900
1587917305841 1001 3901
1587917322906 1001 3902
1587917340034 1001 3903
1587917357177 1001 3904
1587917374287 1001 3905
1587917391872 1001 3906
1587917409039 1001 3907
1587917426223 1001 3908
1587917443537 1001 3909
1587917460866 1001 3910
1587917478066 1001 3911
1587917495186 1001 3912
1587917512334 1001 3913
1587917529675 1001 3914
1587917546893 1001 3915
1587917564485 1001 3916
1587917581655 1001 3917
1587917598797 1001 3918
1587917615905 1001 3919
1587917633145 1001 3920
1587917650317 1001 3921
1587917667420 1001 3922
1587917684601 1001 3923
1587917701693 1001 3924
1587917718827 1001 3925
1587917735929 1001 3926
1587917753657 1001 3927
1587917770783 1001 3928
1587917787905 1001 3929
1587917805099 1001 3930
1587917822205 1001 3931
1587917839329 1001 3932
1587917856397 1001 3933
1587917873505 1001 3934
1587917890614 1001 3935
1587917907681 1001 3936
1587917925261 1001 3937
1587917942341 1001 3938
1587917959469 1001 3939
1587917976724 1001 3940
1587917993806 1001 3941
1587918010993 1001 3942
1587918028084 1001 3943
1587918045233 1001 3944
1587918062333 1001 3945
1587918079437 1001 3946
1587918096543 1001 3947
1587918113998 1001 3948
1587918131129 1001 3949
1587918148340 1001 3950
1587918165477 1001 3951
1587918182607 1001 3952
1587918199713 1001 3953
1587918216751 1001 3954
1587918233844 1001 3955
1587918250959 1001 3956
1587918268183 1001 3957
1587918285749 1001 3958
1587918302917 1001 3959
1587918320134 1001 3960
1587918337198 1001 3961
1587918354333 1001 3962
1587918371509 1001 3963
1587918388573 1001 3964
1587918405669 1001 3965
1587918422832 1001 3966
1587918440075 1001 3967
1587918457227 1001 3968
1587918474889 1001 3969
1587918492245 1001 3970
1587918509353 1001 3971
1587918526481 1001 3972
1587918543608 1001 3973
1587918560733 1001 3974
1587918577797 1001 3975
1587918594905 1001 3976
1587918612032 1001 3977
1587918629159 1001 3978
1587918646589 1001 3979
1587918663864 1001 3980
1587918680933 1001 3981
1587918698053 1001 3982
1587918715213 1001 3983
1587918732430 1001 3984
1587918749641 1001 3985
1587918766841 1001 3986
1587918784117 1001 3987
1587918801237 1001 3988
1587918818412 1001 3989
1587918836231 1001 3990
1587918853352 1001 3991
1587918870441 1001 3992
1587918887545 1001 3993
1587918904702 1001 3994
1587918921813 1001 3995
1587918938973 1001 3996
1587918956113 1001 3997
1587918973257 1001 3998
1587918990394 1001 3999
1587919007965 1001 4000
1587919025633 1001 4001
1587919042718 1001 4002
1587919059877 1001 4003
1587919077089 1001 4004
1587919094235 1001 4005
1587919111389 1001 4006
1587919128645 1001 4007
1587919145768 1001 4008
1587919162885 1001 4009
1587919180175 1001 4010
1587919197735 1001 4011
1587919214875 1001 4012
1587919231981 1001 4013
1587919249165 1001 4014
1587919266339 1001 4015
1587919283493 1001 4016
1587919300589 1001 4017
1587919317737 1001 4018
1587919334967 1001 4019
1587919352392 1001 4020
1587919369921 1001 4021
1587919387025 1001 4022
1587919404145 1001 4023
1587919421229 1001 4024
1587919438313 1001 4025
1587919455457 1001 4026
1587919472528 1001 4027
1587919489641 1001 4028
1587919506801 1001 4029
1587919524048 1001 4030
1587919541346 1001 4031
1587919558688 1001 4032
1587919575817 1001 4033
1587919592933 1001 4034
1587919610090 1001 4035
1587919627455 1001 4036
1587919644616 1001 4037
1587919661761 1001 4038
1587919678905 1001 4039
1587919696196 1001 4040
1587919713317 1001 4041
1587919730777 1001 4042
1587919747913 1001 4043
1587919765050 1001 4044
1587919782149 1001 4045
1587919799305 1001 4046
1587919816444 1001 4047
1587919833559 1001 4048
1587919850617 1001 4049
1587919867906 1001 4050
1587919885121 1001 4051
1587919902755 1001 4052
1587919919952 1001 4053
1587919937078 1001 4054
1587919954190 1001 4055
1587919971265 1001 4056
1587919988431 1001 4057
1587920005508 1001 4058
1587920022657 1001 4059
1587920039933 1001 4060
1587920057123 1001 4061
1587920074273 1001 4062
1587920091853 1001 4063
1587920109041 1001 4064
1587920126153 1001 4065
1587920143332 1001 4066
1587920160469 1001 4067
1587920177773 1001 4068
