1589622901243 1001 1
1589622906665 1001 2
1589622912009 1001 3
1589622917411 1001 4
1589622922751 1001 5
1589622928066 1001 6
1589622933457 1001 7
1589622938888 1001 8
1589622944237 1001 9
1589622949590 1001 10
1589622954964 1001 11
1589622960274 1001 12
1589622965812 1001 13
1589622971300 1001 14
1589622976727 1001 15
1589622982189 1001 16
1589622987734 1001 17
1589622993351 1001 18
1589622998756 1001 19
1589623004072 1001 20
1589623009455 1001 21
1589623014887 1001 22
1589623020351 1001 23
1589623025898 1001 24
1589623031317 1001 25
1589623036656 1001 26
1589623042046 1001 27
1589623047406 1001 28
1589623052819 1001 29
1589623058156 1001 30
1589623063552 1001 31
1589623068948 1001 32
1589623074471 1001 33
1589623079955 1001 34
1589623085455 1001 35
1589623090818 1001 36
1589623096160 1001 37
1589623101546 1001 38
1589623106928 1001 39
1589623112375 1001 40
1589623117794 1001 41
1589623123214 1001 42
1589623128608 1001 43
1589623134124 1001 44
1589623139586 1001 45
1589623145050 1001 46
1589623150438 1001 47
1589623155774 1001 48
1589623161114 1001 49
1589623166559 1001 50
1589623172371 1001 51
1589623177744 1001 52
1589623183122 1001 53
1589623188556 1001 54
1589623194010 1001 55
1589623199523 1001 56
1589623205078 1001 57
1589623210471 1001 58
1589623215827 1001 59
1589623221241 1001 60
1589623226641 1001 61
1589623231972 1001 62
1589623237287 1001 63
1589623242674 1001 64
1589623248092 1001 65
1589623253468 1001 66
1589623258892 1001 67
1589623264491 1001 68
1589623269841 1001 69
1589623275195 1001 70
1589623280530 1001 71
1589623285891 1001 72
1589623291250 1001 73
1589623296584 1001 74
1589623301933 1001 75
1589623307276 1001 76
1589623312620 1001 77
1589623317944 1001 78
1589623323334 1001 79
1589623328759 1001 80
1589623334060 1001 81
1589623339383 1001 82
1589623344713 1001 83
1589623350708 1001 84
1589623356059 1001 85
1589623361466 1001 86
1589623366831 1001 87
1589623372219 1001 88
1589623377591 1001 89
1589623382985 1001 90
1589623388298 1001 91
1589623393683 1001 92
1589623399059 1001 93
1589623404511 1001 94
1589623409936 1001 95
1589623415380 1001 96
1589623420749 1001 97
1589623426160 1001 98
1589623431581 1001 99
1589623437038 1001 100
1589623442514 1001 101
1589623447979 1001 102
1589623453426 1001 103
1589623458908 1001 104
1589623464371 1001 105
1589623469805 1001 106
1589623475241 1001 107
1589623480724 1001 108
1589623486152 1001 109
1589623491600 1001 110
1589623496996 1001 111
1589623502516 1001 112
1589623507811 1001 113
1589623512943 1001 114
1589623518459 1001 115
1589623523773 1001 116
1589623529405 1001 117
1589623534603 1001 118
1589623539677 1001 119
1589623544788 1001 120
1589623549897 1001 121
1589623555160 1001 122
1589623560314 1001 123
1589623565471 1001 124
1589623570572 1001 125
1589623575653 1001 126
1589623580823 1001 127
1589623586012 1001 128
1589623591159 1001 129
1589623596453 1001 130
1589623601684 1001 131
1589623606831 1001 132
1589623612084 1001 133
1589623617205 1001 134
1589623622411 1001 135
1589623627609 1001 136
1589623632710 1001 137
1589623637874 1001 138
1589623642982 1001 139
1589623648120 1001 140
1589623653274 1001 141
1589623658558 1001 142
1589623663884 1001 143
1589623669028 1001 144
1589623674243 1001 145
1589623679652 1001 146
1589623684970 1001 147
1589623690214 1001 148
1589623695536 1001 149
1589623700856 1001 150
1589623706186 1001 151
1589623712064 1001 152
1589623717293 1001 153
1589623722599 1001 154
1589623727888 1001 155
1589623733192 1001 156
1589623738436 1001 157
1589623743840 1001 158
1589623749018 1001 159
1589623754241 1001 160
1589623759473 1001 161
1589623764738 1001 162
1589623770007 1001 163
1589623775195 1001 164
1589623780377 1001 165
1589623785598 1001 166
1589623790870 1001 167
1589623796182 1001 168
1589623801433 1001 169
1589623806802 1001 170
1589623812127 1001 171
1589623817525 1001 172
1589623823068 1001 173
1589623828550 1001 174
1589623833938 1001 175
1589623839267 1001 176
1589623844569 1001 177
1589623849958 1001 178
1589623855319 1001 179
1589623860744 1001 180
1589623866379 1001 181
1589623872013 1001 182
1589623877343 1001 183
1589623882757 1001 184
1589623888403 1001 185
1589623893880 1001 186
1589623899212 1001 187
1589623904622 1001 188
1589623909867 1001 189
1589623915134 1001 190
1589623920384 1001 191
1589623925701 1001 192
1589623930949 1001 193
1589623936228 1001 194
1589623941461 1001 195
1589623946836 1001 196
1589623952201 1001 197
1589623957587 1001 198
1589623963016 1001 199
1589623968485 1001 200
1589623973908 1001 201
1589623979308 1001 202
1589623984751 1001 203
1589623990160 1001 204
1589623995590 1001 205
1589624001068 1001 206
1589624006531 1001 207
1589624011911 1001 208
1589624017320 1001 209
1589624022779 1001 210
1589624028244 1001 211
1589624033757 1001 212
1589624039186 1001 213
1589624044743 1001 214
1589624050153 1001 215
1589624055642 1001 216
1589624061093 1001 217
1589624066605 1001 218
1589624072477 1001 219
1589624077812 1001 220
1589624083189 1001 221
1589624088582 1001 222
1589624093962 1001 223
1589624099358 1001 224
1589624104857 1001 225
1589624110213 1001 226
1589624115546 1001 227
1589624120915 1001 228
1589624126285 1001 229
1589624131694 1001 230
1589624137096 1001 231
1589624142503 1001 232
1589624147954 1001 233
1589624153415 1001 234
1589624158830 1001 235
1589624164313 1001 236
1589624169750 1001 237
1589624175149 1001 238
1589624180558 1001 239
1589624185961 1001 240
1589624191410 1001 241
1589624196901 1001 242
1589624202349 1001 243
1589624207768 1001 244
1589624213189 1001 245
1589624218559 1001 246
1589624224126 1001 247
1589624230000 1001 248
1589624236317 1001 249
1589624242600 1001 250
1589624249309 1001 251
1589624255376 1001 252
1589624261303 1001 253
1589624266904 1001 254
1589624272497 1001 255
1589624278120 1001 256
1589624283855 1001 257
1589624289510 1001 258
1589624295188 1001 259
1589624300858 1001 260
1589624306519 1001 261
1589624312229 1001 262
1589624317854 1001 263
1589624323677 1001 264
1589624329368 1001 265
1589624335175 1001 266
1589624340791 1001 267
1589624346475 1001 268
1589624352272 1001 269
1589624358059 1001 270
1589624363837 1001 271
1589624369553 1001 272
1589624375234 1001 273
1589624380887 1001 274
1589624386564 1001 275
1589624392215 1001 276
1589624397820 1001 277
1589624403453 1001 278
1589624408898 1001 279
1589624414306 1001 280
1589624419733 1001 281
1589624425181 1001 282
1589624431204 1001 283
1589624436663 1001 284
1589624442103 1001 285
1589624447596 1001 286
1589624453006 1001 287
1589624458448 1001 288
1589624463925 1001 289
1589624469373 1001 290
1589624474796 1001 291
1589624480278 1001 292
1589624485754 1001 293
1589624491304 1001 294
1589624496805 1001 295
1589624502292 1001 296
1589624507784 1001 297
1589624513216 1001 298
1589624518698 1001 299
1589624524206 1001 300
1589624529704 1001 301
1589624535130 1001 302
1589624540536 1001 303
1589624545960 1001 304
1589624551418 1001 305
1589624556826 1001 306
1589624562243 1001 307
1589624567677 1001 308
1589624573115 1001 309
1589624578532 1001 310
1589624583977 1001 311
1589624589408 1001 312
1589624594844 1001 313
1589624600254 1001 314
1589624605693 1001 315
1589624611675 1001 316
1589624617176 1001 317
1589624622710 1001 318
1589624628126 1001 319
1589624633616 1001 320
1589624639073 1001 321
1589624644579 1001 322
1589624650056 1001 323
1589624655509 1001 324
1589624660966 1001 325
1589624666446 1001 326
1589624671861 1001 327
1589624677328 1001 328
1589624682796 1001 329
1589624688245 1001 330
1589624693636 1001 331
1589624699070 1001 332
1589624704627 1001 333
1589624710187 1001 334
1589624715797 1001 335
1589624721278 1001 336
1589624726806 1001 337
1589624732274 1001 338
1589624737834 1001 339
1589624743380 1001 340
1589624748867 1001 341
1589624754301 1001 342
1589624759739 1001 343
1589624765352 1001 344
1589624771058 1001 345
1589624776505 1001 346
1589624781951 1001 347
1589624787642 1001 348
1589624793452 1001 349
1589624798837 1001 350
1589624804258 1001 351
1589624809760 1001 352
1589624815331 1001 353
1589624820815 1001 354
1589624826243 1001 355
1589624831601 1001 356
1589624837035 1001 357
1589624842538 1001 358
1589624848005 1001 359
1589624853185 1001 360
1589624858370 1001 361
1589624863936 1001 362
1589624869366 1001 363
1589624874756 1001 364
1589624880010 1001 365
1589624885223 1001 366
1589624890416 1001 367
1589624895586 1001 368
1589624900877 1001 369
1589624906104 1001 370
1589624911338 1001 371
1589624916635 1001 372
1589624921998 1001 373
1589624927408 1001 374
1589624932641 1001 375
1589624937884 1001 376
1589624943114 1001 377
1589624948318 1001 378
1589624953508 1001 379
1589624958807 1001 380
1589624964148 1001 381
1589624969997 1001 382
1589624975153 1001 383
1589624980345 1001 384
1589624985611 1001 385
1589624990742 1001 386
1589624995897 1001 387
1589625001099 1001 388
1589625006663 1001 389
1589625011908 1001 390
1589625017362 1001 391
1589625022687 1001 392
1589625027954 1001 393
1589625033156 1001 394
1589625038477 1001 395
1589625043772 1001 396
1589625049140 1001 397
1589625054400 1001 398
1589625059684 1001 399
1589625065036 1001 400
1589625070396 1001 401
1589625075748 1001 402
1589625081011 1001 403
1589625086297 1001 404
1589625091716 1001 405
1589625097016 1001 406
1589625102270 1001 407
1589625107607 1001 408
1589625112847 1001 409
1589625118169 1001 410
1589625123516 1001 411
1589625128860 1001 412
1589625134184 1001 413
1589625139546 1001 414
1589625144890 1001 415
1589625150690 1001 416
1589625155955 1001 417
1589625161390 1001 418
1589625166661 1001 419
1589625172318 1001 420
1589625177796 1001 421
1589625183233 1001 422
1589625188557 1001 423
1589625193886 1001 424
1589625199267 1001 425
1589625204676 1001 426
1589625209993 1001 427
1589625215339 1001 428
1589625220628 1001 429
1589625226093 1001 430
1589625231325 1001 431
1589625236558 1001 432
1589625241822 1001 433
1589625246999 1001 434
1589625252294 1001 435
1589625257561 1001 436
1589625262879 1001 437
1589625268106 1001 438
1589625273362 1001 439
1589625278679 1001 440
1589625283900 1001 441
1589625289156 1001 442
1589625294405 1001 443
1589625299645 1001 444
1589625305100 1001 445
1589625310560 1001 446
1589625316048 1001 447
1589625321530 1001 448
1589625327127 1001 449
1589625332956 1001 450
1589625338427 1001 451
1589625343911 1001 452
1589625349381 1001 453
1589625354881 1001 454
1589625360383 1001 455
1589625365943 1001 456
1589625371409 1001 457
1589625376898 1001 458
1589625382365 1001 459
1589625387810 1001 460
1589625393282 1001 461
1589625398711 1001 462
1589625404206 1001 463
1589625409662 1001 464
1589625415126 1001 465
1589625420576 1001 466
1589625426176 1001 467
1589625431678 1001 468
1589625437138 1001 469
1589625442640 1001 470
1589625448021 1001 471
1589625453438 1001 472
1589625458902 1001 473
1589625464369 1001 474
1589625469823 1001 475
1589625475257 1001 476
1589625480654 1001 477
1589625486106 1001 478
1589625491512 1001 479
1589625496930 1001 480
1589625502338 1001 481
1589625507997 1001 482
1589625513652 1001 483
1589625519090 1001 484
1589625524521 1001 485
1589625529898 1001 486
1589625535290 1001 487
1589625540724 1001 488
1589625546277 1001 489
1589625551655 1001 490
1589625556998 1001 491
1589625562396 1001 492
1589625567803 1001 493
1589625573230 1001 494
1589625578614 1001 495
1589625584039 1001 496
1589625589440 1001 497
1589625594840 1001 498
1589625600287 1001 499
1589625605767 1001 500
1589625611205 1001 501
1589625616565 1001 502
1589625621968 1001 503
1589625627388 1001 504
1589625632800 1001 505
1589625638188 1001 506
1589625643571 1001 507
1589625648965 1001 508
1589625654365 1001 509
1589625659796 1001 510
1589625665353 1001 511
1589625670888 1001 512
1589625676350 1001 513
1589625681751 1001 514
1589625687320 1001 515
1589625693130 1001 516
1589625698564 1001 517
1589625704003 1001 518
1589625709428 1001 519
1589625714910 1001 520
1589625720303 1001 521
1589625725769 1001 522
1589625731220 1001 523
1589625736679 1001 524
1589625742138 1001 525
1589625747544 1001 526
1589625752973 1001 527
1589625758381 1001 528
1589625763791 1001 529
1589625769184 1001 530
1589625774567 1001 531
1589625779999 1001 532
1589625785455 1001 533
1589625790862 1001 534
1589625796248 1001 535
1589625801642 1001 536
1589625807061 1001 537
1589625812476 1001 538
1589625817882 1001 539
1589625823326 1001 540
1589625828748 1001 541
1589625834200 1001 542
1589625839589 1001 543
1589625845063 1001 544
1589625850497 1001 545
1589625855913 1001 546
1589625861340 1001 547
1589625866868 1001 548
1589625872792 1001 549
1589625878238 1001 550
1589625883636 1001 551
1589625889044 1001 552
1589625894456 1001 553
1589625899895 1001 554
1589625905421 1001 555
1589625910883 1001 556
1589625916298 1001 557
1589625921731 1001 558
1589625927182 1001 559
1589625932624 1001 560
1589625938016 1001 561
1589625943440 1001 562
1589625948885 1001 563
1589625954322 1001 564
1589625959792 1001 565
1589625965320 1001 566
1589625970744 1001 567
1589625976181 1001 568
1589625981601 1001 569
1589625987017 1001 570
1589625992415 1001 571
1589625997886 1001 572
1589626003299 1001 573
1589626008720 1001 574
1589626014126 1001 575
1589626019523 1001 576
1589626025016 1001 577
1589626030433 1001 578
1589626035879 1001 579
1589626041359 1001 580
1589626046924 1001 581
1589626052724 1001 582
1589626058187 1001 583
1589626063627 1001 584
1589626069027 1001 585
1589626074501 1001 586
1589626079901 1001 587
1589626085397 1001 588
1589626090758 1001 589
1589626096133 1001 590
1589626101607 1001 591
1589626107117 1001 592
1589626112524 1001 593
1589626117899 1001 594
1589626123306 1001 595
1589626128801 1001 596
1589626134277 1001 597
1589626139731 1001 598
1589626145169 1001 599
1589626150565 1001 600
1589626156059 1001 601
1589626161487 1001 602
1589626167040 1001 603
1589626172498 1001 604
1589626177968 1001 605
1589626183372 1001 606
1589626188889 1001 607
1589626194367 1001 608
1589626199860 1001 609
1589626205312 1001 610
1589626210765 1001 611
1589626215872 1001 612
1589626221280 1001 613
1589626226817 1001 614
1589626232446 1001 615
1589626237540 1001 616
1589626242711 1001 617
1589626247851 1001 618
1589626253002 1001 619
1589626258175 1001 620
1589626263357 1001 621
1589626268501 1001 622
1589626273670 1001 623
1589626278825 1001 624
1589626283999 1001 625
1589626289208 1001 626
1589626294393 1001 627
1589626299549 1001 628
1589626304758 1001 629
1589626309955 1001 630
1589626315104 1001 631
1589626320227 1001 632
1589626325349 1001 633
1589626330533 1001 634
1589626335641 1001 635
1589626340784 1001 636
1589626346159 1001 637
1589626351391 1001 638
1589626356595 1001 639
1589626362011 1001 640
1589626367326 1001 641
1589626372604 1001 642
1589626377917 1001 643
1589626383228 1001 644
1589626388507 1001 645
1589626393824 1001 646
1589626399115 1001 647
1589626404466 1001 648
1589626410312 1001 649
1589626415519 1001 650
1589626420879 1001 651
1589626426304 1001 652
1589626431618 1001 653
1589626436891 1001 654
1589626442157 1001 655
1589626447479 1001 656
1589626452725 1001 657
1589626457970 1001 658
1589626463154 1001 659
1589626468405 1001 660
1589626473641 1001 661
1589626478944 1001 662
1589626484258 1001 663
1589626489479 1001 664
1589626494961 1001 665
1589626500396 1001 666
1589626505871 1001 667
1589626511220 1001 668
1589626516542 1001 669
1589626521859 1001 670
1589626527228 1001 671
1589626532584 1001 672
1589626537997 1001 673
1589626543398 1001 674
1589626548751 1001 675
1589626553993 1001 676
1589626559243 1001 677
1589626564631 1001 678
1589626570049 1001 679
1589626575395 1001 680
1589626580620 1001 681
1589626585845 1001 682
1589626591751 1001 683
1589626597046 1001 684
1589626602360 1001 685
1589626607660 1001 686
1589626612863 1001 687
1589626618125 1001 688
1589626623599 1001 689
1589626629026 1001 690
1589626634415 1001 691
1589626639891 1001 692
1589626645359 1001 693
1589626650766 1001 694
1589626656231 1001 695
1589626661660 1001 696
1589626667146 1001 697
1589626672617 1001 698
1589626678031 1001 699
1589626683564 1001 700
1589626689071 1001 701
1589626694534 1001 702
1589626699924 1001 703
1589626705312 1001 704
1589626710801 1001 705
1589626716222 1001 706
1589626721622 1001 707
1589626727081 1001 708
1589626732574 1001 709
1589626737962 1001 710
1589626743380 1001 711
1589626748790 1001 712
1589626754211 1001 713
1589626759633 1001 714
1589626765057 1001 715
1589626771003 1001 716
1589626776493 1001 717
1589626781970 1001 718
1589626787428 1001 719
1589626792836 1001 720
1589626798173 1001 721
1589626803665 1001 722
1589626809145 1001 723
1589626814591 1001 724
1589626820030 1001 725
1589626825416 1001 726
1589626830791 1001 727
1589626836202 1001 728
1589626841620 1001 729
1589626847020 1001 730
1589626852443 1001 731
1589626857814 1001 732
1589626863283 1001 733
1589626868716 1001 734
1589626874151 1001 735
1589626879547 1001 736
1589626884920 1001 737
1589626890335 1001 738
1589626895759 1001 739
1589626901205 1001 740
1589626906592 1001 741
1589626911992 1001 742
1589626917394 1001 743
1589626922886 1001 744
1589626928311 1001 745
1589626933672 1001 746
1589626939053 1001 747
1589626944472 1001 748
1589626950606 1001 749
1589626956019 1001 750
1589626961433 1001 751
1589626966812 1001 752
1589626972236 1001 753
1589626977672 1001 754
1589626983153 1001 755
1589626988588 1001 756
1589626993976 1001 757
1589626999394 1001 758
1589627004843 1001 759
1589627010279 1001 760
1589627015731 1001 761
1589627021117 1001 762
1589627026480 1001 763
1589627031872 1001 764
1589627037327 1001 765
1589627042817 1001 766
1589627048218 1001 767
1589627053625 1001 768
1589627059010 1001 769
1589627064372 1001 770
1589627069796 1001 771
1589627075242 1001 772
1589627080654 1001 773
1589627086017 1001 774
1589627091377 1001 775
1589627096785 1001 776
1589627102277 1001 777
1589627107765 1001 778
1589627113251 1001 779
1589627118710 1001 780
1589627124089 1001 781
1589627130023 1001 782
1589627135448 1001 783
1589627140855 1001 784
1589627146277 1001 785
1589627151710 1001 786
1589627157120 1001 787
1589627162557 1001 788
1589627167951 1001 789
1589627173368 1001 790
1589627178820 1001 791
1589627184299 1001 792
1589627189781 1001 793
1589627195201 1001 794
1589627200616 1001 795
1589627205984 1001 796
1589627211432 1001 797
1589627216843 1001 798
1589627222283 1001 799
1589627227720 1001 800
1589627233201 1001 801
1589627238571 1001 802
1589627243952 1001 803
1589627249362 1001 804
1589627254786 1001 805
1589627260214 1001 806
1589627265597 1001 807
1589627270990 1001 808
1589627276362 1001 809
1589627281816 1001 810
1589627287257 1001 811
1589627292660 1001 812
1589627298101 1001 813
1589627303545 1001 814
1589627309480 1001 815
1589627314878 1001 816
1589627320347 1001 817
1589627325768 1001 818
1589627331217 1001 819
1589627336629 1001 820
1589627342070 1001 821
1589627347489 1001 822
1589627352944 1001 823
1589627358446 1001 824
1589627363864 1001 825
1589627369254 1001 826
1589627374653 1001 827
1589627380086 1001 828
1589627385498 1001 829
1589627390934 1001 830
1589627396300 1001 831
1589627401708 1001 832
1589627407209 1001 833
1589627412687 1001 834
1589627418133 1001 835
1589627423586 1001 836
1589627429056 1001 837
1589627434502 1001 838
1589627439971 1001 839
