1589622901243 0.17999999597668648 1
1589622906665 0.3999999910593033 2
1589622912009 0.20999999530613422 3
1589622917411 0.3199999928474426 4
1589622922751 0.6999999843537807 5
1589622928066 0.9999999776482582 6
1589622933457 0.1099999975413084 7
1589622938888 0.13999999687075615 8
1589622944237 0.2699999939650297 9
1589622949590 0.0 10
1589622954964 0.1599999964237213 11
1589622960274 0.41999999061226845 12
1589622965812 0.17999999597668648 13
1589622971300 0.8499999810010195 14
1589622976727 0.2799999937415123 15
1589622982189 0.08999999798834324 16
1589622987734 0.6199999861419201 17
1589622993351 0.25999999418854713 18
1589622998756 0.5399999879300594 19
1589623004072 0.5899999868124723 20
1589623009455 0.5599999874830246 21
1589623014887 1.769999960437417 22
1589623020351 1.1999999731779099 23
1589623025898 0.2699999939650297 24
1589623031317 0.7699999827891588 25
1589623036656 1.2799999713897705 26
1589623042046 1.1399999745190144 27
1589623047406 0.6399999856948853 28
1589623052819 1.2799999713897705 29
1589623058156 0.5399999879300594 30
1589623063552 0.8199999816715717 31
1589623068948 1.0499999765306711 32
1589623074471 0.979999978095293 33
1589623079955 1.6099999640136957 34
1589623085455 1.4199999682605267 35
1589623090818 1.4299999680370092 36
1589623096160 0.7699999827891588 37
1589623101546 0.7799999825656414 38
1589623106928 0.979999978095293 39
1589623112375 0.9899999778717756 40
1589623117794 0.8699999805539846 41
1589623123214 0.6999999843537807 42
1589623128608 0.19999999552965164 43
1589623134124 0.17999999597668648 44
1589623139586 0.0 45
1589623145050 0.6599999852478504 46
1589623150438 0.4899999890476465 47
1589623155774 0.7299999836832285 48
1589623161114 0.0 49
1589623166559 0.1099999975413084 50
1589623172371 1.7399999611079693 51
1589623177744 0.7299999836832285 52
1589623183122 0.5099999886006117 53
1589623188556 1.4699999671429396 54
1589623194010 0.3799999915063381 55
1589623199523 0.669999985024333 56
1589623205078 0.5699999872595072 57
1589623210471 0.8399999812245369 58
1589623215827 0.5699999872595072 59
1589623221241 0.09999999776482582 60
1589623226641 0.42999999038875103 61
1589623231972 0.0 62
1589623237287 1.2299999725073576 63
1589623242674 0.8799999803304672 64
1589623248092 0.2299999948590994 65
1589623253468 1.939999956637621 66
1589623258892 1.0899999756366014 67
1589623264491 2.8599999360740185 68
1589623269841 1.5699999649077654 69
1589623275195 1.3799999691545963 70
1589623280530 1.3799999691545963 71
1589623285891 1.1899999734014273 72
1589623291250 2.7899999376386404 73
1589623296584 1.9299999568611383 74
1589623301933 1.3299999702721834 75
1589623307276 2.059999953955412 76
1589623312620 1.9199999570846558 77
1589623317944 1.9799999557435513 78
1589623323334 1.0499999765306711 79
1589623328759 2.969999933615327 80
1589623334060 2.489999944344163 81
1589623339383 2.1699999514967203 82
1589623344713 2.5199999436736107 83
1589623350708 2.2099999506026506 84
1589623356059 3.4799999222159386 85
1589623361466 1.9799999557435513 86
1589623366831 2.3999999463558197 87
1589623372219 2.2199999503791332 88
1589623377591 2.579999942332506 89
1589623382985 1.9899999555200338 90
1589623388298 2.6499999407678843 91
1589623393683 2.939999934285879 92
1589623399059 3.3899999242275953 93
1589623404511 0.6499999854713678 94
1589623409936 2.1899999510496855 95
1589623415380 2.5999999418854713 96
1589623420749 2.7199999392032623 97
1589623426160 2.2599999494850636 98
1589623431581 2.229999950155616 99
1589623437038 1.649999963119626 100
1589623442514 2.9099999349564314 101
1589623447979 4.649999896064401 102
1589623453426 1.939999956637621 103
1589623458908 2.7399999387562275 104
1589623464371 2.5999999418854713 105
1589623469805 1.9499999564141035 106
1589623475241 3.829999914392829 107
1589623480724 2.659999940544367 108
1589623486152 0.2899999935179949 109
1589623491600 3.1899999286979437 110
1589623496996 2.4299999456852674 111
1589623502516 3.9399999119341373 112
1589623507811 2.1199999526143074 113
1589623512943 2.899999935179949 114
1589623518459 3.039999932050705 115
1589623523773 3.469999922439456 116
1589623529405 3.8199999146163464 117
1589623534603 3.3599999248981476 118
1589623539677 1.7099999617785215 119
1589623544788 3.279999926686287 120
1589623549897 2.9999999329447746 121
1589623555160 3.589999919757247 122
1589623560314 1.5199999660253525 123
1589623565471 2.969999933615327 124
1589623570572 4.179999906569719 125
1589623575653 5.009999888017774 126
1589623580823 3.279999926686287 127
1589623586012 2.7099999394267797 128
1589623591159 2.609999941661954 129
1589623596453 2.349999947473407 130
1589623601684 3.159999929368496 131
1589623606831 2.6499999407678843 132
1589623612084 2.7599999383091927 133
1589623617205 2.7099999394267797 134
1589623622411 0.4899999890476465 135
1589623627609 3.7899999152868986 136
1589623632710 2.009999955072999 137
1589623637874 1.8599999584257603 138
1589623642982 4.189999906346202 139
1589623648120 1.8599999584257603 140
1589623653274 4.169999906793237 141
1589623658558 3.6299999188631773 142
1589623663884 1.389999968931079 143
1589623669028 2.6699999403208494 144
1589623674243 2.109999952837825 145
1589623679652 2.579999942332506 146
1589623684970 3.6299999188631773 147
1589623690214 2.489999944344163 148
1589623695536 2.5499999430030584 149
1589623700856 3.039999932050705 150
1589623706186 2.969999933615327 151
1589623712064 2.5999999418854713 152
1589623717293 3.1899999286979437 153
1589623722599 4.149999907240272 154
1589623727888 4.289999904111028 155
1589623733192 3.6699999179691076 156
1589623738436 6.409999856725335 157
1589623743840 6.939999844878912 158
1589623749018 3.8899999130517244 159
1589623754241 5.379999879747629 160
1589623759473 2.9099999349564314 161
1589623764738 2.8899999354034662 162
1589623770007 4.679999895393848 163
1589623775195 3.1999999284744263 164
1589623780377 3.1399999298155308 165
1589623785598 5.139999885112047 166
1589623790870 3.0499999318271875 167
1589623796182 0.14999999664723873 168
1589623801433 4.179999906569719 169
1589623806802 3.1699999291449785 170
1589623812127 6.829999847337604 171
1589623817525 2.6699999403208494 172
1589623823068 3.279999926686287 173
1589623828550 3.489999921992421 174
1589623833938 3.8199999146163464 175
1589623839267 4.29999990388751 176
1589623844569 4.189999906346202 177
1589623849958 5.979999866336584 178
1589623855319 5.45999987795949 179
1589623860744 5.199999883770943 180
1589623866379 4.789999892935157 181
1589623872013 2.6399999409914017 182
1589623877343 5.559999875724316 183
1589623882757 5.629999874159694 184
1589623888403 4.679999895393848 185
1589623893880 6.409999856725335 186
1589623899212 7.769999826326966 187
1589623904622 6.229999860748649 188
1589623909867 4.8799998909235 189
1589623915134 4.059999909251928 190
1589623920384 4.209999905899167 191
1589623925701 4.039999909698963 192
1589623930949 3.299999926239252 193
1589623936228 4.679999895393848 194
1589623941461 5.939999867230654 195
1589623946836 7.779999826103449 196
1589623952201 3.6999999172985554 197
1589623957587 4.60999989695847 198
1589623963016 3.9799999110400677 199
1589623968485 4.209999905899167 200
1589623973908 3.209999928250909 201
1589623979308 6.819999847561121 202
1589623984751 6.959999844431877 203
1589623990160 5.339999880641699 204
1589623995590 4.809999892488122 205
1589624001068 8.429999811574817 206
1589624006531 7.149999840185046 207
1589624011911 6.4299998562783 208
1589624017320 5.8499998692423105 209
1589624022779 4.8799998909235 210
1589624028244 3.5299999210983515 211
1589624033757 3.159999929368496 212
1589624039186 5.959999866783619 213
1589624044743 5.679999873042107 214
1589624050153 5.409999879077077 215
1589624055642 4.239999905228615 216
1589624061093 5.439999878406525 217
1589624066605 6.539999853819609 218
1589624072477 12.019999731332064 219
1589624077812 5.22999988310039 220
1589624083189 5.349999880418181 221
1589624088582 12.169999727979302 222
1589624093962 6.669999850913882 223
1589624099358 7.229999838396907 224
1589624104857 6.34999985806644 225
1589624110213 7.169999839738011 226
1589624115546 7.219999838620424 227
1589624120915 5.689999872818589 228
1589624126285 14.359999679028988 229
1589624131694 4.29999990388751 230
1589624137096 7.089999841526151 231
1589624142503 4.3899999018758535 232
1589624147954 7.569999830797315 233
1589624153415 6.829999847337604 234
1589624158830 3.999999910593033 235
1589624164313 5.279999881982803 236
1589624169750 3.5599999204277992 237
1589624175149 6.819999847561121 238
1589624180558 5.369999879971147 239
1589624185961 5.629999874159694 240
1589624191410 3.519999921321869 241
1589624196901 7.039999842643738 242
1589624202349 7.1899998392909765 243
1589624207768 5.069999886676669 244
1589624213189 8.339999813586473 245
1589624218559 5.119999885559082 246
1589624224126 3.2699999269098043 247
1589624230000 7.909999823197722 248
1589624236317 6.069999864324927 249
1589624242600 3.94999991171062 250
1589624249309 4.899999890476465 251
1589624255376 3.729999916628003 252
1589624261303 5.489999877288938 253
1589624266904 5.629999874159694 254
1589624272497 2.109999952837825 255
1589624278120 4.819999892264605 256
1589624283855 6.989999843761325 257
1589624289510 3.179999928921461 258
1589624295188 3.539999920874834 259
1589624300858 4.229999905452132 260
1589624306519 6.779999848455191 261
1589624312229 3.489999921992421 262
1589624317854 5.519999876618385 263
1589624323677 8.979999799281359 264
1589624329368 5.439999878406525 265
1589624335175 8.979999799281359 266
1589624340791 6.009999865666032 267
1589624346475 6.669999850913882 268
1589624352272 5.509999876841903 269
1589624358059 8.569999808445573 270
1589624363837 6.379999857395887 271
1589624369553 8.639999806880951 272
1589624375234 6.239999860525131 273
1589624380887 5.14999988488853 274
1589624386564 6.379999857395887 275
1589624392215 4.8799998909235 276
1589624397820 7.409999834373593 277
1589624403453 8.049999820068479 278
1589624408898 7.519999831914902 279
1589624414306 7.839999824762344 280
1589624419733 4.659999895840883 281
1589624425181 8.669999806210399 282
1589624431204 6.369999857619405 283
1589624436663 8.279999814927578 284
1589624442103 7.269999837502837 285
1589624447596 6.589999852702022 286
1589624453006 6.289999859407544 287
1589624458448 5.439999878406525 288
1589624463925 8.359999813139439 289
1589624469373 4.809999892488122 290
1589624474796 7.289999837055802 291
1589624480278 6.529999854043126 292
1589624485754 5.069999886676669 293
1589624491304 3.419999923557043 294
1589624496805 7.059999842196703 295
1589624502292 5.909999867901206 296
1589624507784 6.9999998435378075 297
1589624513216 6.419999856501818 298
1589624518698 3.7899999152868986 299
1589624524206 10.45999976620078 300
1589624529704 6.749999849125743 301
1589624535130 5.889999868348241 302
1589624540536 3.209999928250909 303
1589624545960 6.69999985024333 304
1589624551418 4.549999898299575 305
1589624556826 6.379999857395887 306
1589624562243 9.199999794363976 307
1589624567677 7.989999821409583 308
1589624573115 8.619999807327986 309
1589624578532 8.82999980263412 310
1589624583977 8.589999807998538 311
1589624589408 5.18999988399446 312
1589624594844 7.0699998419731855 313
1589624600254 7.7399998269975185 314
1589624605693 5.999999865889549 315
1589624611675 3.109999930486083 316
1589624617176 3.3199999257922173 317
1589624622710 5.829999869689345 318
1589624628126 5.239999882876873 319
1589624633616 7.519999831914902 320
1589624639073 5.209999883547425 321
1589624644579 2.2799999490380287 322
1589624650056 6.4499998558312654 323
1589624655509 7.929999822750688 324
1589624660966 6.779999848455191 325
1589624666446 6.96999984420836 326
1589624671861 9.519999787211418 327
1589624677328 26.619999404996634 328
1589624682796 7.7899998258799314 329
1589624688245 7.389999834820628 330
1589624693636 9.939999777823687 331
1589624699070 7.779999826103449 332
1589624704627 14.90999966673553 333
1589624710187 7.159999839961529 334
1589624715797 9.5299997869879 335
1589624721278 5.899999868124723 336
1589624726806 10.939999755471945 337
1589624732274 7.58999983035028 338
1589624737834 8.2099998164922 339
1589624743380 5.159999884665012 340
1589624748867 10.089999774470925 341
1589624754301 6.729999849572778 342
1589624759739 12.789999714121222 343
1589624765352 7.709999827668071 344
1589624771058 3.36999992467463 345
1589624776505 5.859999869018793 346
1589624781951 8.459999810904264 347
1589624787642 11.019999753683805 348
1589624793452 5.919999867677689 349
1589624798837 7.919999822974205 350
1589624804258 9.349999791011214 351
1589624809760 7.5499998312443495 352
1589624815331 8.51999980956316 353
1589624820815 3.299999926239252 354
1589624826243 5.999999865889549 355
1589624831601 4.719999894499779 356
1589624837035 5.2999998815357685 357
1589624842538 11.839999735355377 358
1589624848005 6.809999847784638 359
1589624853185 5.699999872595072 360
1589624858370 7.969999821856618 361
1589624863936 5.559999875724316 362
1589624869366 2.8599999360740185 363
1589624874756 5.439999878406525 364
1589624880010 8.609999807551503 365
1589624885223 7.099999841302633 366
1589624890416 11.379999745637178 367
1589624895586 8.379999812692404 368
1589624900877 7.62999982945621 369
1589624906104 7.059999842196703 370
1589624911338 5.999999865889549 371
1589624916635 6.379999857395887 372
1589624921998 5.6599998734891415 373
1589624927408 8.979999799281359 374
1589624932641 6.019999865442514 375
1589624937884 7.89999982342124 376
1589624943114 7.419999834150076 377
1589624948318 7.609999829903245 378
1589624953508 6.609999852254987 379
1589624958807 8.259999815374613 380
1589624964148 0.4499999899417162 381
1589624969997 8.949999799951911 382
1589624975153 10.489999765530229 383
1589624980345 10.469999765977263 384
1589624985611 3.659999918192625 385
1589624990742 7.709999827668071 386
1589624995897 5.319999881088734 387
1589625001099 8.029999820515513 388
1589625006663 5.5399998761713505 389
1589625011908 4.249999905005097 390
1589625017362 9.669999783858657 391
1589625022687 7.409999834373593 392
1589625027954 5.899999868124723 393
1589625033156 7.389999834820628 394
1589625038477 6.599999852478504 395
1589625043772 8.149999817833304 396
1589625049140 8.90999980084598 397
1589625054400 6.909999845549464 398
1589625059684 8.24999981559813 399
1589625065036 6.789999848231673 400
1589625070396 8.229999816045165 401
1589625075748 7.369999835267663 402
1589625081011 4.559999898076057 403
1589625086297 4.7499998938292265 404
1589625091716 5.749999871477485 405
1589625097016 4.229999905452132 406
1589625102270 7.7899998258799314 407
1589625107607 5.439999878406525 408
1589625112847 7.519999831914902 409
1589625118169 4.309999903663993 410
1589625123516 6.789999848231673 411
1589625128860 2.5199999436736107 412
1589625134184 8.999999798834324 413
1589625139546 7.469999833032489 414
1589625144890 9.479999788105488 415
1589625150690 4.799999892711639 416
1589625155955 6.96999984420836 417
1589625161390 6.459999855607748 418
1589625166661 7.8599998243153095 419
1589625172318 6.919999845325947 420
1589625177796 3.1699999291449785 421
1589625183233 11.649999739602208 422
1589625188557 3.7399999164044857 423
1589625193886 10.789999758824706 424
1589625199267 5.679999873042107 425
1589625204676 7.5499998312443495 426
1589625209993 7.599999830126762 427
1589625215339 8.269999815151095 428
1589625220628 5.579999875277281 429
1589625226093 6.049999864771962 430
1589625231325 7.029999842867255 431
1589625236558 9.829999780282378 432
1589625241822 6.019999865442514 433
1589625246999 8.039999820291996 434
1589625252294 5.929999867454171 435
1589625257561 7.499999832361937 436
1589625262879 8.139999818056822 437
1589625268106 9.029999798163772 438
1589625273362 9.709999782964587 439
1589625278679 5.269999882206321 440
1589625283900 8.339999813586473 441
1589625289156 7.289999837055802 442
1589625294405 7.159999839961529 443
1589625299645 7.849999824538827 444
1589625305100 7.249999837949872 445
1589625310560 7.329999836161733 446
1589625316048 8.339999813586473 447
1589625321530 6.439999856054783 448
1589625327127 9.149999795481563 449
1589625332956 6.479999855160713 450
1589625338427 8.629999807104468 451
1589625343911 15.929999643936753 452
1589625349381 7.289999837055802 453
1589625354881 10.949999755248427 454
1589625360383 9.289999792352319 455
1589625365943 9.71999978274107 456
1589625371409 8.709999805316329 457
1589625376898 7.639999829232693 458
1589625382365 7.089999841526151 459
1589625387810 6.169999862089753 460
1589625393282 7.749999826774001 461
1589625398711 7.819999825209379 462
1589625404206 5.649999873712659 463
1589625409662 5.859999869018793 464
1589625415126 5.979999866336584 465
1589625420576 7.709999827668071 466
1589625426176 13.069999707862735 467
1589625431678 7.439999833703041 468
1589625437138 5.18999988399446 469
1589625442640 6.059999864548445 470
1589625448021 9.849999779835343 471
1589625453438 8.399999812245369 472
1589625458902 7.289999837055802 473
1589625464369 7.0699998419731855 474
1589625469823 3.7699999157339334 475
1589625475257 5.1799998842179775 476
1589625480654 8.009999820962548 477
1589625486106 6.11999986320734 478
1589625491512 7.199999839067459 479
1589625496930 9.019999798387289 480
1589625502338 8.319999814033508 481
1589625507997 11.3099997472018 482
1589625513652 7.149999840185046 483
1589625519090 8.859999801963568 484
1589625524521 7.989999821409583 485
1589625529898 6.73999984934926 486
1589625535290 6.829999847337604 487
1589625540724 8.16999981738627 488
1589625546277 6.5199998542666435 489
1589625551655 6.419999856501818 490
1589625556998 8.74999980442226 491
1589625562396 7.949999822303653 492
1589625567803 7.199999839067459 493
1589625573230 10.349999768659472 494
1589625578614 5.909999867901206 495
1589625584039 6.469999855384231 496
1589625589440 9.019999798387289 497
1589625594840 8.619999807327986 498
1589625600287 8.579999808222055 499
1589625605767 7.849999824538827 500
1589625611205 7.419999834150076 501
1589625616565 9.349999791011214 502
1589625621968 9.009999798610806 503
1589625627388 6.989999843761325 504
1589625632800 10.25999977067113 505
1589625638188 5.719999872148037 506
1589625643571 8.2099998164922 507
1589625648965 4.60999989695847 508
1589625654365 6.7599998489022255 509
1589625659796 7.569999830797315 510
1589625665353 5.0599998869001865 511
1589625670888 4.7499998938292265 512
1589625676350 9.279999792575836 513
1589625681751 7.249999837949872 514
1589625687320 1.0699999760836363 515
1589625693130 7.219999838620424 516
1589625698564 7.379999835044146 517
1589625704003 6.96999984420836 518
1589625709428 5.209999883547425 519
1589625714910 9.149999795481563 520
1589625720303 7.889999823644757 521
1589625725769 7.289999837055802 522
1589625731220 6.609999852254987 523
1589625736679 9.9899997767061 524
1589625742138 8.629999807104468 525
1589625747544 7.499999832361937 526
1589625752973 7.989999821409583 527
1589625758381 2.6199999414384365 528
1589625763791 3.63999991863966 529
1589625769184 8.369999812915921 530
1589625774567 13.74999969266355 531
1589625779999 8.659999806433916 532
1589625785455 4.469999900087714 533
1589625790862 10.859999757260084 534
1589625796248 5.939999867230654 535
1589625801642 7.00999984331429 536
1589625807061 5.099999886006117 537
1589625812476 5.309999881312251 538
1589625817882 6.2099998611956835 539
1589625823326 6.149999862536788 540
1589625828748 8.239999815821648 541
1589625834200 8.009999820962548 542
1589625839589 5.999999865889549 543
1589625845063 5.049999887123704 544
1589625850497 6.409999856725335 545
1589625855913 5.199999883770943 546
1589625861340 5.039999887347221 547
1589625866868 6.669999850913882 548
1589625872792 5.6099998746067286 549
1589625878238 7.349999835714698 550
1589625883636 4.249999905005097 551
1589625889044 5.689999872818589 552
1589625894456 7.089999841526151 553
1589625899895 2.8099999371916056 554
1589625905421 4.91999989002943 555
1589625910883 6.989999843761325 556
1589625916298 5.549999875947833 557
1589625921731 6.11999986320734 558
1589625927182 8.499999810010195 559
1589625932624 5.49999987706542 560
1589625938016 7.199999839067459 561
1589625943440 4.849999891594052 562
1589625948885 4.83999989181757 563
1589625954322 4.909999890252948 564
1589625959792 6.219999860972166 565
1589625965320 5.619999874383211 566
1589625970744 4.3199999034404755 567
1589625976181 7.299999836832285 568
1589625981601 5.6599998734891415 569
1589625987017 6.289999859407544 570
1589625992415 5.8499998692423105 571
1589625997886 8.009999820962548 572
1589626003299 7.349999835714698 573
1589626008720 5.129999885335565 574
1589626014126 5.119999885559082 575
1589626019523 9.509999787434936 576
1589626025016 5.159999884665012 577
1589626030433 6.789999848231673 578
1589626035879 5.509999876841903 579
1589626041359 4.9899998884648085 580
1589626046924 7.00999984331429 581
1589626052724 5.089999886229634 582
1589626058187 8.159999817609787 583
1589626063627 10.889999756589532 584
1589626069027 2.5999999418854713 585
1589626074501 6.109999863430858 586
1589626079901 16.279999636113644 587
1589626085397 3.449999922886491 588
1589626090758 6.529999854043126 589
1589626096133 5.239999882876873 590
1589626101607 4.909999890252948 591
1589626107117 6.4299998562783 592
1589626112524 3.6999999172985554 593
1589626117899 5.399999879300594 594
1589626123306 4.809999892488122 595
1589626128801 6.6399998515844345 596
1589626134277 3.5099999215453863 597
1589626139731 4.559999898076057 598
1589626145169 3.8699999134987593 599
1589626150565 6.129999862983823 600
1589626156059 5.349999880418181 601
1589626161487 6.309999858960509 602
1589626167040 5.699999872595072 603
1589626172498 7.399999834597111 604
1589626177968 3.609999919310212 605
1589626183372 6.679999850690365 606
1589626188889 7.019999843090773 607
1589626194367 3.3799999244511127 608
1589626199860 6.69999985024333 609
1589626205312 5.529999876394868 610
1589626210765 6.199999861419201 611
1589626215872 5.18999988399446 612
1589626221280 6.169999862089753 613
1589626226817 8.369999812915921 614
1589626232446 5.7799998708069324 615
1589626237540 5.069999886676669 616
1589626242711 7.959999822080135 617
1589626247851 6.359999857842922 618
1589626253002 11.779999736696482 619
1589626258175 4.619999896734953 620
1589626263357 6.4499998558312654 621
1589626268501 4.9899998884648085 622
1589626273670 8.579999808222055 623
1589626278825 6.599999852478504 624
1589626283999 7.339999835938215 625
1589626289208 5.8499998692423105 626
1589626294393 3.179999928921461 627
1589626299549 7.919999822974205 628
1589626304758 4.049999909475446 629
1589626309955 6.789999848231673 630
1589626315104 17.909999599680305 631
1589626320227 7.5499998312443495 632
1589626325349 4.859999891370535 633
1589626330533 7.139999840408564 634
1589626335641 4.8799998909235 635
1589626340784 2.459999945014715 636
1589626346159 4.009999910369515 637
1589626351391 7.919999822974205 638
1589626356595 4.60999989695847 639
1589626362011 8.989999799057841 640
1589626367326 5.489999877288938 641
1589626372604 6.169999862089753 642
1589626377917 8.939999800175428 643
1589626383228 6.4499998558312654 644
1589626388507 9.149999795481563 645
1589626393824 8.499999810010195 646
1589626399115 4.649999896064401 647
1589626404466 8.349999813362956 648
1589626410312 9.029999798163772 649
1589626415519 3.299999926239252 650
1589626420879 7.749999826774001 651
1589626426304 8.529999809339643 652
1589626431618 12.609999718144536 653
1589626436891 8.679999805986881 654
1589626442157 12.049999730661511 655
1589626447479 6.869999846443534 656
1589626452725 3.1399999298155308 657
1589626457970 8.699999805539846 658
1589626463154 7.679999828338623 659
1589626468405 5.7799998708069324 660
1589626473641 7.379999835044146 661
1589626478944 4.069999909028411 662
1589626484258 6.07999986410141 663
1589626489479 6.2099998611956835 664
1589626494961 6.259999860078096 665
1589626500396 6.649999851360917 666
1589626505871 5.4199998788535595 667
1589626511220 6.269999859854579 668
1589626516542 8.779999803751707 669
1589626521859 4.369999902322888 670
1589626527228 2.339999947696924 671
1589626532584 5.80999987013638 672
1589626537997 9.769999781623483 673
1589626543398 13.869999689981341 674
1589626548751 9.9899997767061 675
1589626553993 3.2199999280273914 676
1589626559243 7.229999838396907 677
1589626564631 4.3199999034404755 678
1589626570049 6.579999852925539 679
1589626575395 8.499999810010195 680
1589626580620 6.409999856725335 681
1589626585845 8.759999804198742 682
1589626591751 5.749999871477485 683
1589626597046 4.169999906793237 684
1589626602360 5.8499998692423105 685
1589626607660 5.639999873936176 686
1589626612863 9.209999794140458 687
1589626618125 1.8599999584257603 688
1589626623599 12.309999724850059 689
1589626629026 5.9699998665601015 690
1589626634415 10.169999772682786 691
1589626639891 7.759999826550484 692
1589626645359 8.199999816715717 693
1589626650766 3.94999991171062 694
1589626656231 6.139999862760305 695
1589626661660 7.6699998285621405 696
1589626667146 7.239999838173389 697
1589626672617 7.569999830797315 698
1589626678031 4.979999888688326 699
1589626683564 3.709999917075038 700
1589626689071 7.449999833479524 701
1589626694534 6.3299998585134745 702
1589626699924 5.869999868795276 703
1589626705312 4.359999902546406 704
1589626710801 5.889999868348241 705
1589626716222 4.399999901652336 706
1589626721622 4.829999892041087 707
1589626727081 3.419999923557043 708
1589626732574 5.869999868795276 709
1589626737962 6.419999856501818 710
1589626743380 5.069999886676669 711
1589626748790 3.2699999269098043 712
1589626754211 3.129999930039048 713
1589626759633 7.6199998296797276 714
1589626765057 9.589999785646796 715
1589626771003 7.499999832361937 716
1589626776493 5.369999879971147 717
1589626781970 5.749999871477485 718
1589626787428 7.029999842867255 719
1589626792836 7.449999833479524 720
1589626798173 8.47999981045723 721
1589626803665 5.409999879077077 722
1589626809145 14.339999679476023 723
1589626814591 3.5499999206513166 724
1589626820030 6.019999865442514 725
1589626825416 4.599999897181988 726
1589626830791 7.569999830797315 727
1589626836202 6.859999846667051 728
1589626841620 5.929999867454171 729
1589626847020 6.719999849796295 730
1589626852443 6.73999984934926 731
1589626857814 8.279999814927578 732
1589626863283 4.979999888688326 733
1589626868716 8.229999816045165 734
1589626874151 7.1199998408555984 735
1589626879547 6.539999853819609 736
1589626884920 4.779999893158674 737
1589626890335 7.609999829903245 738
1589626895759 4.91999989002943 739
1589626901205 5.18999988399446 740
1589626906592 4.549999898299575 741
1589626911992 26.479999408125877 742
1589626917394 8.669999806210399 743
1589626922886 8.59999980777502 744
1589626928311 7.259999837726355 745
1589626933672 7.3099998366087675 746
1589626939053 6.03999986499548 747
1589626944472 6.219999860972166 748
1589626950606 6.819999847561121 749
1589626956019 7.139999840408564 750
1589626961433 6.379999857395887 751
1589626966812 3.5999999195337296 752
1589626972236 7.809999825432897 753
1589626977672 8.459999810904264 754
1589626983153 8.379999812692404 755
1589626988588 5.0599998869001865 756
1589626993976 3.779999915510416 757
1589626999394 6.109999863430858 758
1589627004843 3.94999991171062 759
1589627010279 8.029999820515513 760
1589627015731 7.269999837502837 761
1589627021117 7.04999984242022 762
1589627026480 3.999999910593033 763
1589627031872 2.679999940097332 764
1589627037327 6.549999853596091 765
1589627042817 2.579999942332506 766
1589627048218 8.59999980777502 767
1589627053625 7.6699998285621405 768
1589627059010 5.639999873936176 769
1589627064372 11.009999753907323 770
1589627069796 5.14999988488853 771
1589627075242 5.869999868795276 772
1589627080654 5.199999883770943 773
1589627086017 2.6199999414384365 774
1589627091377 5.18999988399446 775
1589627096785 8.379999812692404 776
1589627102277 6.819999847561121 777
1589627107765 5.479999877512455 778
1589627113251 6.649999851360917 779
1589627118710 4.929999889805913 780
1589627124089 7.809999825432897 781
1589627130023 5.549999875947833 782
1589627135448 11.939999733120203 783
1589627140855 3.9899999108165503 784
1589627146277 10.829999757930636 785
1589627151710 6.589999852702022 786
1589627157120 0.25999999418854713 787
1589627162557 4.309999903663993 788
1589627167951 4.419999901205301 789
1589627173368 5.909999867901206 790
1589627178820 12.909999711439013 791
1589627184299 8.379999812692404 792
1589627189781 2.699999939650297 793
1589627195201 3.6299999188631773 794
1589627200616 5.599999874830246 795
1589627205984 3.9899999108165503 796
1589627211432 9.579999785870314 797
1589627216843 4.2699999045580626 798
1589627222283 3.829999914392829 799
1589627227720 4.309999903663993 800
1589627233201 3.9899999108165503 801
1589627238571 8.24999981559813 802
1589627243952 3.229999927803874 803
1589627249362 4.859999891370535 804
1589627254786 7.879999823868275 805
1589627260214 4.8699998911470175 806
1589627265597 1.9499999564141035 807
1589627270990 3.9599999114871025 808
1589627276362 7.019999843090773 809
1589627281816 8.739999804645777 810
1589627287257 3.5099999215453863 811
1589627292660 4.5099998991936445 812
1589627298101 4.3899999018758535 813
1589627303545 5.9699998665601015 814
1589627309480 5.7299998719245195 815
1589627314878 4.3199999034404755 816
1589627320347 4.859999891370535 817
1589627325768 5.22999988310039 818
1589627331217 5.959999866783619 819
1589627336629 6.9499998446553946 820
1589627342070 7.409999834373593 821
1589627347489 7.889999823644757 822
1589627352944 5.939999867230654 823
1589627358446 6.549999853596091 824
1589627363864 8.069999819621444 825
1589627369254 5.219999883323908 826
1589627374653 5.159999884665012 827
1589627380086 5.379999879747629 828
1589627385498 5.989999866113067 829
1589627390934 7.31999983638525 830
1589627396300 2.8299999367445707 831
1589627401708 5.22999988310039 832
1589627407209 9.319999791681767 833
1589627412687 5.979999866336584 834
1589627418133 4.679999895393848 835
1589627423586 8.849999802187085 836
1589627429056 4.469999900087714 837
1589627434502 4.5099998991936445 838
1589627439971 2.369999947026372 839
