1588103722402 0.8499999810010195 1
1588103726667 1.2499999720603228 2
1588103731006 0.6799999848008156 3
1588103735252 1.1799999736249447 4
1588103739558 1.7499999608844519 5
1588103743931 1.1099999751895666 6
1588103748286 0.7799999825656414 7
1588103752615 0.30999999307096004 8
1588103756848 0.8999999798834324 9
1588103761182 0.2299999948590994 10
1588103765491 0.7999999821186066 11
1588103769858 0.5999999865889549 12
1588103774217 1.0499999765306711 13
1588103778523 0.5399999879300594 14
1588103782885 1.7299999613314867 15
1588103787264 0.7699999827891588 16
1588103791511 1.0499999765306711 17
1588103795749 0.979999978095293 18
1588103799986 1.2999999709427357 19
1588103804244 1.0399999767541885 20
1588103808485 0.35999999195337296 21
1588103812726 0.3899999912828207 22
1588103816970 1.2499999720603228 23
1588103821326 0.14999999664723873 24
1588103825703 1.269999971613288 25
1588103830084 1.6199999637901783 26
1588103834488 0.7499999832361937 27
1588103839271 1.2399999722838402 28
1588103843562 0.549999987706542 29
1588103847980 0.979999978095293 30
1588103852360 0.9999999776482582 31
1588103856601 0.5199999883770943 32
1588103860852 1.8699999582022429 33
1588103865104 1.50999996624887 34
1588103869369 0.4999999888241291 35
1588103873631 0.9699999783188105 36
1588103877935 1.029999976977706 37
1588103882340 0.6499999854713678 38
1588103886742 1.5699999649077654 39
1588103891147 0.42999999038875103 40
1588103895490 0.9599999785423279 41
1588103899812 0.7999999821186066 42
1588103904134 0.8799999803304672 43
1588103908480 0.5199999883770943 44
1588103912858 1.649999963119626 45
1588103917179 0.8599999807775021 46
1588103921440 0.7599999830126762 47
1588103925726 2.3999999463558197 48
1588103930114 1.1399999745190144 49
1588103934558 1.529999965801835 50
1588103938886 0.6299999859184027 51
1588103943210 2.149999951943755 52
1588103947505 1.029999976977706 53
1588103951788 0.4599999897181988 54
1588103956078 0.5699999872595072 55
1588103960364 2.319999948143959 56
1588103964652 1.6699999626725912 57
1588103968934 0.7299999836832285 58
1588103973203 0.669999985024333 59
1588103977500 0.2799999937415123 60
1588103981793 0.3199999928474426 61
1588103986058 0.05999999865889549 62
1588103990360 0.4999999888241291 63
1588103994669 0.6399999856948853 64
1588103998950 0.6799999848008156 65
1588104003284 1.2599999718368053 66
1588104007589 0.5999999865889549 67
1588104011937 0.5399999879300594 68
1588104016762 0.8699999805539846 69
1588104021332 0.6799999848008156 70
1588104025657 1.169999973848462 71
1588104030063 0.9199999794363976 72
1588104034395 1.839999958872795 73
1588104038694 0.5699999872595072 74
1588104042993 1.1199999749660492 75
1588104047303 0.669999985024333 76
1588104051604 1.9799999557435513 77
1588104055918 0.8999999798834324 78
1588104060278 1.889999957755208 79
1588104064646 0.8199999816715717 80
1588104068951 1.0699999760836363 81
1588104073258 0.0 82
1588104077572 0.8499999810010195 83
1588104081880 1.149999974295497 84
1588104086197 0.8999999798834324 85
1588104090489 1.6599999628961086 86
1588104094797 0.36999999172985554 87
1588104099139 1.7299999613314867 88
1588104103464 0.17999999597668648 89
1588104107804 1.409999968484044 90
1588104112232 0.5799999870359898 91
1588104116684 0.6399999856948853 92
1588104121108 1.219999972730875 93
1588104125513 1.8699999582022429 94
1588104129853 0.8899999801069498 95
1588104134170 0.9499999787658453 96
1588104138493 0.8499999810010195 97
1588104142927 1.2499999720603228 98
1588104147407 1.2099999729543924 99
1588104151870 1.0699999760836363 100
1588104156306 0.7299999836832285 101
1588104160645 1.289999971166253 102
1588104164987 0.8699999805539846 103
1588104169328 1.3099999707192183 104
1588104173671 0.5299999881535769 105
1588104178061 1.099999975413084 106
1588104182535 0.42999999038875103 107
1588104186871 0.7999999821186066 108
1588104191210 1.029999976977706 109
1588104195949 0.5099999886006117 110
1588104200650 0.8199999816715717 111
1588104205125 1.3299999702721834 112
1588104209494 1.3299999702721834 113
1588104213875 0.549999987706542 114
1588104218418 0.3899999912828207 115
1588104222902 0.8099999818950891 116
1588104227360 1.3199999704957008 117
1588104231690 0.5299999881535769 118
1588104236041 1.2299999725073576 119
1588104240387 0.8899999801069498 120
1588104244771 1.4299999680370092 121
1588104249114 1.0599999763071537 122
1588104253460 1.2499999720603228 123
1588104257796 0.7699999827891588 124
1588104262272 0.35999999195337296 125
1588104266711 0.9199999794363976 126
1588104271089 1.1899999734014273 127
1588104275591 1.1199999749660492 128
1588104280079 0.9599999785423279 129
1588104284545 0.1699999962002039 130
1588104288897 1.959999956190586 131
1588104293256 0.9999999776482582 132
1588104297603 0.9199999794363976 133
1588104301991 1.2799999713897705 134
1588104306372 0.8799999803304672 135
1588104310768 1.8699999582022429 136
1588104315281 0.8999999798834324 137
1588104319770 0.6099999863654375 138
1588104324259 1.289999971166253 139
1588104328743 1.6399999633431435 140
1588104333166 1.4499999675899744 141
1588104337602 1.029999976977706 142
1588104341980 0.669999985024333 143
1588104346441 1.4199999682605267 144
1588104350911 0.8199999816715717 145
1588104355390 2.1599999517202377 146
1588104359759 0.4999999888241291 147
1588104364156 0.8699999805539846 148
1588104368554 0.3899999912828207 149
1588104373022 0.6999999843537807 150
1588104378029 0.5799999870359898 151
1588104382547 1.5499999653548002 152
1588104387052 1.029999976977706 153
1588104391481 1.0899999756366014 154
1588104395987 0.4999999888241291 155
1588104400433 0.0 156
1588104404985 0.8299999814480543 157
1588104409577 1.1999999731779099 158
1588104414153 0.2199999950826168 159
1588104418737 0.5899999868124723 160
1588104423299 1.219999972730875 161
1588104427777 1.7599999606609344 162
1588104432299 1.0099999774247408 163
1588104436890 0.789999982342124 164
1588104441485 1.4399999678134918 165
1588104446081 1.5699999649077654 166
1588104450661 1.839999958872795 167
1588104455174 0.06999999843537807 168
1588104459658 1.219999972730875 169
1588104464162 1.2299999725073576 170
1588104468624 1.6599999628961086 171
1588104473221 0.4599999897181988 172
1588104477798 0.5199999883770943 173
1588104482392 1.5699999649077654 174
1588104486921 0.3899999912828207 175
1588104491396 1.0799999758601189 176
1588104496016 1.0599999763071537 177
1588104500604 0.669999985024333 178
1588104505164 0.9699999783188105 179
1588104509675 1.3299999702721834 180
1588104514151 1.1099999751895666 181
1588104518625 0.7699999827891588 182
1588104523114 0.8599999807775021 183
1588104527596 0.9599999785423279 184
1588104532092 0.979999978095293 185
1588104536604 2.659999940544367 186
1588104541203 2.609999941661954 187
1588104545715 1.2299999725073576 188
1588104550202 1.219999972730875 189
1588104554773 0.5299999881535769 190
1588104559709 0.7999999821186066 191
1588104564223 1.939999956637621 192
1588104568745 1.3799999691545963 193
1588104573266 0.7399999834597111 194
1588104577776 1.0699999760836363 195
1588104582273 1.4299999680370092 196
1588104586766 1.3299999702721834 197
1588104591267 0.7699999827891588 198
1588104595860 1.8999999575316906 199
1588104600366 1.0199999772012234 200
1588104604947 1.5199999660253525 201
1588104609440 1.0699999760836363 202
1588104613940 1.1899999734014273 203
1588104618449 0.35999999195337296 204
1588104623051 0.5699999872595072 205
1588104627686 2.1699999514967203 206
1588104632316 1.0599999763071537 207
1588104636940 0.6899999845772982 208
1588104641468 1.0099999774247408 209
1588104646070 0.8299999814480543 210
1588104650701 0.6399999856948853 211
1588104655335 1.0199999772012234 212
1588104659976 1.4999999664723873 213
1588104664557 0.6499999854713678 214
1588104669088 1.81999995931983 215
1588104673609 0.47999998927116394 216
1588104678122 0.7599999830126762 217
1588104682636 1.2599999718368053 218
1588104687159 2.7899999376386404 219
1588104691695 0.8399999812245369 220
1588104696278 0.9899999778717756 221
1588104700816 1.7399999611079693 222
1588104705400 0.909999979659915 223
1588104710059 1.2099999729543924 224
1588104714730 0.3499999921768904 225
1588104719331 0.36999999172985554 226
1588104723892 0.8399999812245369 227
1588104728542 0.8899999801069498 228
1588104733221 1.3499999698251486 229
1588104738470 0.6399999856948853 230
1588104743068 0.8799999803304672 231
1588104747662 0.5099999886006117 232
1588104752276 1.289999971166253 233
1588104756956 0.7099999841302633 234
1588104761585 1.289999971166253 235
1588104766130 0.29999999329447746 236
1588104770787 1.579999964684248 237
1588104775485 1.3799999691545963 238
1588104780135 0.3899999912828207 239
1588104784720 0.7599999830126762 240
1588104789281 0.6599999852478504 241
1588104793832 0.5999999865889549 242
1588104798411 2.3799999468028545 243
1588104802992 0.42999999038875103 244
1588104807671 1.149999974295497 245
1588104812357 1.4699999671429396 246
1588104817034 0.1599999964237213 247
1588104821737 1.9099999573081732 248
1588104826449 0.05999999865889549 249
1588104831179 0.789999982342124 250
1588104835882 0.19999999552965164 251
1588104840537 1.6099999640136957 252
1588104845250 0.5899999868124723 253
1588104849869 1.029999976977706 254
1588104854554 0.5299999881535769 255
1588104859235 1.0199999772012234 256
1588104863932 0.8799999803304672 257
1588104868635 1.3799999691545963 258
1588104873307 1.0799999758601189 259
1588104877935 1.0599999763071537 260
1588104882623 2.1699999514967203 261
1588104887293 0.6499999854713678 262
1588104892008 1.2299999725073576 263
1588104896647 0.5299999881535769 264
1588104901380 0.6399999856948853 265
1588104906143 1.2399999722838402 266
1588104910869 1.5199999660253525 267
1588104915756 0.8399999812245369 268
1588104920756 0.5299999881535769 269
1588104925491 1.0099999774247408 270
1588104930233 0.9299999792128801 271
1588104934927 1.4799999669194221 272
1588104939561 0.7799999825656414 273
1588104944316 0.3199999928474426 274
1588104949073 1.2799999713897705 275
1588104953819 1.6699999626725912 276
1588104958536 0.6199999861419201 277
1588104963223 0.9199999794363976 278
1588104967977 1.9299999568611383 279
1588104972748 1.939999956637621 280
1588104977503 1.4499999675899744 281
1588104982260 1.0899999756366014 282
1588104986957 1.409999968484044 283
1588104991623 0.9399999789893627 284
1588104996392 1.529999965801835 285
1588105001158 1.649999963119626 286
1588105005920 1.6599999628961086 287
1588105010581 1.099999975413084 288
1588105015256 0.6199999861419201 289
1588105020138 0.7599999830126762 290
1588105024940 0.6499999854713678 291
1588105029621 0.6999999843537807 292
1588105034302 1.9999999552965164 293
1588105038977 0.9299999792128801 294
1588105043734 0.6299999859184027 295
1588105048513 0.5199999883770943 296
1588105053268 0.3999999910593033 297
1588105058000 0.7399999834597111 298
1588105062811 0.9199999794363976 299
1588105067569 1.459999967366457 300
1588105072347 1.5999999642372131 301
1588105077119 1.9899999555200338 302
1588105081909 0.6099999863654375 303
1588105086662 0.8799999803304672 304
1588105091469 0.8299999814480543 305
1588105096694 1.1799999736249447 306
1588105101684 0.669999985024333 307
1588105106492 1.9799999557435513 308
1588105111279 0.13999999687075615 309
1588105116075 0.5299999881535769 310
1588105120872 0.6399999856948853 311
1588105125676 1.269999971613288 312
1588105130491 1.389999968931079 313
1588105135281 1.1299999747425318 314
1588105140092 0.3299999926239252 315
1588105144890 0.9199999794363976 316
1588105149707 0.30999999307096004 317
1588105154550 1.289999971166253 318
1588105159381 1.149999974295497 319
1588105164207 0.5699999872595072 320
1588105168973 0.9699999783188105 321
1588105173761 0.2699999939650297 322
1588105178588 1.5699999649077654 323
1588105183383 1.1099999751895666 324
1588105188131 0.9499999787658453 325
1588105192869 0.9199999794363976 326
1588105197608 1.3599999696016312 327
1588105202447 2.0999999530613422 328
1588105207268 1.1899999734014273 329
1588105212107 0.5299999881535769 330
1588105216947 1.0799999758601189 331
1588105221775 1.2399999722838402 332
1588105226610 1.0699999760836363 333
1588105231442 0.3799999915063381 334
1588105236307 0.8199999816715717 335
1588105241187 1.6199999637901783 336
1588105246069 1.2099999729543924 337
1588105250910 1.2099999729543924 338
1588105255770 0.08999999798834324 339
1588105260636 0.6899999845772982 340
1588105265567 0.41999999061226845 341
1588105270493 0.9699999783188105 342
1588105275611 1.149999974295497 343
1588105280824 1.3599999696016312 344
1588105285740 0.6199999861419201 345
1588105290652 0.23999999463558197 346
1588105295562 0.6199999861419201 347
1588105300485 1.3099999707192183 348
1588105305412 0.35999999195337296 349
1588105310327 0.9199999794363976 350
1588105315255 1.0699999760836363 351
1588105320166 0.3999999910593033 352
1588105325086 0.8399999812245369 353
1588105329988 1.3999999687075615 354
1588105334911 0.7699999827891588 355
1588105339818 1.3099999707192183 356
1588105344741 0.5799999870359898 357
1588105349646 2.109999952837825 358
1588105354527 1.3499999698251486 359
1588105359420 0.8099999818950891 360
1588105364362 0.5699999872595072 361
1588105369264 1.959999956190586 362
1588105374141 1.3999999687075615 363
1588105379056 0.6599999852478504 364
1588105384050 0.2299999948590994 365
1588105388935 0.6899999845772982 366
1588105393861 0.8999999798834324 367
1588105398809 0.7199999839067459 368
1588105403750 0.909999979659915 369
1588105408675 1.5599999651312828 370
1588105413595 2.509999943897128 371
1588105418531 1.1399999745190144 372
1588105423465 2.1599999517202377 373
1588105428381 0.9499999787658453 374
1588105433368 2.2599999494850636 375
1588105438333 0.8499999810010195 376
1588105443330 1.3499999698251486 377
1588105448296 0.08999999798834324 378
1588105453254 0.8499999810010195 379
1588105458633 0.47999998927116394 380
1588105463588 0.4999999888241291 381
1588105468570 1.839999958872795 382
1588105473526 2.2799999490380287 383
1588105478480 1.50999996624887 384
1588105483481 0.0 385
1588105488468 1.169999973848462 386
1588105493448 1.6399999633431435 387
1588105498401 1.2499999720603228 388
1588105503335 1.0199999772012234 389
1588105508330 0.9899999778717756 390
1588105513341 1.4799999669194221 391
1588105518300 1.1299999747425318 392
1588105523182 0.8499999810010195 393
1588105528060 0.9499999787658453 394
1588105533062 1.6199999637901783 395
1588105538027 1.1599999740719795 396
1588105542991 0.9399999789893627 397
1588105547989 1.839999958872795 398
1588105553005 1.169999973848462 399
1588105557983 0.2799999937415123 400
1588105563025 0.9999999776482582 401
1588105568155 1.7599999606609344 402
1588105573100 1.0399999767541885 403
1588105578065 0.8499999810010195 404
1588105583088 0.8699999805539846 405
1588105588100 0.3299999926239252 406
1588105593014 1.699999962002039 407
1588105598024 1.2099999729543924 408
1588105603047 0.8899999801069498 409
1588105607992 0.909999979659915 410
1588105612996 1.889999957755208 411
1588105617996 0.9299999792128801 412
1588105622980 0.909999979659915 413
1588105627918 1.2999999709427357 414
1588105632909 0.6599999852478504 415
1588105638547 1.769999960437417 416
1588105643569 1.3999999687075615 417
1588105648553 1.50999996624887 418
1588105653612 1.169999973848462 419
1588105658669 1.3499999698251486 420
1588105663689 1.149999974295497 421
1588105668652 0.8099999818950891 422
1588105673679 0.1699999962002039 423
1588105678730 0.5799999870359898 424
1588105683814 1.2099999729543924 425
1588105688855 0.8099999818950891 426
1588105693934 0.7299999836832285 427
1588105699032 1.339999970048666 428
1588105704119 1.3099999707192183 429
1588105709123 0.8499999810010195 430
1588105714162 0.6799999848008156 431
1588105719142 1.3199999704957008 432
1588105724206 0.9199999794363976 433
1588105729257 0.8199999816715717 434
1588105734331 1.269999971613288 435
1588105739427 1.0799999758601189 436
1588105744493 0.4399999901652336 437
1588105749561 1.099999975413084 438
1588105754560 0.6599999852478504 439
1588105759622 2.009999955072999 440
1588105764737 1.9299999568611383 441
1588105769833 0.7399999834597111 442
1588105774885 1.269999971613288 443
1588105780007 1.409999968484044 444
1588105785137 0.789999982342124 445
1588105790220 0.35999999195337296 446
1588105795349 0.11999999731779099 447
1588105800471 0.8999999798834324 448
1588105805562 1.7399999611079693 449
1588105810706 1.6899999622255564 450
1588105816151 1.1799999736249447 451
1588105821424 1.6099999640136957 452
1588105826438 1.149999974295497 453
1588105831455 0.7599999830126762 454
1588105836559 1.2099999729543924 455
1588105841678 1.099999975413084 456
1588105846803 1.1599999740719795 457
1588105851902 1.2299999725073576 458
1588105857069 0.8499999810010195 459
1588105862240 1.0799999758601189 460
1588105867367 0.6299999859184027 461
1588105872558 0.6799999848008156 462
1588105877695 1.409999968484044 463
1588105882848 1.0199999772012234 464
1588105888031 1.3099999707192183 465
1588105893210 0.4999999888241291 466
1588105898382 1.1399999745190144 467
1588105903545 0.549999987706542 468
1588105908716 1.0799999758601189 469
1588105913871 0.5899999868124723 470
1588105919039 0.7199999839067459 471
1588105924219 1.4899999666959047 472
1588105929353 1.6199999637901783 473
1588105934526 1.1899999734014273 474
1588105939721 1.5199999660253525 475
1588105944856 0.909999979659915 476
1588105950019 0.4399999901652336 477
1588105955223 0.8299999814480543 478
1588105960390 2.229999950155616 479
1588105965520 0.7699999827891588 480
1588105970692 0.08999999798834324 481
1588105975902 1.1199999749660492 482
1588105981054 1.1599999740719795 483
1588105986175 1.5899999644607306 484
1588105991366 2.43999994546175 485
1588105996975 1.1199999749660492 486
1588106002292 0.4599999897181988 487
1588106007491 1.0099999774247408 488
1588106012713 0.7599999830126762 489
1588106017943 0.2699999939650297 490
1588106023123 1.269999971613288 491
1588106028348 1.269999971613288 492
1588106033612 1.6399999633431435 493
1588106038849 0.3199999928474426 494
1588106044150 0.3999999910593033 495
1588106049406 0.4399999901652336 496
1588106054674 0.8999999798834324 497
1588106059881 0.5199999883770943 498
1588106065091 0.6199999861419201 499
1588106070236 0.4999999888241291 500
1588106075465 1.7099999617785215 501
1588106080661 0.3999999910593033 502
1588106085823 0.6199999861419201 503
1588106091082 0.5899999868124723 504
1588106096371 0.4599999897181988 505
1588106101590 1.029999976977706 506
1588106106838 1.0899999756366014 507
1588106112085 1.6199999637901783 508
1588106117351 1.4899999666959047 509
1588106122639 0.909999979659915 510
1588106127869 0.29999999329447746 511
1588106133071 0.5599999874830246 512
1588106138345 0.7399999834597111 513
1588106143606 0.5699999872595072 514
1588106148888 0.0 515
1588106154186 0.5799999870359898 516
1588106159454 0.30999999307096004 517
1588106164727 1.3299999702721834 518
1588106170022 1.4799999669194221 519
1588106175542 1.0199999772012234 520
1588106181045 1.0399999767541885 521
1588106186302 0.8099999818950891 522
1588106191630 1.3199999704957008 523
1588106196814 1.219999972730875 524
1588106202025 0.8299999814480543 525
1588106207347 1.4199999682605267 526
1588106212642 0.9899999778717756 527
1588106217874 0.5899999868124723 528
1588106223094 0.4899999890476465 529
1588106228336 1.149999974295497 530
1588106233637 1.1999999731779099 531
1588106238975 0.6899999845772982 532
1588106244311 0.8199999816715717 533
1588106249641 0.8799999803304672 534
1588106254932 0.8499999810010195 535
1588106260273 2.2799999490380287 536
1588106265631 0.9899999778717756 537
1588106271112 0.2899999935179949 538
1588106276441 0.669999985024333 539
1588106281878 1.0799999758601189 540
1588106287275 1.2799999713897705 541
1588106292548 2.079999953508377 542
1588106297832 0.6499999854713678 543
1588106303233 1.1799999736249447 544
1588106308651 0.3399999924004078 545
1588106314038 0.7799999825656414 546
1588106319394 1.0599999763071537 547
1588106324683 1.3599999696016312 548
1588106330076 0.7199999839067459 549
1588106335498 0.6499999854713678 550
1588106340887 0.7199999839067459 551
1588106346284 1.4699999671429396 552
1588106351679 0.3799999915063381 553
1588106357599 0.8299999814480543 554
1588106362999 1.6099999640136957 555
1588106368417 0.40999999083578587 556
1588106373844 0.6399999856948853 557
1588106379215 0.7799999825656414 558
1588106384614 0.19999999552965164 559
1588106390022 0.5199999883770943 560
1588106395398 1.4799999669194221 561
1588106400842 0.549999987706542 562
1588106406296 0.6399999856948853 563
1588106411692 0.6999999843537807 564
1588106417020 0.669999985024333 565
1588106422317 1.169999973848462 566
1588106427622 0.2899999935179949 567
1588106432927 1.149999974295497 568
1588106438223 0.6499999854713678 569
1588106443529 1.3799999691545963 570
1588106448920 0.35999999195337296 571
1588106454346 1.3599999696016312 572
1588106459711 0.8399999812245369 573
1588106465073 0.8699999805539846 574
1588106470482 1.289999971166253 575
1588106475995 1.339999970048666 576
1588106481543 0.14999999664723873 577
1588106487081 0.5999999865889549 578
1588106492567 0.41999999061226845 579
1588106498035 0.7199999839067459 580
1588106503428 1.169999973848462 581
1588106508759 0.3899999912828207 582
1588106514155 0.9699999783188105 583
1588106519593 0.8199999816715717 584
1588106525012 0.4999999888241291 585
1588106530437 0.9299999792128801 586
1588106536116 2.199999950826168 587
1588106541790 0.5699999872595072 588
1588106547214 1.6199999637901783 589
1588106552653 0.24999999441206455 590
1588106558014 0.9899999778717756 591
1588106563426 1.0899999756366014 592
1588106568836 0.2799999937415123 593
1588106574295 1.1299999747425318 594
1588106579789 0.8999999798834324 595
1588106585247 1.0199999772012234 596
1588106590616 0.8199999816715717 597
1588106596002 1.339999970048666 598
1588106601487 1.2099999729543924 599
1588106607008 0.3899999912828207 600
1588106612545 1.1899999734014273 601
1588106618088 0.9999999776482582 602
1588106623585 1.699999962002039 603
1588106629006 1.169999973848462 604
1588106634555 1.3599999696016312 605
1588106640067 1.8599999584257603 606
1588106645640 0.7499999832361937 607
1588106651116 2.339999947696924 608
1588106656587 0.9899999778717756 609
1588106662120 0.6499999854713678 610
1588106667638 0.4999999888241291 611
1588106673170 1.9699999559670687 612
1588106678678 1.3599999696016312 613
1588106684107 1.5499999653548002 614
1588106689628 1.409999968484044 615
1588106695143 1.3499999698251486 616
1588106700713 0.23999999463558197 617
1588106706307 0.30999999307096004 618
1588106711865 1.1999999731779099 619
1588106717820 1.8799999579787254 620
1588106723339 0.11999999731779099 621
1588106728889 2.009999955072999 622
1588106734441 0.5199999883770943 623
1588106739933 1.0899999756366014 624
1588106745502 0.6399999856948853 625
1588106751073 0.36999999172985554 626
1588106756664 0.8799999803304672 627
1588106762288 0.8699999805539846 628
1588106767881 0.669999985024333 629
1588106773500 1.169999973848462 630
1588106779073 2.7099999394267797 631
1588106784650 1.5999999642372131 632
1588106790165 1.9699999559670687 633
1588106795743 0.3899999912828207 634
1588106801368 1.169999973848462 635
1588106806930 0.36999999172985554 636
1588106812449 1.269999971613288 637
1588106817965 0.4999999888241291 638
1588106823481 1.7799999602138996 639
1588106828999 0.0 640
1588106834566 1.289999971166253 641
1588106840061 0.4899999890476465 642
1588106845565 1.9799999557435513 643
1588106851170 0.36999999172985554 644
1588106856810 0.35999999195337296 645
1588106862376 0.6299999859184027 646
1588106867954 1.1599999740719795 647
1588106873547 0.8199999816715717 648
1588106879064 1.5699999649077654 649
1588106884686 0.549999987706542 650
1588106890320 0.9899999778717756 651
1588106896186 1.6299999635666609 652
1588106901912 0.13999999687075615 653
1588106907505 0.4499999899417162 654
1588106913160 1.9299999568611383 655
1588106918816 0.6299999859184027 656
1588106924462 0.11999999731779099 657
1588106930082 0.46999998949468136 658
1588106935755 1.1999999731779099 659
1588106941376 0.8299999814480543 660
1588106947054 0.3399999924004078 661
1588106952762 1.219999972730875 662
1588106958470 0.9399999789893627 663
1588106964247 0.24999999441206455 664
1588106969938 2.0899999532848597 665
1588106975628 1.5999999642372131 666
1588106981299 1.0599999763071537 667
1588106986967 1.029999976977706 668
1588106992650 0.7599999830126762 669
1588106998306 1.1999999731779099 670
1588107004045 0.6199999861419201 671
1588107009789 0.8399999812245369 672
1588107015509 1.6199999637901783 673
1588107021167 1.7599999606609344 674
1588107026817 1.219999972730875 675
1588107032434 0.1599999964237213 676
1588107038134 0.5399999879300594 677
1588107043804 0.7799999825656414 678
1588107049435 1.2499999720603228 679
1588107055188 1.7499999608844519 680
1588107060867 1.4899999666959047 681
1588107066522 0.9399999789893627 682
1588107072227 0.6299999859184027 683
1588107078346 1.4399999678134918 684
1588107084085 1.4799999669194221 685
1588107089780 1.4699999671429396 686
1588107095527 1.839999958872795 687
