1587934412275 1 1
1587934424110 1 2
1587934436047 1 3
1587934448085 1 4
1587934460101 1 5
1587934472103 1 6
1587934484630 1 7
1587934496601 1 8
1587934508627 1 9
1587934520612 1 10
1587934532665 1 11
1587934544673 1 12
1587934556656 1 13
1587934568748 1 14
1587934580779 1 15
1587934592837 1 16
1587934604857 1 17
1587934616849 1 18
1587934628957 1 19
1587934641227 1 20
1587934653293 1 21
1587934666029 1 22
1587934678117 1 23
1587934690269 1 24
1587934702396 1 25
1587934714493 1 26
1587934726582 1 27
1587934738653 1 28
1587934750753 1 29
1587934762841 1 30
1587934774973 1 31
1587934787049 1 32
1587934799111 1 33
1587934811289 1 34
1587934823384 1 35
1587934835502 1 36
1587934848209 1 37
1587934860294 1 38
1587934872436 1 39
1587934884796 1 40
1587934896900 1 41
1587934909039 1 42
1587934921197 1 43
1587934933357 1 44
1587934945504 1 45
1587934957649 1 46
1587934969801 1 47
1587934981987 1 48
1587934994169 1 49
1587935006313 1 50
1587935018460 1 51
1587935031405 1 52
1587935043601 1 53
1587935055797 1 54
1587935068049 1 55
1587935080271 1 56
1587935092425 1 57
1587935104639 1 58
1587935116890 1 59
1587935129286 1 60
1587935141465 1 61
1587935153696 1 62
1587935165944 1 63
1587935178165 1 64
1587935190426 1 65
1587935203271 1 66
1587935215645 1 67
1587935227989 1 68
1587935240329 1 69
1587935252685 1 70
1587935264945 1 71
1587935277204 1 72
1587935289493 1 73
1587935301719 1 74
1587935313993 1 75
1587935326317 1 76
1587935338629 1 77
1587935350969 1 78
1587935363305 1 79
1587935375794 1 80
1587935388721 1 81
1587935400934 1 82
1587935413190 1 83
1587935425415 1 84
1587935437693 1 85
1587935449892 1 86
1587935462149 1 87
1587935474448 1 88
1587935486753 1 89
1587935499021 1 90
1587935511321 1 91
1587935523661 1 92
1587935535949 1 93
1587935548224 1 94
1587935560566 1 95
1587935573420 1 96
1587935585719 1 97
1587935598035 1 98
1587935610367 1 99
1587935622848 1 100
1587935635247 1 101
1587935647593 1 102
1587935659923 1 103
1587935672229 1 104
1587935684545 1 105
1587935696859 1 106
1587935709241 1 107
1587935721581 1 108
1587935733915 1 109
1587935746986 1 110
1587935759329 1 111
1587935771770 1 112
1587935784097 1 113
1587935796447 1 114
1587935808769 1 115
1587935821141 1 116
1587935833570 1 117
1587935846002 1 118
1587935858489 1 119
1587935871209 1 120
1587935883669 1 121
1587935896024 1 122
1587935908421 1 123
1587935921009 1 124
1587935933904 1 125
1587935946353 1 126
1587935958765 1 127
1587935971169 1 128
1587935983627 1 129
1587935996073 1 130
1587936008532 1 131
1587936020961 1 132
1587936033421 1 133
1587936045890 1 134
1587936058342 1 135
1587936070812 1 136
1587936083293 1 137
1587936095768 1 138
1587936108986 1 139
1587936121672 1 140
1587936134150 1 141
1587936146636 1 142
1587936159110 1 143
1587936171565 1 144
1587936184089 1 145
1587936196557 1 146
1587936209045 1 147
1587936221548 1 148
1587936234037 1 149
1587936246554 1 150
1587936259085 1 151
1587936271625 1 152
1587936284818 1 153
1587936297332 1 154
1587936309959 1 155
1587936322521 1 156
1587936335041 1 157
1587936347632 1 158
1587936360225 1 159
1587936373039 1 160
1587936385609 1 161
1587936398214 1 162
1587936410789 1 163
1587936423485 1 164
1587936436237 1 165
1587936448879 1 166
1587936461887 1 167
1587936474914 1 168
1587936487541 1 169
1587936500317 1 170
1587936513036 1 171
1587936525686 1 172
1587936538317 1 173
1587936550973 1 174
1587936563605 1 175
1587936576209 1 176
1587936588808 1 177
1587936601488 1 178
1587936614245 1 179
1587936627115 1 180
1587936639791 1 181
1587936653024 1 182
1587936665683 1 183
1587936678333 1 184
1587936691061 1 185
1587936703717 1 186
1587936716448 1 187
1587936729261 1 188
1587936742068 1 189
1587936754785 1 190
1587936767480 1 191
1587936780178 1 192
1587936792894 1 193
1587936805609 1 194
1587936818317 1 195
1587936831895 1 196
1587936844661 1 197
1587936857380 1 198
1587936870145 1 199
1587936883209 1 200
1587936896022 1 201
1587936908921 1 202
1587936921705 1 203
1587936934497 1 204
1587936947301 1 205
1587936960118 1 206
1587936973013 1 207
1587936985861 1 208
1587936998690 1 209
1587937012237 1 210
1587937025129 1 211
1587937037979 1 212
1587937050882 1 213
1587937063729 1 214
1587937076619 1 215
1587937089512 1 216
1587937102377 1 217
1587937115241 1 218
1587937128161 1 219
1587937141244 1 220
1587937154165 1 221
1587937167105 1 222
1587937180075 1 223
1587937193411 1 224
1587937206385 1 225
1587937219303 1 226
1587937232273 1 227
1587937245209 1 228
1587937258134 1 229
1587937271157 1 230
1587937284108 1 231
1587937297139 1 232
1587937310145 1 233
1587937323163 1 234
1587937336173 1 235
1587937349140 1 236
1587937362765 1 237
1587937375956 1 238
1587937388988 1 239
1587937402210 1 240
1587937415249 1 241
1587937428281 1 242
1587937441394 1 243
1587937454517 1 244
1587937467651 1 245
1587937480809 1 246
1587937493948 1 247
1587937507065 1 248
1587937520181 1 249
1587937533333 1 250
1587937547385 1 251
1587937560588 1 252
1587937573749 1 253
1587937586906 1 254
1587937600054 1 255
1587937613189 1 256
1587937626477 1 257
1587937639717 1 258
1587937652938 1 259
1587937666421 1 260
1587937679604 1 261
1587937692833 1 262
1587937706099 1 263
1587937719345 1 264
1587937733284 1 265
1587937746545 1 266
1587937759791 1 267
1587937773049 1 268
1587937786313 1 269
1587937799605 1 270
1587937812932 1 271
1587937826209 1 272
1587937839474 1 273
1587937852757 1 274
1587937866113 1 275
1587937879434 1 276
1587937892853 1 277
1587937906969 1 278
1587937920309 1 279
1587937933885 1 280
1587937947215 1 281
1587937960540 1 282
1587937973914 1 283
1587937987301 1 284
1587938000669 1 285
1587938014034 1 286
1587938027453 1 287
1587938040859 1 288
1587938054297 1 289
1587938067743 1 290
1587938081388 1 291
1587938095225 1 292
1587938108724 1 293
1587938122157 1 294
1587938135734 1 295
1587938149197 1 296
1587938162691 1 297
1587938176197 1 298
1587938189669 1 299
1587938203369 1 300
1587938216996 1 301
1587938230585 1 302
1587938244081 1 303
1587938257605 1 304
1587938271837 1 305
1587938285389 1 306
1587938298911 1 307
1587938312473 1 308
1587938326097 1 309
1587938339669 1 310
1587938353297 1 311
1587938366889 1 312
1587938380456 1 313
1587938394086 1 314
1587938407807 1 315
1587938421473 1 316
1587938435176 1 317
1587938449552 1 318
1587938463322 1 319
1587938477393 1 320
1587938491093 1 321
1587938504765 1 322
1587938518493 1 323
1587938532219 1 324
1587938545981 1 325
1587938559754 1 326
1587938573585 1 327
1587938587390 1 328
1587938601221 1 329
1587938615021 1 330
1587938629577 1 331
1587938643585 1 332
1587938657461 1 333
1587938671321 1 334
1587938685149 1 335
1587938698997 1 336
1587938712815 1 337
1587938726649 1 338
1587938740549 1 339
1587938754736 1 340
1587938768665 1 341
1587938782657 1 342
1587938796637 1 343
1587938811309 1 344
1587938825302 1 345
1587938839297 1 346
1587938853293 1 347
1587938867325 1 348
1587938881371 1 349
1587938895547 1 350
1587938909566 1 351
1587938923673 1 352
1587938937852 1 353
1587938951881 1 354
1587938965866 1 355
1587938979862 1 356
1587938994473 1 357
1587939008568 1 358
1587939022633 1 359
1587939036938 1 360
1587939050997 1 361
1587939065117 1 362
1587939079277 1 363
1587939093357 1 364
1587939107463 1 365
1587939121578 1 366
1587939135751 1 367
1587939149869 1 368
1587939164657 1 369
1587939178801 1 370
1587939193005 1 371
1587939207137 1 372
1587939221281 1 373
1587939235479 1 374
1587939249701 1 375
1587939263913 1 376
1587939278171 1 377
1587939292400 1 378
1587939306662 1 379
1587939321222 1 380
1587939335549 1 381
1587939350576 1 382
1587939364846 1 383
1587939379108 1 384
1587939393378 1 385
1587939407669 1 386
1587939422025 1 387
1587939436453 1 388
1587939450997 1 389
1587939465505 1 390
1587939479953 1 391
1587939494482 1 392
1587939508853 1 393
1587939523921 1 394
1587939538275 1 395
1587939552701 1 396
1587939567079 1 397
1587939581446 1 398
1587939595844 1 399
1587939610565 1 400
1587939625117 1 401
1587939639552 1 402
1587939653985 1 403
1587939668481 1 404
1587939682921 1 405
1587939697397 1 406
1587939712533 1 407
1587939727050 1 408
1587939741747 1 409
1587939756259 1 410
1587939770750 1 411
1587939785327 1 412
1587939799848 1 413
1587939814421 1 414
1587939828974 1 415
1587939843581 1 416
1587939858149 1 417
1587939872749 1 418
1587939887988 1 419
1587939902878 1 420
1587939917500 1 421
1587939932144 1 422
1587939946785 1 423
1587939961426 1 424
1587939976185 1 425
1587939990933 1 426
1587940005599 1 427
1587940020311 1 428
1587940035069 1 429
1587940049797 1 430
1587940065144 1 431
1587940079877 1 432
1587940094607 1 433
1587940109337 1 434
1587940124083 1 435
1587940138818 1 436
1587940153649 1 437
1587940168421 1 438
1587940183259 1 439
1587940198385 1 440
1587940213286 1 441
1587940228146 1 442
1587940243683 1 443
1587940258501 1 444
1587940273355 1 445
1587940288285 1 446
1587940303129 1 447
1587940317985 1 448
1587940333075 1 449
1587940348161 1 450
1587940363212 1 451
1587940378357 1 452
1587940393542 1 453
1587940408579 1 454
1587940424449 1 455
1587940439429 1 456
1587940454506 1 457
1587940469472 1 458
1587940484470 1 459
1587940499692 1 460
1587940514747 1 461
1587940529780 1 462
1587940544843 1 463
1587940559877 1 464
1587940575004 1 465
1587940590091 1 466
1587940605725 1 467
1587940620805 1 468
1587940635977 1 469
1587940651113 1 470
1587940666249 1 471
1587940681373 1 472
1587940696549 1 473
1587940711791 1 474
1587940727002 1 475
1587940742337 1 476
1587940757525 1 477
1587940772760 1 478
1587940788678 1 479
1587940804240 1 480
1587940819526 1 481
1587940834778 1 482
1587940850065 1 483
1587940865382 1 484
1587940880685 1 485
1587940896027 1 486
1587940911314 1 487
1587940926799 1 488
1587940942223 1 489
1587940957522 1 490
1587940973436 1 491
1587940988824 1 492
1587941004147 1 493
1587941019462 1 494
1587941034836 1 495
1587941050293 1 496
1587941065700 1 497
1587941081069 1 498
1587941096464 1 499
1587941112188 1 500
1587941127604 1 501
1587941143756 1 502
1587941159205 1 503
1587941174702 1 504
1587941190195 1 505
1587941205683 1 506
1587941221266 1 507
1587941236783 1 508
1587941252310 1 509
1587941267843 1 510
1587941283403 1 511
1587941298947 1 512
1587941314535 1 513
1587941330809 1 514
1587941346433 1 515
1587941362010 1 516
1587941377621 1 517
1587941393234 1 518
1587941408890 1 519
1587941424820 1 520
1587941440512 1 521
1587941456171 1 522
1587941471852 1 523
1587941487545 1 524
1587941503984 1 525
1587941519695 1 526
1587941535440 1 527
1587941551224 1 528
1587941567102 1 529
1587941582996 1 530
1587941598796 1 531
1587941614605 1 532
1587941630405 1 533
1587941646268 1 534
1587941662139 1 535
1587941677986 1 536
1587941694460 1 537
1587941710373 1 538
1587941726239 1 539
1587941742417 1 540
1587941758364 1 541
1587941774452 1 542
1587941790407 1 543
1587941806383 1 544
1587941822370 1 545
1587941838355 1 546
1587941854530 1 547
1587941871054 1 548
1587941887116 1 549
1587941903145 1 550
1587941919136 1 551
1587941935284 1 552
1587941951384 1 553
1587941967438 1 554
1587941983461 1 555
1587941999540 1 556
1587942015708 1 557
1587942031813 1 558
1587942048508 1 559
1587942064963 1 560
1587942081115 1 561
1587942097279 1 562
1587942113426 1 563
1587942129622 1 564
1587942145792 1 565
1587942161961 1 566
1587942178155 1 567
1587942194419 1 568
1587942210676 1 569
1587942227536 1 570
1587942243833 1 571
1587942260096 1 572
1587942276400 1 573
1587942292687 1 574
1587942308986 1 575
1587942325282 1 576
1587942341590 1 577
1587942357851 1 578
1587942374234 1 579
1587942390850 1 580
1587942407743 1 581
1587942424099 1 582
1587942440472 1 583
1587942456863 1 584
1587942473227 1 585
1587942489669 1 586
1587942506081 1 587
1587942522504 1 588
1587942538925 1 589
1587942555404 1 590
1587942571904 1 591
1587942588984 1 592
1587942605495 1 593
1587942621988 1 594
1587942638490 1 595
1587942655029 1 596
1587942671629 1 597
1587942688165 1 598
1587942704747 1 599
1587942721737 1 600
1587942738498 1 601
1587942755106 1 602
1587942772042 1 603
1587942788747 1 604
1587942805440 1 605
1587942822070 1 606
1587942838721 1 607
1587942855396 1 608
1587942872089 1 609
1587942888742 1 610
1587942905424 1 611
1587942922119 1 612
1587942938833 1 613
1587942956148 1 614
1587942972889 1 615
1587942989649 1 616
1587943006452 1 617
1587943023378 1 618
1587943040226 1 619
1587943057282 1 620
1587943074084 1 621
1587943090914 1 622
1587943107692 1 623
1587943125091 1 624
1587943141922 1 625
1587943158778 1 626
1587943175638 1 627
1587943192506 1 628
1587943209435 1 629
1587943226425 1 630
1587943243361 1 631
1587943260262 1 632
1587943277223 1 633
1587943294172 1 634
1587943311725 1 635
1587943328680 1 636
1587943345664 1 637
1587943362609 1 638
1587943379610 1 639
1587943396939 1 640
1587943413954 1 641
1587943431010 1 642
1587943448105 1 643
1587943465141 1 644
1587943482631 1 645
1587943499882 1 646
1587943517030 1 647
1587943534160 1 648
1587943551317 1 649
1587943568491 1 650
1587943585734 1 651
1587943602879 1 652
1587943620035 1 653
1587943637238 1 654
1587943654442 1 655
1587943672104 1 656
1587943689363 1 657
1587943706632 1 658
1587943723860 1 659
1587943741563 1 660
1587943758963 1 661
1587943776319 1 662
1587943793830 1 663
1587943811159 1 664
1587943828462 1 665
1587943846767 1 666
1587943864247 1 667
1587943881851 1 668
1587943899353 1 669
1587943916816 1 670
1587943934275 1 671
1587943951646 1 672
1587943969047 1 673
1587943986844 1 674
1587944004341 1 675
1587944022436 1 676
1587944040204 1 677
1587944057715 1 678
1587944075200 1 679
1587944092963 1 680
1587944110494 1 681
1587944127985 1 682
1587944145558 1 683
1587944163138 1 684
1587944180696 1 685
1587944198278 1 686
1587944216366 1 687
1587944233951 1 688
1587944251549 1 689
1587944269120 1 690
1587944286744 1 691
1587944304371 1 692
1587944321959 1 693
1587944339602 1 694
1587944357274 1 695
1587944374967 1 696
1587944393303 1 697
1587944411038 1 698
1587944428754 1 699
1587944446917 1 700
1587944464642 1 701
1587944482355 1 702
1587944500105 1 703
1587944517956 1 704
1587944535781 1 705
1587944553658 1 706
1587944572316 1 707
1587944590317 1 708
1587944608368 1 709
1587944626225 1 710
1587944644134 1 711
1587944662037 1 712
1587944679894 1 713
1587944697898 1 714
1587944715866 1 715
1587944733829 1 716
1587944752375 1 717
1587944770440 1 718
1587944788564 1 719
1587944806991 1 720
1587944825483 1 721
1587944843460 1 722
1587944861558 1 723
1587944879546 1 724
1587944897592 1 725
1587944915622 1 726
1587944934184 1 727
1587944952285 1 728
1587944970332 1 729
1587944988476 1 730
1587945006657 1 731
1587945024764 1 732
1587945042856 1 733
1587945060992 1 734
1587945079227 1 735
1587945097417 1 736
1587945116356 1 737
1587945134633 1 738
1587945152902 1 739
1587945171548 1 740
1587945189908 1 741
1587945208272 1 742
1587945226539 1 743
1587945244945 1 744
1587945263373 1 745
1587945281893 1 746
1587945300661 1 747
1587945318950 1 748
1587945337227 1 749
1587945355490 1 750
1587945373842 1 751
1587945392200 1 752
1587945410487 1 753
1587945428879 1 754
1587945447193 1 755
1587945466019 1 756
1587945484375 1 757
1587945502745 1 758
1587945521125 1 759
1587945539895 1 760
1587945558468 1 761
1587945577014 1 762
1587945595722 1 763
1587945614345 1 764
1587945633031 1 765
1587945652248 1 766
1587945670930 1 767
1587945689586 1 768
1587945708260 1 769
1587945727027 1 770
1587945745751 1 771
1587945764632 1 772
1587945783416 1 773
1587945802246 1 774
1587945821085 1 775
1587945840391 1 776
1587945859197 1 777
1587945877989 1 778
1587945896764 1 779
1587945916069 1 780
1587945934917 1 781
1587945953772 1 782
1587945972668 1 783
1587945991562 1 784
1587946011065 1 785
1587946029935 1 786
1587946048833 1 787
1587946067684 1 788
1587946086712 1 789
1587946105587 1 790
1587946124604 1 791
1587946143390 1 792
1587946162136 1 793
1587946181148 1 794
1587946200398 1 795
1587946219211 1 796
1587946238003 1 797
1587946256799 1 798
1587946275714 1 799
1587946294908 1 800
1587946313972 1 801
1587946332974 1 802
1587946351865 1 803
1587946371364 1 804
1587946390324 1 805
1587946409223 1 806
1587946428093 1 807
1587946447061 1 808
1587946465947 1 809
1587946484893 1 810
1587946503871 1 811
1587946522825 1 812
1587946542040 1 813
1587946561294 1 814
1587946580356 1 815
1587946599431 1 816
1587946618492 1 817
1587946637733 1 818
1587946656818 1 819
1587946676447 1 820
1587946695674 1 821
1587946714853 1 822
1587946734914 1 823
1587946754272 1 824
1587946773437 1 825
1587946792607 1 826
1587946811794 1 827
1587946830964 1 828
1587946850263 1 829
1587946869616 1 830
1587946888890 1 831
1587946908883 1 832
1587946928231 1 833
1587946947636 1 834
1587946967134 1 835
1587946986623 1 836
1587947006063 1 837
1587947025426 1 838
1587947044731 1 839
1587947064339 1 840
1587947084245 1 841
1587947103684 1 842
1587947123024 1 843
1587947142365 1 844
1587947161732 1 845
1587947181139 1 846
1587947201209 1 847
1587947220591 1 848
1587947240045 1 849
1587947259456 1 850
1587947279446 1 851
1587947298892 1 852
1587947318359 1 853
1587947337784 1 854
1587947357276 1 855
1587947376729 1 856
1587947396219 1 857
1587947415870 1 858
1587947435427 1 859
1587947455734 1 860
1587947475283 1 861
1587947494840 1 862
1587947514379 1 863
1587947533995 1 864
1587947553588 1 865
1587947573241 1 866
1587947593003 1 867
1587947612622 1 868
1587947632785 1 869
1587947652502 1 870
1587947672150 1 871
1587947691821 1 872
1587947711547 1 873
1587947731236 1 874
1587947750928 1 875
1587947770636 1 876
1587947790336 1 877
1587947810497 1 878
1587947830271 1 879
1587947850368 1 880
1587947870135 1 881
1587947889948 1 882
1587947909731 1 883
1587947929536 1 884
1587947949401 1 885
1587947969293 1 886
1587947989704 1 887
1587948009571 1 888
1587948029396 1 889
1587948049267 1 890
1587948069216 1 891
1587948089114 1 892
1587948109013 1 893
1587948129085 1 894
1587948149103 1 895
1587948169488 1 896
1587948189431 1 897
1587948209321 1 898
1587948229280 1 899
1587948249669 1 900
1587948269719 1 901
1587948289731 1 902
1587948309733 1 903
1587948329815 1 904
1587948350429 1 905
1587948370468 1 906
1587948390453 1 907
1587948410520 1 908
1587948430714 1 909
1587948450767 1 910
1587948470829 1 911
1587948490992 1 912
1587948511210 1 913
1587948531873 1 914
1587948552057 1 915
1587948572211 1 916
1587948592401 1 917
1587948612624 1 918
1587948632808 1 919
1587948653377 1 920
1587948673562 1 921
1587948693757 1 922
1587948714411 1 923
1587948734685 1 924
1587948754961 1 925
1587948775218 1 926
1587948795484 1 927
1587948815756 1 928
1587948836040 1 929
1587948856352 1 930
1587948876690 1 931
1587948897568 1 932
1587948917935 1 933
1587948938458 1 934
1587948958842 1 935
1587948979351 1 936
1587948999809 1 937
1587949020559 1 938
1587949041214 1 939
1587949062292 1 940
1587949082947 1 941
1587949103367 1 942
1587949123939 1 943
1587949144425 1 944
1587949164884 1 945
1587949185362 1 946
1587949205897 1 947
1587949226420 1 948
1587949247463 1 949
1587949268006 1 950
1587949288543 1 951
1587949309043 1 952
1587949329589 1 953
1587949350104 1 954
1587949370860 1 955
1587949391651 1 956
1587949412264 1 957
1587949433550 1 958
1587949454231 1 959
1587949475262 1 960
1587949496021 1 961
1587949516719 1 962
1587949537481 1 963
1587949558308 1 964
1587949579005 1 965
1587949599717 1 966
1587949620911 1 967
1587949641644 1 968
1587949662403 1 969
1587949683175 1 970
1587949704271 1 971
1587949724995 1 972
1587949745787 1 973
1587949766557 1 974
1587949787870 1 975
1587949808679 1 976
1587949829499 1 977
1587949850299 1 978
1587949871099 1 979
1587949892316 1 980
1587949913129 1 981
1587949934044 1 982
1587949955053 1 983
1587949976459 1 984
1587949997434 1 985
1587950018418 1 986
1587950039590 1 987
1587950060766 1 988
1587950081756 1 989
1587950102771 1 990
1587950123758 1 991
1587950145477 1 992
1587950166615 1 993
1587950187761 1 994
1587950208805 1 995
1587950229977 1 996
1587950251122 1 997
1587950272449 1 998
1587950293706 1 999
1587950315492 1 1000
1587950337192 1 1001
1587950358273 1 1002
1587950379336 1 1003
1587950400422 1 1004
1587950421536 1 1005
1587950442645 1 1006
1587950463725 1 1007
1587950484836 1 1008
1587950506418 1 1009
1587950527669 1 1010
1587950548949 1 1011
1587950570184 1 1012
1587950591526 1 1013
1587950612770 1 1014
1587950634023 1 1015
1587950655271 1 1016
1587950676444 1 1017
1587950698156 1 1018
1587950719362 1 1019
1587950740882 1 1020
1587950762095 1 1021
1587950783377 1 1022
1587950804582 1 1023
1587950825791 1 1024
1587950847191 1 1025
1587950868773 1 1026
1587950889915 1 1027
1587950911060 1 1028
1587950932470 1 1029
1587950953691 1 1030
1587950974910 1 1031
1587950996245 1 1032
1587951017808 1 1033
1587951039030 1 1034
1587951060836 1 1035
1587951082037 1 1036
1587951103392 1 1037
1587951124799 1 1038
1587951146116 1 1039
1587951167770 1 1040
1587951189105 1 1041
1587951210455 1 1042
1587951232486 1 1043
1587951253784 1 1044
1587951274980 1 1045
1587951296224 1 1046
1587951317548 1 1047
1587951339172 1 1048
1587951360547 1 1049
1587951381985 1 1050
1587951404010 1 1051
1587951425479 1 1052
1587951446973 1 1053
1587951468228 1 1054
1587951489434 1 1055
1587951510607 1 1056
1587951531767 1 1057
1587951553025 1 1058
1587951574200 1 1059
1587951596306 1 1060
1587951617668 1 1061
1587951638880 1 1062
1587951660077 1 1063
1587951681361 1 1064
1587951702581 1 1065
1587951723927 1 1066
1587951745446 1 1067
1587951767462 1 1068
1587951788901 1 1069
1587951810223 1 1070
1587951831413 1 1071
1587951852727 1 1072
1587951873973 1 1073
1587951895179 1 1074
1587951916508 1 1075
1587951937831 1 1076
1587951959632 1 1077
1587951980874 1 1078
1587952002179 1 1079
1587952023971 1 1080
1587952045363 1 1081
1587952066743 1 1082
1587952088000 1 1083
1587952109241 1 1084
1587952130976 1 1085
1587952152267 1 1086
1587952173229 1 1087
1587952194179 1 1088
1587952215210 1 1089
1587952236344 1 1090
1587952257365 1 1091
1587952278384 1 1092
1587952299454 1 1093
1587952320996 1 1094
1587952342157 1 1095
1587952363121 1 1096
1587952384199 1 1097
1587952405245 1 1098
1587952426232 1 1099
1587952447688 1 1100
1587952468771 1 1101
1587952490285 1 1102
1587952511451 1 1103
1587952532598 1 1104
1587952553777 1 1105
1587952574930 1 1106
1587952595984 1 1107
1587952617054 1 1108
1587952638272 1 1109
1587952659299 1 1110
1587952680943 1 1111
1587952702030 1 1112
1587952723093 1 1113
1587952744178 1 1114
1587952765251 1 1115
1587952786316 1 1116
1587952807420 1 1117
1587952828478 1 1118
1587952850013 1 1119
1587952871544 1 1120
1587952892665 1 1121
1587952913858 1 1122
1587952934895 1 1123
1587952955904 1 1124
1587952976920 1 1125
1587952997987 1 1126
1587953018998 1 1127
1587953040567 1 1128
1587953061629 1 1129
1587953082702 1 1130
1587953103908 1 1131
1587953125047 1 1132
1587953146494 1 1133
1587953167886 1 1134
1587953189018 1 1135
1587953210698 1 1136
1587953231858 1 1137
1587953252991 1 1138
1587953274163 1 1139
1587953295757 1 1140
1587953317100 1 1141
1587953338361 1 1142
1587953359538 1 1143
1587953380852 1 1144
1587953402500 1 1145
1587953423564 1 1146
1587953444736 1 1147
1587953465900 1 1148
1587953487023 1 1149
1587953508154 1 1150
1587953529355 1 1151
1587953550601 1 1152
1587953572395 1 1153
1587953593860 1 1154
1587953615208 1 1155
1587953636530 1 1156
1587953657684 1 1157
1587953678776 1 1158
1587953699823 1 1159
1587953721282 1 1160
1587953742873 1 1161
1587953764102 1 1162
1587953785337 1 1163
1587953806549 1 1164
1587953827758 1 1165
1587953848904 1 1166
1587953870202 1 1167
1587953891396 1 1168
1587953912639 1 1169
1587953934270 1 1170
1587953955366 1 1171
1587953976483 1 1172
1587953997500 1 1173
1587954018597 1 1174
1587954039710 1 1175
1587954060732 1 1176
1587954081786 1 1177
1587954103510 1 1178
1587954124611 1 1179
1587954146070 1 1180
1587954167112 1 1181
1587954188168 1 1182
1587954209212 1 1183
1587954230251 1 1184
1587954251322 1 1185
1587954272396 1 1186
1587954294054 1 1187
1587954315160 1 1188
1587954336178 1 1189
1587954357186 1 1190
1587954378343 1 1191
1587954399408 1 1192
1587954420506 1 1193
1587954441796 1 1194
1587954463510 1 1195
1587954484673 1 1196
1587954505714 1 1197
1587954526773 1 1198
1587954547839 1 1199
1587954569241 1 1200
1587954590356 1 1201
1587954611624 1 1202
1587954632715 1 1203
1587954654527 1 1204
1587954675613 1 1205
1587954696648 1 1206
1587954717718 1 1207
1587954739006 1 1208
1587954760259 1 1209
1587954781555 1 1210
1587954802848 1 1211
1587954824627 1 1212
1587954845825 1 1213
1587954867010 1 1214
1587954888180 1 1215
1587954909513 1 1216
1587954930649 1 1217
1587954951838 1 1218
1587954973037 1 1219
1587954994621 1 1220
1587955016351 1 1221
1587955037648 1 1222
1587955058914 1 1223
1587955080194 1 1224
1587955101499 1 1225
1587955122711 1 1226
1587955143913 1 1227
1587955165079 1 1228
1587955186714 1 1229
1587955207896 1 1230
1587955229089 1 1231
1587955250283 1 1232
1587955271525 1 1233
1587955292660 1 1234
1587955313879 1 1235
1587955335166 1 1236
1587955356327 1 1237
1587955377935 1 1238
1587955399069 1 1239
1587955420466 1 1240
1587955441582 1 1241
1587955462671 1 1242
1587955483674 1 1243
1587955504752 1 1244
1587955525780 1 1245
1587955547176 1 1246
1587955568214 1 1247
1587955589274 1 1248
1587955610302 1 1249
1587955631540 1 1250
1587955652792 1 1251
1587955674054 1 1252
1587955695304 1 1253
1587955716600 1 1254
1587955738350 1 1255
1587955759577 1 1256
1587955780776 1 1257
1587955802003 1 1258
1587955823219 1 1259
1587955844747 1 1260
1587955865947 1 1261
1587955887068 1 1262
1587955908621 1 1263
1587955929878 1 1264
1587955951119 1 1265
1587955972371 1 1266
1587955993633 1 1267
1587956014843 1 1268
1587956036088 1 1269
1587956057247 1 1270
1587956078373 1 1271
1587956100032 1 1272
1587956121156 1 1273
1587956142289 1 1274
1587956163450 1 1275
1587956184631 1 1276
1587956205722 1 1277
1587956226941 1 1278
1587956248102 1 1279
1587956270225 1 1280
1587956291561 1 1281
1587956312681 1 1282
1587956333782 1 1283
1587956354950 1 1284
1587956376059 1 1285
1587956397154 1 1286
1587956418317 1 1287
1587956439445 1 1288
1587956461024 1 1289
1587956482144 1 1290
1587956503271 1 1291
1587956524457 1 1292
1587956545624 1 1293
1587956566786 1 1294
1587956587975 1 1295
1587956609075 1 1296
1587956630635 1 1297
1587956651707 1 1298
1587956672708 1 1299
1587956694101 1 1300
1587956715505 1 1301
1587956736487 1 1302
1587956757465 1 1303
1587956778516 1 1304
1587956799505 1 1305
1587956821254 1 1306
1587956842405 1 1307
1587956863519 1 1308
1587956884654 1 1309
1587956905863 1 1310
1587956926985 1 1311
1587956948179 1 1312
1587956969303 1 1313
1587956991001 1 1314
1587957012141 1 1315
1587957033344 1 1316
1587957054477 1 1317
1587957075644 1 1318
1587957096743 1 1319
1587957118205 1 1320
1587957139414 1 1321
1587957160541 1 1322
1587957182093 1 1323
1587957203155 1 1324
1587957224175 1 1325
1587957245264 1 1326
1587957266248 1 1327
1587957287234 1 1328
1587957308264 1 1329
1587957329270 1 1330
1587957350610 1 1331
1587957371704 1 1332
1587957392741 1 1333
1587957413730 1 1334
1587957434781 1 1335
1587957455799 1 1336
1587957476811 1 1337
1587957497827 1 1338
1587957518894 1 1339
1587957540699 1 1340
1587957561691 1 1341
1587957582687 1 1342
1587957603760 1 1343
1587957624780 1 1344
1587957645793 1 1345
1587957666877 1 1346
1587957687893 1 1347
1587957709541 1 1348
1587957730681 1 1349
1587957751801 1 1350
1587957772894 1 1351
1587957794051 1 1352
1587957815223 1 1353
1587957836356 1 1354
1587957857501 1 1355
1587957878587 1 1356
1587957900244 1 1357
1587957921396 1 1358
1587957942480 1 1359
1587957963999 1 1360
1587957985122 1 1361
1587958006191 1 1362
1587958027328 1 1363
1587958048432 1 1364
1587958070066 1 1365
1587958091201 1 1366
1587958112316 1 1367
1587958133306 1 1368
1587958154294 1 1369
1587958175313 1 1370
1587958196273 1 1371
1587958217315 1 1372
1587958238388 1 1373
1587958259861 1 1374
1587958280987 1 1375
1587958301944 1 1376
1587958322924 1 1377
1587958343950 1 1378
1587958364942 1 1379
1587958386330 1 1380
1587958407311 1 1381
1587958428886 1 1382
1587958449939 1 1383
1587958470927 1 1384
1587958491904 1 1385
1587958513287 1 1386
1587958534249 1 1387
1587958555247 1 1388
1587958576301 1 1389
1587958597305 1 1390
1587958618853 1 1391
1587958640010 1 1392
1587958661145 1 1393
1587958682269 1 1394
1587958703348 1 1395
1587958724412 1 1396
1587958745573 1 1397
1587958766710 1 1398
1587958788355 1 1399
1587958809880 1 1400
1587958831041 1 1401
1587958852082 1 1402
1587958873221 1 1403
1587958894289 1 1404
1587958915367 1 1405
1587958936547 1 1406
1587958957681 1 1407
1587958979336 1 1408
1587959000584 1 1409
1587959021739 1 1410
1587959043004 1 1411
1587959064358 1 1412
1587959085481 1 1413
1587959106661 1 1414
1587959128057 1 1415
1587959149674 1 1416
1587959170887 1 1417
1587959192089 1 1418
1587959213275 1 1419
1587959234883 1 1420
1587959256165 1 1421
1587959277557 1 1422
1587959298847 1 1423
1587959320159 1 1424
1587959341891 1 1425
1587959362966 1 1426
1587959383913 1 1427
1587959404926 1 1428
1587959425895 1 1429
1587959446844 1 1430
1587959467847 1 1431
1587959488803 1 1432
1587959510314 1 1433
1587959531395 1 1434
1587959552381 1 1435
1587959573409 1 1436
1587959594500 1 1437
1587959615518 1 1438
1587959636545 1 1439
1587959657953 1 1440
1587959678994 1 1441
1587959700527 1 1442
1587959721581 1 1443
1587959742617 1 1444
1587959763695 1 1445
1587959784808 1 1446
1587959805812 1 1447
1587959826930 1 1448
1587959848049 1 1449
1587959869712 1 1450
1587959890836 1 1451
1587959911894 1 1452
1587959932910 1 1453
1587959953962 1 1454
1587959975018 1 1455
1587959995995 1 1456
1587960017006 1 1457
1587960037959 1 1458
1587960059343 1 1459
1587960080705 1 1460
1587960101721 1 1461
1587960122806 1 1462
1587960143898 1 1463
1587960165014 1 1464
1587960186118 1 1465
1587960207215 1 1466
1587960228895 1 1467
1587960250018 1 1468
1587960271141 1 1469
1587960292242 1 1470
1587960313360 1 1471
1587960334367 1 1472
1587960355415 1 1473
1587960376453 1 1474
1587960397480 1 1475
1587960419096 1 1476
1587960440155 1 1477
1587960461208 1 1478
1587960482282 1 1479
1587960503714 1 1480
1587960524717 1 1481
1587960545726 1 1482
1587960566717 1 1483
1587960588249 1 1484
1587960609250 1 1485
1587960630247 1 1486
1587960651158 1 1487
1587960672237 1 1488
1587960693198 1 1489
1587960714131 1 1490
1587960735127 1 1491
1587960756116 1 1492
1587960777695 1 1493
1587960798698 1 1494
1587960819660 1 1495
1587960840661 1 1496
1587960861775 1 1497
1587960882698 1 1498
1587960903680 1 1499
1587960925045 1 1500
1587960946505 1 1501
1587960967523 1 1502
1587960988490 1 1503
1587961009489 1 1504
1587961030563 1 1505
1587961051590 1 1506
1587961072579 1 1507
1587961093630 1 1508
1587961114609 1 1509
1587961136119 1 1510
1587961157170 1 1511
1587961178133 1 1512
1587961199138 1 1513
1587961220201 1 1514
1587961241254 1 1515
1587961262258 1 1516
1587961283274 1 1517
1587961304843 1 1518
1587961325939 1 1519
1587961347427 1 1520
1587961368549 1 1521
1587961389672 1 1522
1587961410794 1 1523
1587961432006 1 1524
1587961453084 1 1525
1587961474168 1 1526
1587961495736 1 1527
1587961516832 1 1528
1587961538004 1 1529
1587961559069 1 1530
1587961580322 1 1531
1587961601379 1 1532
1587961622552 1 1533
1587961643795 1 1534
1587961665623 1 1535
1587961686783 1 1536
1587961707927 1 1537
1587961729033 1 1538
1587961750149 1 1539
1587961771538 1 1540
1587961792503 1 1541
1587961813589 1 1542
1587961834590 1 1543
1587961856136 1 1544
1587961877154 1 1545
1587961898161 1 1546
1587961919185 1 1547
1587961940283 1 1548
1587961961295 1 1549
1587961982345 1 1550
1587962003358 1 1551
1587962024796 1 1552
1587962045835 1 1553
1587962066830 1 1554
1587962087818 1 1555
1587962108838 1 1556
1587962129852 1 1557
1587962150850 1 1558
1587962171868 1 1559
1587962193226 1 1560
1587962214722 1 1561
1587962235878 1 1562
1587962257133 1 1563
1587962278350 1 1564
1587962299595 1 1565
1587962320806 1 1566
1587962342008 1 1567
1587962363168 1 1568
1587962384890 1 1569
1587962407280 1 1570
1587962428620 1 1571
1587962449990 1 1572
1587962471444 1 1573
1587962492778 1 1574
