1587934412275 1001 1
1587934424110 1001 2
1587934436047 1001 3
1587934448085 1001 4
1587934460101 1001 5
1587934472103 1001 6
1587934484630 1001 7
1587934496601 1001 8
1587934508627 1001 9
1587934520612 1001 10
1587934532665 1001 11
1587934544673 1001 12
1587934556656 1001 13
1587934568748 1001 14
1587934580779 1001 15
1587934592837 1001 16
1587934604857 1001 17
1587934616849 1001 18
1587934628957 1001 19
1587934641227 1001 20
1587934653293 1001 21
1587934666029 1001 22
1587934678117 1001 23
1587934690269 1001 24
1587934702396 1001 25
1587934714493 1001 26
1587934726582 1001 27
1587934738653 1001 28
1587934750753 1001 29
1587934762841 1001 30
1587934774973 1001 31
1587934787049 1001 32
1587934799111 1001 33
1587934811289 1001 34
1587934823384 1001 35
1587934835502 1001 36
1587934848209 1001 37
1587934860294 1001 38
1587934872436 1001 39
1587934884796 1001 40
1587934896900 1001 41
1587934909039 1001 42
1587934921197 1001 43
1587934933357 1001 44
1587934945504 1001 45
1587934957649 1001 46
1587934969801 1001 47
1587934981987 1001 48
1587934994169 1001 49
1587935006313 1001 50
1587935018460 1001 51
1587935031405 1001 52
1587935043601 1001 53
1587935055797 1001 54
1587935068049 1001 55
1587935080271 1001 56
1587935092425 1001 57
1587935104639 1001 58
1587935116890 1001 59
1587935129286 1001 60
1587935141465 1001 61
1587935153696 1001 62
1587935165944 1001 63
1587935178165 1001 64
1587935190426 1001 65
1587935203271 1001 66
1587935215645 1001 67
1587935227989 1001 68
1587935240329 1001 69
1587935252685 1001 70
1587935264945 1001 71
1587935277204 1001 72
1587935289493 1001 73
1587935301719 1001 74
1587935313993 1001 75
1587935326317 1001 76
1587935338629 1001 77
1587935350969 1001 78
1587935363305 1001 79
1587935375794 1001 80
1587935388721 1001 81
1587935400934 1001 82
1587935413190 1001 83
1587935425415 1001 84
1587935437693 1001 85
1587935449892 1001 86
1587935462149 1001 87
1587935474448 1001 88
1587935486753 1001 89
1587935499021 1001 90
1587935511321 1001 91
1587935523661 1001 92
1587935535949 1001 93
1587935548224 1001 94
1587935560566 1001 95
1587935573420 1001 96
1587935585719 1001 97
1587935598035 1001 98
1587935610367 1001 99
1587935622848 1001 100
1587935635247 1001 101
1587935647593 1001 102
1587935659923 1001 103
1587935672229 1001 104
1587935684545 1001 105
1587935696859 1001 106
1587935709241 1001 107
1587935721581 1001 108
1587935733915 1001 109
1587935746986 1001 110
1587935759329 1001 111
1587935771770 1001 112
1587935784097 1001 113
1587935796447 1001 114
1587935808769 1001 115
1587935821141 1001 116
1587935833570 1001 117
1587935846002 1001 118
1587935858489 1001 119
1587935871209 1001 120
1587935883669 1001 121
1587935896024 1001 122
1587935908421 1001 123
1587935921009 1001 124
1587935933904 1001 125
1587935946353 1001 126
1587935958765 1001 127
1587935971169 1001 128
1587935983627 1001 129
1587935996073 1001 130
1587936008532 1001 131
1587936020961 1001 132
1587936033421 1001 133
1587936045890 1001 134
1587936058342 1001 135
1587936070812 1001 136
1587936083293 1001 137
1587936095768 1001 138
1587936108986 1001 139
1587936121672 1001 140
1587936134150 1001 141
1587936146636 1001 142
1587936159110 1001 143
1587936171565 1001 144
1587936184089 1001 145
1587936196557 1001 146
1587936209045 1001 147
1587936221548 1001 148
1587936234037 1001 149
1587936246554 1001 150
1587936259085 1001 151
1587936271625 1001 152
1587936284818 1001 153
1587936297332 1001 154
1587936309959 1001 155
1587936322521 1001 156
1587936335041 1001 157
1587936347632 1001 158
1587936360225 1001 159
1587936373039 1001 160
1587936385609 1001 161
1587936398214 1001 162
1587936410789 1001 163
1587936423485 1001 164
1587936436237 1001 165
1587936448879 1001 166
1587936461887 1001 167
1587936474914 1001 168
1587936487541 1001 169
1587936500317 1001 170
1587936513036 1001 171
1587936525686 1001 172
1587936538317 1001 173
1587936550973 1001 174
1587936563605 1001 175
1587936576209 1001 176
1587936588808 1001 177
1587936601488 1001 178
1587936614245 1001 179
1587936627115 1001 180
1587936639791 1001 181
1587936653024 1001 182
1587936665683 1001 183
1587936678333 1001 184
1587936691061 1001 185
1587936703717 1001 186
1587936716448 1001 187
1587936729261 1001 188
1587936742068 1001 189
1587936754785 1001 190
1587936767480 1001 191
1587936780178 1001 192
1587936792894 1001 193
1587936805609 1001 194
1587936818317 1001 195
1587936831895 1001 196
1587936844661 1001 197
1587936857380 1001 198
1587936870145 1001 199
1587936883209 1001 200
1587936896022 1001 201
1587936908921 1001 202
1587936921705 1001 203
1587936934497 1001 204
1587936947301 1001 205
1587936960118 1001 206
1587936973013 1001 207
1587936985861 1001 208
1587936998690 1001 209
1587937012237 1001 210
1587937025129 1001 211
1587937037979 1001 212
1587937050882 1001 213
1587937063729 1001 214
1587937076619 1001 215
1587937089512 1001 216
1587937102377 1001 217
1587937115241 1001 218
1587937128161 1001 219
1587937141244 1001 220
1587937154165 1001 221
1587937167105 1001 222
1587937180075 1001 223
1587937193411 1001 224
1587937206385 1001 225
1587937219303 1001 226
1587937232273 1001 227
1587937245209 1001 228
1587937258134 1001 229
1587937271157 1001 230
1587937284108 1001 231
1587937297139 1001 232
1587937310145 1001 233
1587937323163 1001 234
1587937336173 1001 235
1587937349140 1001 236
1587937362765 1001 237
1587937375956 1001 238
1587937388988 1001 239
1587937402210 1001 240
1587937415249 1001 241
1587937428281 1001 242
1587937441394 1001 243
1587937454517 1001 244
1587937467651 1001 245
1587937480809 1001 246
1587937493948 1001 247
1587937507065 1001 248
1587937520181 1001 249
1587937533333 1001 250
1587937547385 1001 251
1587937560588 1001 252
1587937573749 1001 253
1587937586906 1001 254
1587937600054 1001 255
1587937613189 1001 256
1587937626477 1001 257
1587937639717 1001 258
1587937652938 1001 259
1587937666421 1001 260
1587937679604 1001 261
1587937692833 1001 262
1587937706099 1001 263
1587937719345 1001 264
1587937733284 1001 265
1587937746545 1001 266
1587937759791 1001 267
1587937773049 1001 268
1587937786313 1001 269
1587937799605 1001 270
1587937812932 1001 271
1587937826209 1001 272
1587937839474 1001 273
1587937852757 1001 274
1587937866113 1001 275
1587937879434 1001 276
1587937892853 1001 277
1587937906969 1001 278
1587937920309 1001 279
1587937933885 1001 280
1587937947215 1001 281
1587937960540 1001 282
1587937973914 1001 283
1587937987301 1001 284
1587938000669 1001 285
1587938014034 1001 286
1587938027453 1001 287
1587938040859 1001 288
1587938054297 1001 289
1587938067743 1001 290
1587938081388 1001 291
1587938095225 1001 292
1587938108724 1001 293
1587938122157 1001 294
1587938135734 1001 295
1587938149197 1001 296
1587938162691 1001 297
1587938176197 1001 298
1587938189669 1001 299
1587938203369 1001 300
1587938216996 1001 301
1587938230585 1001 302
1587938244081 1001 303
1587938257605 1001 304
1587938271837 1001 305
1587938285389 1001 306
1587938298911 1001 307
1587938312473 1001 308
1587938326097 1001 309
1587938339669 1001 310
1587938353297 1001 311
1587938366889 1001 312
1587938380456 1001 313
1587938394086 1001 314
1587938407807 1001 315
1587938421473 1001 316
1587938435176 1001 317
1587938449552 1001 318
1587938463322 1001 319
1587938477393 1001 320
1587938491093 1001 321
1587938504765 1001 322
1587938518493 1001 323
1587938532219 1001 324
1587938545981 1001 325
1587938559754 1001 326
1587938573585 1001 327
1587938587390 1001 328
1587938601221 1001 329
1587938615021 1001 330
1587938629577 1001 331
1587938643585 1001 332
1587938657461 1001 333
1587938671321 1001 334
1587938685149 1001 335
1587938698997 1001 336
1587938712815 1001 337
1587938726649 1001 338
1587938740549 1001 339
1587938754736 1001 340
1587938768665 1001 341
1587938782657 1001 342
1587938796637 1001 343
1587938811309 1001 344
1587938825302 1001 345
1587938839297 1001 346
1587938853293 1001 347
1587938867325 1001 348
1587938881371 1001 349
1587938895547 1001 350
1587938909566 1001 351
1587938923673 1001 352
1587938937852 1001 353
1587938951881 1001 354
1587938965866 1001 355
1587938979862 1001 356
1587938994473 1001 357
1587939008568 1001 358
1587939022633 1001 359
1587939036938 1001 360
1587939050997 1001 361
1587939065117 1001 362
1587939079277 1001 363
1587939093357 1001 364
1587939107463 1001 365
1587939121578 1001 366
1587939135751 1001 367
1587939149869 1001 368
1587939164657 1001 369
1587939178801 1001 370
1587939193005 1001 371
1587939207137 1001 372
1587939221281 1001 373
1587939235479 1001 374
1587939249701 1001 375
1587939263913 1001 376
1587939278171 1001 377
1587939292400 1001 378
1587939306662 1001 379
1587939321222 1001 380
1587939335549 1001 381
1587939350576 1001 382
1587939364846 1001 383
1587939379108 1001 384
1587939393378 1001 385
1587939407669 1001 386
1587939422025 1001 387
1587939436453 1001 388
1587939450997 1001 389
1587939465505 1001 390
1587939479953 1001 391
1587939494482 1001 392
1587939508853 1001 393
1587939523921 1001 394
1587939538275 1001 395
1587939552701 1001 396
1587939567079 1001 397
1587939581446 1001 398
1587939595844 1001 399
1587939610565 1001 400
1587939625117 1001 401
1587939639552 1001 402
1587939653985 1001 403
1587939668481 1001 404
1587939682921 1001 405
1587939697397 1001 406
1587939712533 1001 407
1587939727050 1001 408
1587939741747 1001 409
1587939756259 1001 410
1587939770750 1001 411
1587939785327 1001 412
1587939799848 1001 413
1587939814421 1001 414
1587939828974 1001 415
1587939843581 1001 416
1587939858149 1001 417
1587939872749 1001 418
1587939887988 1001 419
1587939902878 1001 420
1587939917500 1001 421
1587939932144 1001 422
1587939946785 1001 423
1587939961426 1001 424
1587939976185 1001 425
1587939990933 1001 426
1587940005599 1001 427
1587940020311 1001 428
1587940035069 1001 429
1587940049797 1001 430
1587940065144 1001 431
1587940079877 1001 432
1587940094607 1001 433
1587940109337 1001 434
1587940124083 1001 435
1587940138818 1001 436
1587940153649 1001 437
1587940168421 1001 438
1587940183259 1001 439
1587940198385 1001 440
1587940213286 1001 441
1587940228146 1001 442
1587940243683 1001 443
1587940258501 1001 444
1587940273355 1001 445
1587940288285 1001 446
1587940303129 1001 447
1587940317985 1001 448
1587940333075 1001 449
1587940348161 1001 450
1587940363212 1001 451
1587940378357 1001 452
1587940393542 1001 453
1587940408579 1001 454
1587940424449 1001 455
1587940439429 1001 456
1587940454506 1001 457
1587940469472 1001 458
1587940484470 1001 459
1587940499692 1001 460
1587940514747 1001 461
1587940529780 1001 462
1587940544843 1001 463
1587940559877 1001 464
1587940575004 1001 465
1587940590091 1001 466
1587940605725 1001 467
1587940620805 1001 468
1587940635977 1001 469
1587940651113 1001 470
1587940666249 1001 471
1587940681373 1001 472
1587940696549 1001 473
1587940711791 1001 474
1587940727002 1001 475
1587940742337 1001 476
1587940757525 1001 477
1587940772760 1001 478
1587940788678 1001 479
1587940804240 1001 480
1587940819526 1001 481
1587940834778 1001 482
1587940850065 1001 483
1587940865382 1001 484
1587940880685 1001 485
1587940896027 1001 486
1587940911314 1001 487
1587940926799 1001 488
1587940942223 1001 489
1587940957522 1001 490
1587940973436 1001 491
1587940988824 1001 492
1587941004147 1001 493
1587941019462 1001 494
1587941034836 1001 495
1587941050293 1001 496
1587941065700 1001 497
1587941081069 1001 498
1587941096464 1001 499
1587941112188 1001 500
1587941127604 1001 501
1587941143756 1001 502
1587941159205 1001 503
1587941174702 1001 504
1587941190195 1001 505
1587941205683 1001 506
1587941221266 1001 507
1587941236783 1001 508
1587941252310 1001 509
1587941267843 1001 510
1587941283403 1001 511
1587941298947 1001 512
1587941314535 1001 513
1587941330809 1001 514
1587941346433 1001 515
1587941362010 1001 516
1587941377621 1001 517
1587941393234 1001 518
1587941408890 1001 519
1587941424820 1001 520
1587941440512 1001 521
1587941456171 1001 522
1587941471852 1001 523
1587941487545 1001 524
1587941503984 1001 525
1587941519695 1001 526
1587941535440 1001 527
1587941551224 1001 528
1587941567102 1001 529
1587941582996 1001 530
1587941598796 1001 531
1587941614605 1001 532
1587941630405 1001 533
1587941646268 1001 534
1587941662139 1001 535
1587941677986 1001 536
1587941694460 1001 537
1587941710373 1001 538
1587941726239 1001 539
1587941742417 1001 540
1587941758364 1001 541
1587941774452 1001 542
1587941790407 1001 543
1587941806383 1001 544
1587941822370 1001 545
1587941838355 1001 546
1587941854530 1001 547
1587941871054 1001 548
1587941887116 1001 549
1587941903145 1001 550
1587941919136 1001 551
1587941935284 1001 552
1587941951384 1001 553
1587941967438 1001 554
1587941983461 1001 555
1587941999540 1001 556
1587942015708 1001 557
1587942031813 1001 558
1587942048508 1001 559
1587942064963 1001 560
1587942081115 1001 561
1587942097279 1001 562
1587942113426 1001 563
1587942129622 1001 564
1587942145792 1001 565
1587942161961 1001 566
1587942178155 1001 567
1587942194419 1001 568
1587942210676 1001 569
1587942227536 1001 570
1587942243833 1001 571
1587942260096 1001 572
1587942276400 1001 573
1587942292687 1001 574
1587942308986 1001 575
1587942325282 1001 576
1587942341590 1001 577
1587942357851 1001 578
1587942374234 1001 579
1587942390850 1001 580
1587942407743 1001 581
1587942424099 1001 582
1587942440472 1001 583
1587942456863 1001 584
1587942473227 1001 585
1587942489669 1001 586
1587942506081 1001 587
1587942522504 1001 588
1587942538925 1001 589
1587942555404 1001 590
1587942571904 1001 591
1587942588984 1001 592
1587942605495 1001 593
1587942621988 1001 594
1587942638490 1001 595
1587942655029 1001 596
1587942671629 1001 597
1587942688165 1001 598
1587942704747 1001 599
1587942721737 1001 600
1587942738498 1001 601
1587942755106 1001 602
1587942772042 1001 603
1587942788747 1001 604
1587942805440 1001 605
1587942822070 1001 606
1587942838721 1001 607
1587942855396 1001 608
1587942872089 1001 609
1587942888742 1001 610
1587942905424 1001 611
1587942922119 1001 612
1587942938833 1001 613
1587942956148 1001 614
1587942972889 1001 615
1587942989649 1001 616
1587943006452 1001 617
1587943023378 1001 618
1587943040226 1001 619
1587943057282 1001 620
1587943074084 1001 621
1587943090914 1001 622
1587943107692 1001 623
1587943125091 1001 624
1587943141922 1001 625
1587943158778 1001 626
1587943175638 1001 627
1587943192506 1001 628
1587943209435 1001 629
1587943226425 1001 630
1587943243361 1001 631
1587943260262 1001 632
1587943277223 1001 633
1587943294172 1001 634
1587943311725 1001 635
1587943328680 1001 636
1587943345664 1001 637
1587943362609 1001 638
1587943379610 1001 639
1587943396939 1001 640
1587943413954 1001 641
1587943431010 1001 642
1587943448105 1001 643
1587943465141 1001 644
1587943482631 1001 645
1587943499882 1001 646
1587943517030 1001 647
1587943534160 1001 648
1587943551317 1001 649
1587943568491 1001 650
1587943585734 1001 651
1587943602879 1001 652
1587943620035 1001 653
1587943637238 1001 654
1587943654442 1001 655
1587943672104 1001 656
1587943689363 1001 657
1587943706632 1001 658
1587943723860 1001 659
1587943741563 1001 660
1587943758963 1001 661
1587943776319 1001 662
1587943793830 1001 663
1587943811159 1001 664
1587943828462 1001 665
1587943846767 1001 666
1587943864247 1001 667
1587943881851 1001 668
1587943899353 1001 669
1587943916816 1001 670
1587943934275 1001 671
1587943951646 1001 672
1587943969047 1001 673
1587943986844 1001 674
1587944004341 1001 675
1587944022436 1001 676
1587944040204 1001 677
1587944057715 1001 678
1587944075200 1001 679
1587944092963 1001 680
1587944110494 1001 681
1587944127985 1001 682
1587944145558 1001 683
1587944163138 1001 684
1587944180696 1001 685
1587944198278 1001 686
1587944216366 1001 687
1587944233951 1001 688
1587944251549 1001 689
1587944269120 1001 690
1587944286744 1001 691
1587944304371 1001 692
1587944321959 1001 693
1587944339602 1001 694
1587944357274 1001 695
1587944374967 1001 696
1587944393303 1001 697
1587944411038 1001 698
1587944428754 1001 699
1587944446917 1001 700
1587944464642 1001 701
1587944482355 1001 702
1587944500105 1001 703
1587944517956 1001 704
1587944535781 1001 705
1587944553658 1001 706
1587944572316 1001 707
1587944590317 1001 708
1587944608368 1001 709
1587944626225 1001 710
1587944644134 1001 711
1587944662037 1001 712
1587944679894 1001 713
1587944697898 1001 714
1587944715866 1001 715
1587944733829 1001 716
1587944752375 1001 717
1587944770440 1001 718
1587944788564 1001 719
1587944806991 1001 720
1587944825483 1001 721
1587944843460 1001 722
1587944861558 1001 723
1587944879546 1001 724
1587944897592 1001 725
1587944915622 1001 726
1587944934184 1001 727
1587944952285 1001 728
1587944970332 1001 729
1587944988476 1001 730
1587945006657 1001 731
1587945024764 1001 732
1587945042856 1001 733
1587945060992 1001 734
1587945079227 1001 735
1587945097417 1001 736
1587945116356 1001 737
1587945134633 1001 738
1587945152902 1001 739
1587945171548 1001 740
1587945189908 1001 741
1587945208272 1001 742
1587945226539 1001 743
1587945244945 1001 744
1587945263373 1001 745
1587945281893 1001 746
1587945300661 1001 747
1587945318950 1001 748
1587945337227 1001 749
1587945355490 1001 750
1587945373842 1001 751
1587945392200 1001 752
1587945410487 1001 753
1587945428879 1001 754
1587945447193 1001 755
1587945466019 1001 756
1587945484375 1001 757
1587945502745 1001 758
1587945521125 1001 759
1587945539895 1001 760
1587945558468 1001 761
1587945577014 1001 762
1587945595722 1001 763
1587945614345 1001 764
1587945633031 1001 765
1587945652248 1001 766
1587945670930 1001 767
1587945689586 1001 768
1587945708260 1001 769
1587945727027 1001 770
1587945745751 1001 771
1587945764632 1001 772
1587945783416 1001 773
1587945802246 1001 774
1587945821085 1001 775
1587945840391 1001 776
1587945859197 1001 777
1587945877989 1001 778
1587945896764 1001 779
1587945916069 1001 780
1587945934917 1001 781
1587945953772 1001 782
1587945972668 1001 783
1587945991562 1001 784
1587946011065 1001 785
1587946029935 1001 786
1587946048833 1001 787
1587946067684 1001 788
1587946086712 1001 789
1587946105587 1001 790
1587946124604 1001 791
1587946143390 1001 792
1587946162136 1001 793
1587946181148 1001 794
1587946200398 1001 795
1587946219211 1001 796
1587946238003 1001 797
1587946256799 1001 798
1587946275714 1001 799
1587946294908 1001 800
1587946313972 1001 801
1587946332974 1001 802
1587946351865 1001 803
1587946371364 1001 804
1587946390324 1001 805
1587946409223 1001 806
1587946428093 1001 807
1587946447061 1001 808
1587946465947 1001 809
1587946484893 1001 810
1587946503871 1001 811
1587946522825 1001 812
1587946542040 1001 813
1587946561294 1001 814
1587946580356 1001 815
1587946599431 1001 816
1587946618492 1001 817
1587946637733 1001 818
1587946656818 1001 819
1587946676447 1001 820
1587946695674 1001 821
1587946714853 1001 822
1587946734914 1001 823
1587946754272 1001 824
1587946773437 1001 825
1587946792607 1001 826
1587946811794 1001 827
1587946830964 1001 828
1587946850263 1001 829
1587946869616 1001 830
1587946888890 1001 831
1587946908883 1001 832
1587946928231 1001 833
1587946947636 1001 834
1587946967134 1001 835
1587946986623 1001 836
1587947006063 1001 837
1587947025426 1001 838
1587947044731 1001 839
1587947064339 1001 840
1587947084245 1001 841
1587947103684 1001 842
1587947123024 1001 843
1587947142365 1001 844
1587947161732 1001 845
1587947181139 1001 846
1587947201209 1001 847
1587947220591 1001 848
1587947240045 1001 849
1587947259456 1001 850
1587947279446 1001 851
1587947298892 1001 852
1587947318359 1001 853
1587947337784 1001 854
1587947357276 1001 855
1587947376729 1001 856
1587947396219 1001 857
1587947415870 1001 858
1587947435427 1001 859
1587947455734 1001 860
1587947475283 1001 861
1587947494840 1001 862
1587947514379 1001 863
1587947533995 1001 864
1587947553588 1001 865
1587947573241 1001 866
1587947593003 1001 867
1587947612622 1001 868
1587947632785 1001 869
1587947652502 1001 870
1587947672150 1001 871
1587947691821 1001 872
1587947711547 1001 873
1587947731236 1001 874
1587947750928 1001 875
1587947770636 1001 876
1587947790336 1001 877
1587947810497 1001 878
1587947830271 1001 879
1587947850368 1001 880
1587947870135 1001 881
1587947889948 1001 882
1587947909731 1001 883
1587947929536 1001 884
1587947949401 1001 885
1587947969293 1001 886
1587947989704 1001 887
1587948009571 1001 888
1587948029396 1001 889
1587948049267 1001 890
1587948069216 1001 891
1587948089114 1001 892
1587948109013 1001 893
1587948129085 1001 894
1587948149103 1001 895
1587948169488 1001 896
1587948189431 1001 897
1587948209321 1001 898
1587948229280 1001 899
1587948249669 1001 900
1587948269719 1001 901
1587948289731 1001 902
1587948309733 1001 903
1587948329815 1001 904
1587948350429 1001 905
1587948370468 1001 906
1587948390453 1001 907
1587948410520 1001 908
1587948430714 1001 909
1587948450767 1001 910
1587948470829 1001 911
1587948490992 1001 912
1587948511210 1001 913
1587948531873 1001 914
1587948552057 1001 915
1587948572211 1001 916
1587948592401 1001 917
1587948612624 1001 918
1587948632808 1001 919
1587948653377 1001 920
1587948673562 1001 921
1587948693757 1001 922
1587948714411 1001 923
1587948734685 1001 924
1587948754961 1001 925
1587948775218 1001 926
1587948795484 1001 927
1587948815756 1001 928
1587948836040 1001 929
1587948856352 1001 930
1587948876690 1001 931
1587948897568 1001 932
1587948917935 1001 933
1587948938458 1001 934
1587948958842 1001 935
1587948979351 1001 936
1587948999809 1001 937
1587949020559 1001 938
1587949041214 1001 939
1587949062292 1001 940
1587949082947 1001 941
1587949103367 1001 942
1587949123939 1001 943
1587949144425 1001 944
1587949164884 1001 945
1587949185362 1001 946
1587949205897 1001 947
1587949226420 1001 948
1587949247463 1001 949
1587949268006 1001 950
1587949288543 1001 951
1587949309043 1001 952
1587949329589 1001 953
1587949350104 1001 954
1587949370860 1001 955
1587949391651 1001 956
1587949412264 1001 957
1587949433550 1001 958
1587949454231 1001 959
1587949475262 1001 960
1587949496021 1001 961
1587949516719 1001 962
1587949537481 1001 963
1587949558308 1001 964
1587949579005 1001 965
1587949599717 1001 966
1587949620911 1001 967
1587949641644 1001 968
1587949662403 1001 969
1587949683175 1001 970
1587949704271 1001 971
1587949724995 1001 972
1587949745787 1001 973
1587949766557 1001 974
1587949787870 1001 975
1587949808679 1001 976
1587949829499 1001 977
1587949850299 1001 978
1587949871099 1001 979
1587949892316 1001 980
1587949913129 1001 981
1587949934044 1001 982
1587949955053 1001 983
1587949976459 1001 984
1587949997434 1001 985
1587950018418 1001 986
1587950039590 1001 987
1587950060766 1001 988
1587950081756 1001 989
1587950102771 1001 990
1587950123758 1001 991
1587950145477 1001 992
1587950166615 1001 993
1587950187761 1001 994
1587950208805 1001 995
1587950229977 1001 996
1587950251122 1001 997
1587950272449 1001 998
1587950293706 1001 999
1587950315492 1001 1000
1587950337192 1001 1001
1587950358273 1001 1002
1587950379336 1001 1003
1587950400422 1001 1004
1587950421536 1001 1005
1587950442645 1001 1006
1587950463725 1001 1007
1587950484836 1001 1008
1587950506418 1001 1009
1587950527669 1001 1010
1587950548949 1001 1011
1587950570184 1001 1012
1587950591526 1001 1013
1587950612770 1001 1014
1587950634023 1001 1015
1587950655271 1001 1016
1587950676444 1001 1017
1587950698156 1001 1018
1587950719362 1001 1019
1587950740882 1001 1020
1587950762095 1001 1021
1587950783377 1001 1022
1587950804582 1001 1023
1587950825791 1001 1024
1587950847191 1001 1025
1587950868773 1001 1026
1587950889915 1001 1027
1587950911060 1001 1028
1587950932470 1001 1029
1587950953691 1001 1030
1587950974910 1001 1031
1587950996245 1001 1032
1587951017808 1001 1033
1587951039030 1001 1034
1587951060836 1001 1035
1587951082037 1001 1036
1587951103392 1001 1037
1587951124799 1001 1038
1587951146116 1001 1039
1587951167770 1001 1040
1587951189105 1001 1041
1587951210455 1001 1042
1587951232486 1001 1043
1587951253784 1001 1044
1587951274980 1001 1045
1587951296224 1001 1046
1587951317548 1001 1047
1587951339172 1001 1048
1587951360547 1001 1049
1587951381985 1001 1050
1587951404010 1001 1051
1587951425479 1001 1052
1587951446973 1001 1053
1587951468228 1001 1054
1587951489434 1001 1055
1587951510607 1001 1056
1587951531767 1001 1057
1587951553025 1001 1058
1587951574200 1001 1059
1587951596306 1001 1060
1587951617668 1001 1061
1587951638880 1001 1062
1587951660077 1001 1063
1587951681361 1001 1064
1587951702581 1001 1065
1587951723927 1001 1066
1587951745446 1001 1067
1587951767462 1001 1068
1587951788901 1001 1069
1587951810223 1001 1070
1587951831413 1001 1071
1587951852727 1001 1072
1587951873973 1001 1073
1587951895179 1001 1074
1587951916508 1001 1075
1587951937831 1001 1076
1587951959632 1001 1077
1587951980874 1001 1078
1587952002179 1001 1079
1587952023971 1001 1080
1587952045363 1001 1081
1587952066743 1001 1082
1587952088000 1001 1083
1587952109241 1001 1084
1587952130976 1001 1085
1587952152267 1001 1086
1587952173229 1001 1087
1587952194179 1001 1088
1587952215210 1001 1089
1587952236344 1001 1090
1587952257365 1001 1091
1587952278384 1001 1092
1587952299454 1001 1093
1587952320996 1001 1094
1587952342157 1001 1095
1587952363121 1001 1096
1587952384199 1001 1097
1587952405245 1001 1098
1587952426232 1001 1099
1587952447688 1001 1100
1587952468771 1001 1101
1587952490285 1001 1102
1587952511451 1001 1103
1587952532598 1001 1104
1587952553777 1001 1105
1587952574930 1001 1106
1587952595984 1001 1107
1587952617054 1001 1108
1587952638272 1001 1109
1587952659299 1001 1110
1587952680943 1001 1111
1587952702030 1001 1112
1587952723093 1001 1113
1587952744178 1001 1114
1587952765251 1001 1115
1587952786316 1001 1116
1587952807420 1001 1117
1587952828478 1001 1118
1587952850013 1001 1119
1587952871544 1001 1120
1587952892665 1001 1121
1587952913858 1001 1122
1587952934895 1001 1123
1587952955904 1001 1124
1587952976920 1001 1125
1587952997987 1001 1126
1587953018998 1001 1127
1587953040567 1001 1128
1587953061629 1001 1129
1587953082702 1001 1130
1587953103908 1001 1131
1587953125047 1001 1132
1587953146494 1001 1133
1587953167886 1001 1134
1587953189018 1001 1135
1587953210698 1001 1136
1587953231858 1001 1137
1587953252991 1001 1138
1587953274163 1001 1139
1587953295757 1001 1140
1587953317100 1001 1141
1587953338361 1001 1142
1587953359538 1001 1143
1587953380852 1001 1144
1587953402500 1001 1145
1587953423564 1001 1146
1587953444736 1001 1147
1587953465900 1001 1148
1587953487023 1001 1149
1587953508154 1001 1150
1587953529355 1001 1151
1587953550601 1001 1152
1587953572395 1001 1153
1587953593860 1001 1154
1587953615208 1001 1155
1587953636530 1001 1156
1587953657684 1001 1157
1587953678776 1001 1158
1587953699823 1001 1159
1587953721282 1001 1160
1587953742873 1001 1161
1587953764102 1001 1162
1587953785337 1001 1163
1587953806549 1001 1164
1587953827758 1001 1165
1587953848904 1001 1166
1587953870202 1001 1167
1587953891396 1001 1168
1587953912639 1001 1169
1587953934270 1001 1170
1587953955366 1001 1171
1587953976483 1001 1172
1587953997500 1001 1173
1587954018597 1001 1174
1587954039710 1001 1175
1587954060732 1001 1176
1587954081786 1001 1177
1587954103510 1001 1178
1587954124611 1001 1179
1587954146070 1001 1180
1587954167112 1001 1181
1587954188168 1001 1182
1587954209212 1001 1183
1587954230251 1001 1184
1587954251322 1001 1185
1587954272396 1001 1186
1587954294054 1001 1187
1587954315160 1001 1188
1587954336178 1001 1189
1587954357186 1001 1190
1587954378343 1001 1191
1587954399408 1001 1192
1587954420506 1001 1193
1587954441796 1001 1194
1587954463510 1001 1195
1587954484673 1001 1196
1587954505714 1001 1197
1587954526773 1001 1198
1587954547839 1001 1199
1587954569241 1001 1200
1587954590356 1001 1201
1587954611624 1001 1202
1587954632715 1001 1203
1587954654527 1001 1204
1587954675613 1001 1205
1587954696648 1001 1206
1587954717718 1001 1207
1587954739006 1001 1208
1587954760259 1001 1209
1587954781555 1001 1210
1587954802848 1001 1211
1587954824627 1001 1212
1587954845825 1001 1213
1587954867010 1001 1214
1587954888180 1001 1215
1587954909513 1001 1216
1587954930649 1001 1217
1587954951838 1001 1218
1587954973037 1001 1219
1587954994621 1001 1220
1587955016351 1001 1221
1587955037648 1001 1222
1587955058914 1001 1223
1587955080194 1001 1224
1587955101499 1001 1225
1587955122711 1001 1226
1587955143913 1001 1227
1587955165079 1001 1228
1587955186714 1001 1229
1587955207896 1001 1230
1587955229089 1001 1231
1587955250283 1001 1232
1587955271525 1001 1233
1587955292660 1001 1234
1587955313879 1001 1235
1587955335166 1001 1236
1587955356327 1001 1237
1587955377935 1001 1238
1587955399069 1001 1239
1587955420466 1001 1240
1587955441582 1001 1241
1587955462671 1001 1242
1587955483674 1001 1243
1587955504752 1001 1244
1587955525780 1001 1245
1587955547176 1001 1246
1587955568214 1001 1247
1587955589274 1001 1248
1587955610302 1001 1249
1587955631540 1001 1250
1587955652792 1001 1251
1587955674054 1001 1252
1587955695304 1001 1253
1587955716600 1001 1254
1587955738350 1001 1255
1587955759577 1001 1256
1587955780776 1001 1257
1587955802003 1001 1258
1587955823219 1001 1259
1587955844747 1001 1260
1587955865947 1001 1261
1587955887068 1001 1262
1587955908621 1001 1263
1587955929878 1001 1264
1587955951119 1001 1265
1587955972371 1001 1266
1587955993633 1001 1267
1587956014843 1001 1268
1587956036088 1001 1269
1587956057247 1001 1270
1587956078373 1001 1271
1587956100032 1001 1272
1587956121156 1001 1273
1587956142289 1001 1274
1587956163450 1001 1275
1587956184631 1001 1276
1587956205722 1001 1277
1587956226941 1001 1278
1587956248102 1001 1279
1587956270225 1001 1280
1587956291561 1001 1281
1587956312681 1001 1282
1587956333782 1001 1283
1587956354950 1001 1284
1587956376059 1001 1285
1587956397154 1001 1286
1587956418317 1001 1287
1587956439445 1001 1288
1587956461024 1001 1289
1587956482144 1001 1290
1587956503271 1001 1291
1587956524457 1001 1292
1587956545624 1001 1293
1587956566786 1001 1294
1587956587975 1001 1295
1587956609075 1001 1296
1587956630635 1001 1297
1587956651707 1001 1298
1587956672708 1001 1299
1587956694101 1001 1300
1587956715505 1001 1301
1587956736487 1001 1302
1587956757465 1001 1303
1587956778516 1001 1304
1587956799505 1001 1305
1587956821254 1001 1306
1587956842405 1001 1307
1587956863519 1001 1308
1587956884654 1001 1309
1587956905863 1001 1310
1587956926985 1001 1311
1587956948179 1001 1312
1587956969303 1001 1313
1587956991001 1001 1314
1587957012141 1001 1315
1587957033344 1001 1316
1587957054477 1001 1317
1587957075644 1001 1318
1587957096743 1001 1319
1587957118205 1001 1320
1587957139414 1001 1321
1587957160541 1001 1322
1587957182093 1001 1323
1587957203155 1001 1324
1587957224175 1001 1325
1587957245264 1001 1326
1587957266248 1001 1327
1587957287234 1001 1328
1587957308264 1001 1329
1587957329270 1001 1330
1587957350610 1001 1331
1587957371704 1001 1332
1587957392741 1001 1333
1587957413730 1001 1334
1587957434781 1001 1335
1587957455799 1001 1336
1587957476811 1001 1337
1587957497827 1001 1338
1587957518894 1001 1339
1587957540699 1001 1340
1587957561691 1001 1341
1587957582687 1001 1342
1587957603760 1001 1343
1587957624780 1001 1344
1587957645793 1001 1345
1587957666877 1001 1346
1587957687893 1001 1347
1587957709541 1001 1348
1587957730681 1001 1349
1587957751801 1001 1350
1587957772894 1001 1351
1587957794051 1001 1352
1587957815223 1001 1353
1587957836356 1001 1354
1587957857501 1001 1355
1587957878587 1001 1356
1587957900244 1001 1357
1587957921396 1001 1358
1587957942480 1001 1359
1587957963999 1001 1360
1587957985122 1001 1361
1587958006191 1001 1362
1587958027328 1001 1363
1587958048432 1001 1364
1587958070066 1001 1365
1587958091201 1001 1366
1587958112316 1001 1367
1587958133306 1001 1368
1587958154294 1001 1369
1587958175313 1001 1370
1587958196273 1001 1371
1587958217315 1001 1372
1587958238388 1001 1373
1587958259861 1001 1374
1587958280987 1001 1375
1587958301944 1001 1376
1587958322924 1001 1377
1587958343950 1001 1378
1587958364942 1001 1379
1587958386330 1001 1380
1587958407311 1001 1381
1587958428886 1001 1382
1587958449939 1001 1383
1587958470927 1001 1384
1587958491904 1001 1385
1587958513287 1001 1386
1587958534249 1001 1387
1587958555247 1001 1388
1587958576301 1001 1389
1587958597305 1001 1390
1587958618853 1001 1391
1587958640010 1001 1392
1587958661145 1001 1393
1587958682269 1001 1394
1587958703348 1001 1395
1587958724412 1001 1396
1587958745573 1001 1397
1587958766710 1001 1398
1587958788355 1001 1399
1587958809880 1001 1400
1587958831041 1001 1401
1587958852082 1001 1402
1587958873221 1001 1403
1587958894289 1001 1404
1587958915367 1001 1405
1587958936547 1001 1406
1587958957681 1001 1407
1587958979336 1001 1408
1587959000584 1001 1409
1587959021739 1001 1410
1587959043004 1001 1411
1587959064358 1001 1412
1587959085481 1001 1413
1587959106661 1001 1414
1587959128057 1001 1415
1587959149674 1001 1416
1587959170887 1001 1417
1587959192089 1001 1418
1587959213275 1001 1419
1587959234883 1001 1420
1587959256165 1001 1421
1587959277557 1001 1422
1587959298847 1001 1423
1587959320159 1001 1424
1587959341891 1001 1425
1587959362966 1001 1426
1587959383913 1001 1427
1587959404926 1001 1428
1587959425895 1001 1429
1587959446844 1001 1430
1587959467847 1001 1431
1587959488803 1001 1432
1587959510314 1001 1433
1587959531395 1001 1434
1587959552381 1001 1435
1587959573409 1001 1436
1587959594500 1001 1437
1587959615518 1001 1438
1587959636545 1001 1439
1587959657953 1001 1440
1587959678994 1001 1441
1587959700527 1001 1442
1587959721581 1001 1443
1587959742617 1001 1444
1587959763695 1001 1445
1587959784808 1001 1446
1587959805812 1001 1447
1587959826930 1001 1448
1587959848049 1001 1449
1587959869712 1001 1450
1587959890836 1001 1451
1587959911894 1001 1452
1587959932910 1001 1453
1587959953962 1001 1454
1587959975018 1001 1455
1587959995995 1001 1456
1587960017006 1001 1457
1587960037959 1001 1458
1587960059343 1001 1459
1587960080705 1001 1460
1587960101721 1001 1461
1587960122806 1001 1462
1587960143898 1001 1463
1587960165014 1001 1464
1587960186118 1001 1465
1587960207215 1001 1466
1587960228895 1001 1467
1587960250018 1001 1468
1587960271141 1001 1469
1587960292242 1001 1470
1587960313360 1001 1471
1587960334367 1001 1472
1587960355415 1001 1473
1587960376453 1001 1474
1587960397480 1001 1475
1587960419096 1001 1476
1587960440155 1001 1477
1587960461208 1001 1478
1587960482282 1001 1479
1587960503714 1001 1480
1587960524717 1001 1481
1587960545726 1001 1482
1587960566717 1001 1483
1587960588249 1001 1484
1587960609250 1001 1485
1587960630247 1001 1486
1587960651158 1001 1487
1587960672237 1001 1488
1587960693198 1001 1489
1587960714131 1001 1490
1587960735127 1001 1491
1587960756116 1001 1492
1587960777695 1001 1493
1587960798698 1001 1494
1587960819660 1001 1495
1587960840661 1001 1496
1587960861775 1001 1497
1587960882698 1001 1498
1587960903680 1001 1499
1587960925045 1001 1500
1587960946505 1001 1501
1587960967523 1001 1502
1587960988490 1001 1503
1587961009489 1001 1504
1587961030563 1001 1505
1587961051590 1001 1506
1587961072579 1001 1507
1587961093630 1001 1508
1587961114609 1001 1509
1587961136119 1001 1510
1587961157170 1001 1511
1587961178133 1001 1512
1587961199138 1001 1513
1587961220201 1001 1514
1587961241254 1001 1515
1587961262258 1001 1516
1587961283274 1001 1517
1587961304843 1001 1518
1587961325939 1001 1519
1587961347427 1001 1520
1587961368549 1001 1521
1587961389672 1001 1522
1587961410794 1001 1523
1587961432006 1001 1524
1587961453084 1001 1525
1587961474168 1001 1526
1587961495736 1001 1527
1587961516832 1001 1528
1587961538004 1001 1529
1587961559069 1001 1530
1587961580322 1001 1531
1587961601379 1001 1532
1587961622552 1001 1533
1587961643795 1001 1534
1587961665623 1001 1535
1587961686783 1001 1536
1587961707927 1001 1537
1587961729033 1001 1538
1587961750149 1001 1539
1587961771538 1001 1540
1587961792503 1001 1541
1587961813589 1001 1542
1587961834590 1001 1543
1587961856136 1001 1544
1587961877154 1001 1545
1587961898161 1001 1546
1587961919185 1001 1547
1587961940283 1001 1548
1587961961295 1001 1549
1587961982345 1001 1550
1587962003358 1001 1551
1587962024796 1001 1552
1587962045835 1001 1553
1587962066830 1001 1554
1587962087818 1001 1555
1587962108838 1001 1556
1587962129852 1001 1557
1587962150850 1001 1558
1587962171868 1001 1559
1587962193226 1001 1560
1587962214722 1001 1561
1587962235878 1001 1562
1587962257133 1001 1563
1587962278350 1001 1564
1587962299595 1001 1565
1587962320806 1001 1566
1587962342008 1001 1567
1587962363168 1001 1568
1587962384890 1001 1569
1587962407280 1001 1570
1587962428620 1001 1571
1587962449990 1001 1572
1587962471444 1001 1573
1587962492778 1001 1574
