1587934412275 0.0 1
1587934424110 0.1099999975413084 2
1587934436047 0.0 3
1587934448085 0.09999999776482582 4
1587934460101 0.7199999839067459 5
1587934472103 0.46999998949468136 6
1587934484630 0.5999999865889549 7
1587934496601 0.5799999870359898 8
1587934508627 0.11999999731779099 9
1587934520612 0.9599999785423279 10
1587934532665 1.029999976977706 11
1587934544673 0.11999999731779099 12
1587934556656 0.7399999834597111 13
1587934568748 1.1899999734014273 14
1587934580779 1.2499999720603228 15
1587934592837 0.1099999975413084 16
1587934604857 0.12999999709427357 17
1587934616849 0.9699999783188105 18
1587934628957 0.0 19
1587934641227 0.1599999964237213 20
1587934653293 0.46999998949468136 21
1587934666029 0.3799999915063381 22
1587934678117 0.0 23
1587934690269 0.7399999834597111 24
1587934702396 0.2899999935179949 25
1587934714493 0.17999999597668648 26
1587934726582 0.17999999597668648 27
1587934738653 1.6899999622255564 28
1587934750753 1.3199999704957008 29
1587934762841 0.6299999859184027 30
1587934774973 0.5399999879300594 31
1587934787049 0.0 32
1587934799111 0.3399999924004078 33
1587934811289 0.08999999798834324 34
1587934823384 0.549999987706542 35
1587934835502 1.0799999758601189 36
1587934848209 2.389999946579337 37
1587934860294 1.6199999637901783 38
1587934872436 2.3999999463558197 39
1587934884796 1.3199999704957008 40
1587934896900 0.9199999794363976 41
1587934909039 0.789999982342124 42
1587934921197 1.6099999640136957 43
1587934933357 1.3599999696016312 44
1587934945504 3.7499999161809683 45
1587934957649 1.7299999613314867 46
1587934969801 1.1799999736249447 47
1587934981987 1.7099999617785215 48
1587934994169 1.7099999617785215 49
1587935006313 1.4199999682605267 50
1587935018460 2.179999951273203 51
1587935031405 1.9699999559670687 52
1587935043601 2.2799999490380287 53
1587935055797 0.7199999839067459 54
1587935068049 0.9399999789893627 55
1587935080271 0.8999999798834324 56
1587935092425 2.989999933168292 57
1587935104639 2.299999948590994 58
1587935116890 1.339999970048666 59
1587935129286 1.7899999599903822 60
1587935141465 2.6399999409914017 61
1587935153696 1.5699999649077654 62
1587935165944 4.849999891594052 63
1587935178165 1.9499999564141035 64
1587935190426 0.9499999787658453 65
1587935203271 2.319999948143959 66
1587935215645 3.969999911263585 67
1587935227989 2.7199999392032623 68
1587935240329 1.4499999675899744 69
1587935252685 3.0799999311566353 70
1587935264945 3.5299999210983515 71
1587935277204 2.2199999503791332 72
1587935289493 2.2799999490380287 73
1587935301719 2.5299999434500933 74
1587935313993 1.0399999767541885 75
1587935326317 3.899999912828207 76
1587935338629 2.109999952837825 77
1587935350969 0.46999998949468136 78
1587935363305 2.179999951273203 79
1587935375794 0.8599999807775021 80
1587935388721 3.8699999134987593 81
1587935400934 1.339999970048666 82
1587935413190 2.2399999499320984 83
1587935425415 3.5999999195337296 84
1587935437693 2.2199999503791332 85
1587935449892 4.149999907240272 86
1587935462149 2.2399999499320984 87
1587935474448 4.599999897181988 88
1587935486753 1.959999956190586 89
1587935499021 3.179999928921461 90
1587935511321 4.159999907016754 91
1587935523661 3.2899999264627695 92
1587935535949 1.8699999582022429 93
1587935548224 2.369999947026372 94
1587935560566 2.559999942779541 95
1587935573420 3.2899999264627695 96
1587935585719 2.0699999537318945 97
1587935598035 2.3099999483674765 98
1587935610367 0.9599999785423279 99
1587935622848 1.5599999651312828 100
1587935635247 1.1099999751895666 101
1587935647593 1.6299999635666609 102
1587935659923 1.3199999704957008 103
1587935672229 2.919999934732914 104
1587935684545 1.169999973848462 105
1587935696859 1.699999962002039 106
1587935709241 3.5799999199807644 107
1587935721581 2.539999943226576 108
1587935733915 2.4299999456852674 109
1587935746986 3.3599999248981476 110
1587935759329 2.819999936968088 111
1587935771770 4.91999989002943 112
1587935784097 2.2799999490380287 113
1587935796447 3.969999911263585 114
1587935808769 3.879999913275242 115
1587935821141 3.8199999146163464 116
1587935833570 6.789999848231673 117
1587935846002 3.0299999322742224 118
1587935858489 4.959999889135361 119
1587935871209 3.879999913275242 120
1587935883669 0.7199999839067459 121
1587935896024 2.919999934732914 122
1587935908421 2.6399999409914017 123
1587935921009 3.729999916628003 124
1587935933904 4.759999893605709 125
1587935946353 3.0299999322742224 126
1587935958765 3.709999917075038 127
1587935971169 2.43999994546175 128
1587935983627 11.409999744966626 129
1587935996073 3.6299999188631773 130
1587936008532 6.189999861642718 131
1587936020961 7.729999827221036 132
1587936033421 5.409999879077077 133
1587936045890 5.079999886453152 134
1587936058342 1.4399999678134918 135
1587936070812 3.6999999172985554 136
1587936083293 3.9099999126046896 137
1587936095768 4.899999890476465 138
1587936108986 2.4499999452382326 139
1587936121672 5.439999878406525 140
1587936134150 3.01999993249774 141
1587936146636 4.549999898299575 142
1587936159110 2.419999945908785 143
1587936171565 4.399999901652336 144
1587936184089 3.9599999114871025 145
1587936196557 8.489999810233712 146
1587936209045 8.51999980956316 147
1587936221548 6.929999845102429 148
1587936234037 3.9899999108165503 149
1587936246554 4.9399998895823956 150
1587936259085 4.829999892041087 151
1587936271625 2.149999951943755 152
1587936284818 3.3099999260157347 153
1587936297332 5.76999987103045 154
1587936309959 6.509999854490161 155
1587936322521 3.7499999161809683 156
1587936335041 3.3599999248981476 157
1587936347632 3.1199999302625656 158
1587936360225 5.5399998761713505 159
1587936373039 6.6599998511374 160
1587936385609 5.899999868124723 161
1587936398214 2.989999933168292 162
1587936410789 3.5599999204277992 163
1587936423485 2.249999949708581 164
1587936436237 3.1399999298155308 165
1587936448879 3.279999926686287 166
1587936461887 2.9499999340623617 167
1587936474914 0.9899999778717756 168
1587936487541 4.009999910369515 169
1587936500317 5.319999881088734 170
1587936513036 4.7499998938292265 171
1587936525686 2.8399999365210533 172
1587936538317 2.7599999383091927 173
1587936550973 3.4599999226629734 174
1587936563605 3.779999915510416 175
1587936576209 3.5799999199807644 176
1587936588808 6.5199998542666435 177
1587936601488 5.389999879524112 178
1587936614245 4.369999902322888 179
1587936627115 6.319999858736992 180
1587936639791 3.36999992467463 181
1587936653024 4.669999895617366 182
1587936665683 5.549999875947833 183
1587936678333 4.7499998938292265 184
1587936691061 8.01999982073903 185
1587936703717 5.529999876394868 186
1587936716448 8.309999814257026 187
1587936729261 5.759999871253967 188
1587936742068 6.259999860078096 189
1587936754785 3.4799999222159386 190
1587936767480 2.4799999445676804 191
1587936780178 4.779999893158674 192
1587936792894 5.709999872371554 193
1587936805609 7.149999840185046 194
1587936818317 7.599999830126762 195
1587936831895 9.359999790787697 196
1587936844661 4.539999898523092 197
1587936857380 2.799999937415123 198
1587936870145 5.209999883547425 199
1587936883209 7.099999841302633 200
1587936896022 4.21999990567565 201
1587936908921 4.789999892935157 202
1587936921705 7.229999838396907 203
1587936934497 4.729999894276261 204
1587936947301 6.549999853596091 205
1587936960118 17.959999598562717 206
1587936973013 5.039999887347221 207
1587936985861 3.489999921992421 208
1587936998690 5.1799998842179775 209
1587937012237 5.6599998734891415 210
1587937025129 6.059999864548445 211
1587937037979 3.799999915063381 212
1587937050882 2.0199999548494816 213
1587937063729 4.519999898970127 214
1587937076619 4.209999905899167 215
1587937089512 5.80999987013638 216
1587937102377 2.819999936968088 217
1587937115241 5.399999879300594 218
1587937128161 15.699999649077654 219
1587937141244 3.4799999222159386 220
1587937154165 3.879999913275242 221
1587937167105 15.099999662488699 222
1587937180075 7.949999822303653 223
1587937193411 5.1099998857825994 224
1587937206385 7.059999842196703 225
1587937219303 6.929999845102429 226
1587937232273 8.269999815151095 227
1587937245209 5.159999884665012 228
1587937258134 23.989999463781714 229
1587937271157 4.889999890699983 230
1587937284108 12.269999725744128 231
1587937297139 2.799999937415123 232
1587937310145 5.389999879524112 233
1587937323163 4.099999908357859 234
1587937336173 4.589999897405505 235
1587937349140 5.289999881759286 236
1587937362765 6.199999861419201 237
1587937375956 7.719999827444553 238
1587937388988 6.799999848008156 239
1587937402210 6.529999854043126 240
1587937415249 5.489999877288938 241
1587937428281 8.239999815821648 242
1587937441394 5.649999873712659 243
1587937454517 5.009999888017774 244
1587937467651 5.649999873712659 245
1587937480809 5.1099998857825994 246
1587937493948 5.959999866783619 247
1587937507065 9.819999780505896 248
1587937520181 5.6099998746067286 249
1587937533333 6.409999856725335 250
1587937547385 8.459999810904264 251
1587937560588 5.339999880641699 252
1587937573749 4.489999899640679 253
1587937586906 5.389999879524112 254
1587937600054 0.6399999856948853 255
1587937613189 7.839999824762344 256
1587937626477 4.399999901652336 257
1587937639717 4.619999896734953 258
1587937652938 4.91999989002943 259
1587937666421 3.8599999137222767 260
1587937679604 5.559999875724316 261
1587937692833 2.9999999329447746 262
1587937706099 4.339999902993441 263
1587937719345 5.409999879077077 264
1587937733284 5.639999873936176 265
1587937746545 8.179999817162752 266
1587937759791 3.9799999110400677 267
1587937773049 4.729999894276261 268
1587937786313 7.659999828785658 269
1587937799605 6.269999859854579 270
1587937812932 6.649999851360917 271
1587937826209 6.309999858960509 272
1587937839474 5.169999884441495 273
1587937852757 6.34999985806644 274
1587937866113 4.619999896734953 275
1587937879434 6.2099998611956835 276
1587937892853 7.6699998285621405 277
1587937906969 13.409999700263143 278
1587937920309 8.359999813139439 279
1587937933885 8.089999819174409 280
1587937947215 7.249999837949872 281
1587937960540 5.219999883323908 282
1587937973914 9.94999977760017 283
1587937987301 5.509999876841903 284
1587938000669 4.619999896734953 285
1587938014034 8.969999799504876 286
1587938027453 6.669999850913882 287
1587938040859 3.8899999130517244 288
1587938054297 3.8099999148398638 289
1587938067743 4.759999893605709 290
1587938081388 5.359999880194664 291
1587938095225 6.169999862089753 292
1587938108724 6.9499998446553946 293
1587938122157 7.399999834597111 294
1587938135734 5.619999874383211 295
1587938149197 3.589999919757247 296
1587938162691 7.449999833479524 297
1587938176197 6.939999844878912 298
1587938189669 5.639999873936176 299
1587938203369 7.469999833032489 300
1587938216996 4.739999894052744 301
1587938230585 5.599999874830246 302
1587938244081 7.329999836161733 303
1587938257605 3.229999927803874 304
1587938271837 4.4399999007582664 305
1587938285389 9.21999979391694 306
1587938298911 7.649999829009175 307
1587938312473 5.4199998788535595 308
1587938326097 5.45999987795949 309
1587938339669 10.269999770447612 310
1587938353297 8.099999818950891 311
1587938366889 5.6099998746067286 312
1587938380456 5.209999883547425 313
1587938394086 8.47999981045723 314
1587938407807 6.769999848678708 315
1587938421473 7.139999840408564 316
1587938435176 1.529999965801835 317
1587938449552 4.849999891594052 318
1587938463322 8.279999814927578 319
1587938477393 5.029999887570739 320
1587938491093 5.49999987706542 321
1587938504765 1.4899999666959047 322
1587938518493 6.269999859854579 323
1587938532219 7.499999832361937 324
1587938545981 5.939999867230654 325
1587938559754 8.419999811798334 326
1587938573585 5.899999868124723 327
1587938587390 18.329999590292573 328
1587938601221 9.349999791011214 329
1587938615021 7.059999842196703 330
1587938629577 5.409999879077077 331
1587938643585 4.029999909922481 332
1587938657461 9.79999978095293 333
1587938671321 6.559999853372574 334
1587938685149 6.479999855160713 335
1587938698997 4.899999890476465 336
1587938712815 7.149999840185046 337
1587938726649 7.339999835938215 338
1587938740549 7.079999841749668 339
1587938754736 5.579999875277281 340
1587938768665 9.36999979056418 341
1587938782657 4.649999896064401 342
1587938796637 11.439999744296074 343
1587938811309 8.149999817833304 344
1587938825302 5.49999987706542 345
1587938839297 7.449999833479524 346
1587938853293 7.489999832585454 347
1587938867325 9.419999789446592 348
1587938881371 6.919999845325947 349
1587938895547 6.029999865218997 350
1587938909566 5.589999875053763 351
1587938923673 4.549999898299575 352
1587938937852 4.929999889805913 353
1587938951881 5.989999866113067 354
1587938965866 8.619999807327986 355
1587938979862 6.3999998569488525 356
1587938994473 8.849999802187085 357
1587939008568 10.079999774694443 358
1587939022633 6.11999986320734 359
1587939036938 5.76999987103045 360
1587939050997 7.039999842643738 361
1587939065117 7.759999826550484 362
1587939079277 5.359999880194664 363
1587939093357 5.469999877735972 364
1587939107463 6.979999843984842 365
1587939121578 4.819999892264605 366
1587939135751 9.439999788999557 367
1587939149869 10.519999764859676 368
1587939164657 7.58999983035028 369
1587939178801 5.599999874830246 370
1587939193005 5.839999869465828 371
1587939207137 4.119999907910824 372
1587939221281 4.949999889358878 373
1587939235479 5.509999876841903 374
1587939249701 5.589999875053763 375
1587939263913 5.639999873936176 376
1587939278171 6.679999850690365 377
1587939292400 0.549999987706542 378
1587939306662 6.829999847337604 379
1587939321222 9.109999796375632 380
1587939335549 1.3099999707192183 381
1587939350576 6.979999843984842 382
1587939364846 7.289999837055802 383
1587939379108 6.059999864548445 384
1587939393378 1.7999999597668648 385
1587939407669 7.779999826103449 386
1587939422025 5.909999867901206 387
1587939436453 8.28999981470406 388
1587939450997 3.919999912381172 389
1587939465505 6.529999854043126 390
1587939479953 5.619999874383211 391
1587939494482 4.929999889805913 392
1587939508853 5.479999877512455 393
1587939523921 5.029999887570739 394
1587939538275 7.249999837949872 395
1587939552701 4.329999903216958 396
1587939567079 3.2599999271333218 397
1587939581446 9.929999778047204 398
1587939595844 4.779999893158674 399
1587939610565 5.739999871701002 400
1587939625117 8.659999806433916 401
1587939639552 7.039999842643738 402
1587939653985 5.18999988399446 403
1587939668481 8.079999819397926 404
1587939682921 5.469999877735972 405
1587939697397 5.099999886006117 406
1587939712533 6.299999859184027 407
1587939727050 6.499999854713678 408
1587939741747 7.469999833032489 409
1587939756259 5.279999881982803 410
1587939770750 6.5199998542666435 411
1587939785327 4.349999902769923 412
1587939799848 6.459999855607748 413
1587939814421 6.249999860301614 414
1587939828974 7.559999831020832 415
1587939843581 5.869999868795276 416
1587939858149 6.189999861642718 417
1587939872749 5.079999886453152 418
1587939887988 7.879999823868275 419
1587939902878 5.309999881312251 420
1587939917500 4.949999889358878 421
1587939932144 6.709999850019813 422
1587939946785 7.719999827444553 423
1587939961426 5.22999988310039 424
1587939976185 4.25999990478158 425
1587939990933 8.499999810010195 426
1587940005599 4.429999900981784 427
1587940020311 7.1199998408555984 428
1587940035069 7.339999835938215 429
1587940049797 7.719999827444553 430
1587940065144 6.869999846443534 431
1587940079877 8.119999818503857 432
1587940094607 8.449999811127782 433
1587940109337 6.139999862760305 434
1587940124083 3.6999999172985554 435
1587940138818 5.4199998788535595 436
1587940153649 6.179999861866236 437
1587940168421 8.259999815374613 438
1587940183259 6.339999858289957 439
1587940198385 5.649999873712659 440
1587940213286 8.159999817609787 441
1587940228146 3.689999917522073 442
1587940243683 6.829999847337604 443
1587940258501 7.379999835044146 444
1587940273355 8.099999818950891 445
1587940288285 5.249999882653356 446
1587940303129 8.379999812692404 447
1587940317985 7.299999836832285 448
1587940333075 8.369999812915921 449
1587940348161 7.479999832808971 450
1587940363212 8.90999980084598 451
1587940378357 15.739999648183584 452
1587940393542 8.4399998113513 453
1587940408579 12.729999715462327 454
1587940424449 8.809999803081155 455
1587940439429 8.229999816045165 456
1587940454506 10.939999755471945 457
1587940469472 7.31999983638525 458
1587940484470 6.929999845102429 459
1587940499692 5.239999882876873 460
1587940514747 6.009999865666032 461
1587940529780 6.609999852254987 462
1587940544843 4.8699998911470175 463
1587940559877 8.579999808222055 464
1587940575004 5.239999882876873 465
1587940590091 5.309999881312251 466
1587940605725 11.22999974898994 467
1587940620805 9.759999781847 468
1587940635977 17.329999612644315 469
1587940651113 9.999999776482582 470
1587940666249 11.509999742731452 471
1587940681373 9.48999978788197 472
1587940696549 5.429999878630042 473
1587940711791 6.369999857619405 474
1587940727002 8.609999807551503 475
1587940742337 7.709999827668071 476
1587940757525 7.729999827221036 477
1587940772760 5.259999882429838 478
1587940788678 10.889999756589532 479
1587940804240 8.24999981559813 480
1587940819526 6.34999985806644 481
1587940834778 8.109999818727374 482
1587940850065 8.429999811574817 483
1587940865382 4.289999904111028 484
1587940880685 6.9499998446553946 485
1587940896027 8.529999809339643 486
1587940911314 4.979999888688326 487
1587940926799 8.649999806657434 488
1587940942223 5.289999881759286 489
1587940957522 6.5199998542666435 490
1587940973436 4.2699999045580626 491
1587940988824 9.519999787211418 492
1587941004147 5.7299998719245195 493
1587941019462 6.779999848455191 494
1587941034836 5.909999867901206 495
1587941050293 6.189999861642718 496
1587941065700 6.3299998585134745 497
1587941081069 3.9899999108165503 498
1587941096464 5.269999882206321 499
1587941112188 8.819999802857637 500
1587941127604 7.31999983638525 501
1587941143756 8.529999809339643 502
1587941159205 6.189999861642718 503
1587941174702 6.839999847114086 504
1587941190195 7.6199998296797276 505
1587941205683 8.949999799951911 506
1587941221266 8.899999801069498 507
1587941236783 9.569999786093831 508
1587941252310 4.429999900981784 509
1587941267843 8.74999980442226 510
1587941283403 6.849999846890569 511
1587941298947 6.6599998511374 512
1587941314535 7.35999983549118 513
1587941330809 6.38999985717237 514
1587941346433 0.4599999897181988 515
1587941362010 11.399999745190144 516
1587941377621 10.95999975502491 517
1587941393234 5.279999881982803 518
1587941408890 7.349999835714698 519
1587941424820 7.369999835267663 520
1587941440512 10.449999766424298 521
1587941456171 5.739999871701002 522
1587941471852 10.199999772012234 523
1587941487545 5.829999869689345 524
1587941503984 11.079999752342701 525
1587941519695 8.90999980084598 526
1587941535440 8.859999801963568 527
1587941551224 6.179999861866236 528
1587941567102 1.839999958872795 529
1587941582996 8.339999813586473 530
1587941598796 14.859999667853117 531
1587941614605 8.669999806210399 532
1587941630405 8.399999812245369 533
1587941646268 10.079999774694443 534
1587941662139 6.189999861642718 535
1587941677986 12.23999972641468 536
1587941694460 8.229999816045165 537
1587941710373 5.449999878183007 538
1587941726239 5.589999875053763 539
1587941742417 7.699999827891588 540
1587941758364 11.329999746754766 541
1587941774452 4.519999898970127 542
1587941790407 6.609999852254987 543
1587941806383 10.039999775588512 544
1587941822370 6.8799998462200165 545
1587941838355 5.799999870359898 546
1587941854530 6.309999858960509 547
1587941871054 7.389999834820628 548
1587941887116 9.079999797046185 549
1587941903145 11.289999747648835 550
1587941919136 10.969999754801393 551
1587941935284 14.509999675676227 552
1587941951384 8.109999818727374 553
1587941967438 6.709999850019813 554
1587941983461 7.129999840632081 555
1587941999540 5.829999869689345 556
1587942015708 3.8899999130517244 557
1587942031813 8.90999980084598 558
1587942048508 11.739999737590551 559
1587942064963 6.729999849572778 560
1587942081115 10.839999757707119 561
1587942097279 7.729999827221036 562
1587942113426 3.3799999244511127 563
1587942129622 2.989999933168292 564
1587942145792 7.969999821856618 565
1587942161961 6.799999848008156 566
1587942178155 6.219999860972166 567
1587942194419 8.90999980084598 568
1587942210676 8.679999805986881 569
1587942227536 9.17999979481101 570
1587942243833 8.139999818056822 571
1587942260096 7.35999983549118 572
1587942276400 6.929999845102429 573
1587942292687 7.719999827444553 574
1587942308986 7.599999830126762 575
1587942325282 9.899999778717756 576
1587942341590 6.589999852702022 577
1587942357851 6.929999845102429 578
1587942374234 6.979999843984842 579
1587942390850 7.62999982945621 580
1587942407743 6.289999859407544 581
1587942424099 5.939999867230654 582
1587942440472 4.099999908357859 583
1587942456863 6.4299998562783 584
1587942473227 6.779999848455191 585
1587942489669 6.839999847114086 586
1587942506081 21.71999951452017 587
1587942522504 6.619999852031469 588
1587942538925 6.159999862313271 589
1587942555404 7.959999822080135 590
1587942571904 8.199999816715717 591
1587942588984 8.509999809786677 592
1587942605495 6.769999848678708 593
1587942621988 4.949999889358878 594
1587942638490 7.659999828785658 595
1587942655029 6.819999847561121 596
1587942671629 6.34999985806644 597
1587942688165 5.909999867901206 598
1587942704747 8.759999804198742 599
1587942721737 9.879999779164791 600
1587942738498 5.759999871253967 601
1587942755106 8.47999981045723 602
1587942772042 7.819999825209379 603
1587942788747 6.509999854490161 604
1587942805440 4.889999890699983 605
1587942822070 8.139999818056822 606
1587942838721 13.499999698251486 607
1587942855396 8.139999818056822 608
1587942872089 9.199999794363976 609
1587942888742 8.879999801516533 610
1587942905424 6.789999848231673 611
1587942922119 7.689999828115106 612
1587942938833 5.709999872371554 613
1587942956148 6.829999847337604 614
1587942972889 11.719999738037586 615
1587942989649 6.929999845102429 616
1587943006452 5.14999988488853 617
1587943023378 7.529999831691384 618
1587943040226 12.69999971613288 619
1587943057282 6.829999847337604 620
1587943074084 5.649999873712659 621
1587943090914 7.079999841749668 622
1587943107692 8.199999816715717 623
1587943125091 6.239999860525131 624
1587943141922 5.399999879300594 625
1587943158778 7.929999822750688 626
1587943175638 7.369999835267663 627
1587943192506 9.509999787434936 628
1587943209435 5.899999868124723 629
1587943226425 12.629999717697501 630
1587943243361 22.779999490827322 631
1587943260262 7.249999837949872 632
1587943277223 8.309999814257026 633
1587943294172 8.90999980084598 634
1587943311725 8.079999819397926 635
1587943328680 2.8799999356269836 636
1587943345664 3.109999930486083 637
1587943362609 4.999999888241291 638
1587943379610 8.279999814927578 639
1587943396939 6.11999986320734 640
1587943413954 7.609999829903245 641
1587943431010 9.67999978363514 642
1587943448105 8.459999810904264 643
1587943465141 6.339999858289957 644
1587943482631 6.629999851807952 645
1587943499882 11.649999739602208 646
1587943517030 9.189999794587493 647
1587943534160 8.319999814033508 648
1587943551317 8.409999812021852 649
1587943568491 6.099999863654375 650
1587943585734 8.099999818950891 651
1587943602879 7.229999838396907 652
1587943620035 6.539999853819609 653
1587943637238 11.139999751001596 654
1587943654442 16.179999638348818 655
1587943672104 5.929999867454171 656
1587943689363 9.469999788329005 657
1587943706632 11.609999740496278 658
1587943723860 10.819999758154154 659
1587943741563 11.129999751225114 660
1587943758963 14.01999968662858 661
1587943776319 5.239999882876873 662
1587943793830 6.019999865442514 663
1587943811159 4.779999893158674 664
1587943828462 10.559999763965607 665
1587943846767 6.589999852702022 666
1587943864247 5.6099998746067286 667
1587943881851 11.729999737814069 668
1587943899353 13.819999691098928 669
1587943916816 6.629999851807952 670
1587943934275 9.619999784976244 671
1587943951646 8.699999805539846 672
1587943969047 5.0599998869001865 673
1587943986844 16.559999629855156 674
1587944004341 8.74999980442226 675
1587944022436 6.789999848231673 676
1587944040204 8.339999813586473 677
1587944057715 9.979999776929617 678
1587944075200 9.959999777376652 679
1587944092963 10.499999765306711 680
1587944110494 7.04999984242022 681
1587944127985 7.239999838173389 682
1587944145558 9.109999796375632 683
1587944163138 5.889999868348241 684
1587944180696 6.779999848455191 685
1587944198278 7.31999983638525 686
1587944216366 10.479999765753746 687
1587944233951 6.049999864771962 688
1587944251549 10.019999776035547 689
1587944269120 4.449999900534749 690
1587944286744 6.559999853372574 691
1587944304371 6.539999853819609 692
1587944321959 12.579999718815088 693
1587944339602 7.989999821409583 694
1587944357274 5.839999869465828 695
1587944374967 11.949999732896686 696
1587944393303 7.079999841749668 697
1587944411038 7.949999822303653 698
1587944428754 7.639999829232693 699
1587944446917 5.49999987706542 700
1587944464642 8.709999805316329 701
1587944482355 10.979999754577875 702
1587944500105 7.089999841526151 703
1587944517956 9.209999794140458 704
1587944535781 6.339999858289957 705
1587944553658 7.409999834373593 706
1587944572316 9.759999781847 707
1587944590317 6.989999843761325 708
1587944608368 7.729999827221036 709
1587944626225 11.5399997420609 710
1587944644134 11.379999745637178 711
1587944662037 8.219999816268682 712
1587944679894 8.849999802187085 713
1587944697898 10.529999764636159 714
1587944715866 9.169999795034528 715
1587944733829 7.219999838620424 716
1587944752375 9.67999978363514 717
1587944770440 7.099999841302633 718
1587944788564 7.089999841526151 719
1587944806991 8.099999818950891 720
1587944825483 8.809999803081155 721
1587944843460 8.459999810904264 722
1587944861558 12.489999720826745 723
1587944879546 4.91999989002943 724
1587944897592 8.639999806880951 725
1587944915622 6.109999863430858 726
1587944934184 24.039999462664127 727
1587944952285 7.179999839514494 728
1587944970332 7.199999839067459 729
1587944988476 7.649999829009175 730
1587945006657 7.709999827668071 731
1587945024764 10.769999759271741 732
1587945042856 8.569999808445573 733
1587945060992 7.159999839961529 734
1587945079227 6.549999853596091 735
1587945097417 10.29999976977706 736
1587945116356 9.129999795928597 737
1587945134633 5.9699998665601015 738
1587945152902 10.669999761506915 739
1587945171548 6.289999859407544 740
1587945189908 5.379999879747629 741
1587945208272 24.139999460428953 742
1587945226539 7.399999834597111 743
1587945244945 11.209999749436975 744
1587945263373 9.509999787434936 745
1587945281893 10.589999763295054 746
1587945300661 8.379999812692404 747
1587945318950 9.9899997767061 748
1587945337227 8.759999804198742 749
1587945355490 7.379999835044146 750
1587945373842 12.329999724403024 751
1587945392200 8.679999805986881 752
1587945410487 10.169999772682786 753
1587945428879 8.989999799057841 754
1587945447193 14.859999667853117 755
1587945466019 11.749999737367034 756
1587945484375 9.039999797940254 757
1587945502745 8.16999981738627 758
1587945521125 8.309999814257026 759
1587945539895 10.429999766871333 760
1587945558468 7.679999828338623 761
1587945577014 7.079999841749668 762
1587945595722 4.5099998991936445 763
1587945614345 5.6099998746067286 764
1587945633031 8.759999804198742 765
1587945652248 2.269999949261546 766
1587945670930 10.559999763965607 767
1587945689586 6.9499998446553946 768
1587945708260 6.569999853149056 769
1587945727027 7.929999822750688 770
1587945745751 6.6599998511374 771
1587945764632 8.589999807998538 772
1587945783416 7.31999983638525 773
1587945802246 5.719999872148037 774
1587945821085 8.01999982073903 775
1587945840391 6.409999856725335 776
1587945859197 6.459999855607748 777
1587945877989 7.869999824091792 778
1587945896764 11.839999735355377 779
1587945916069 8.90999980084598 780
1587945934917 12.639999717473984 781
1587945953772 5.579999875277281 782
1587945972668 10.889999756589532 783
1587945991562 6.009999865666032 784
1587946011065 11.549999741837382 785
1587946029935 9.629999784752727 786
1587946048833 0.7099999841302633 787
1587946067684 7.059999842196703 788
1587946086712 6.2099998611956835 789
1587946105587 6.909999845549464 790
1587946124604 9.659999784082174 791
1587946143390 5.759999871253967 792
1587946162136 4.789999892935157 793
1587946181148 5.8499998692423105 794
1587946200398 8.099999818950891 795
1587946219211 10.629999762400985 796
1587946238003 10.039999775588512 797
1587946256799 11.429999744519591 798
1587946275714 4.689999895170331 799
1587946294908 6.69999985024333 800
1587946313972 9.889999778941274 801
1587946332974 8.539999809116125 802
1587946351865 12.009999731555581 803
1587946371364 9.979999776929617 804
1587946390324 6.499999854713678 805
1587946409223 10.659999761730433 806
1587946428093 5.5399998761713505 807
1587946447061 6.559999853372574 808
1587946465947 6.069999864324927 809
1587946484893 8.219999816268682 810
1587946503871 8.699999805539846 811
1587946522825 8.269999815151095 812
1587946542040 7.399999834597111 813
1587946561294 10.469999765977263 814
1587946580356 7.969999821856618 815
1587946599431 7.369999835267663 816
1587946618492 13.459999699145555 817
1587946637733 8.59999980777502 818
1587946656818 9.63999978452921 819
1587946676447 12.029999731108546 820
1587946695674 8.179999817162752 821
1587946714853 5.2999998815357685 822
1587946734914 7.499999832361937 823
1587946754272 8.039999820291996 824
1587946773437 7.459999833256006 825
1587946792607 7.1899998392909765 826
1587946811794 6.9499998446553946 827
1587946830964 4.349999902769923 828
1587946850263 5.599999874830246 829
1587946869616 8.82999980263412 830
1587946888890 3.9599999114871025 831
1587946908883 7.459999833256006 832
1587946928231 10.129999773576856 833
1587946947636 8.029999820515513 834
1587946967134 10.219999771565199 835
1587946986623 7.89999982342124 836
1587947006063 8.499999810010195 837
1587947025426 6.029999865218997 838
1587947044731 2.8099999371916056 839
1587947064339 12.23999972641468 840
1587947084245 10.699999760836363 841
1587947103684 6.109999863430858 842
1587947123024 9.67999978363514 843
1587947142365 10.449999766424298 844
1587947161732 9.199999794363976 845
1587947181139 8.389999812468886 846
1587947201209 9.959999777376652 847
1587947220591 8.919999800622463 848
1587947240045 6.789999848231673 849
1587947259456 7.449999833479524 850
1587947279446 9.869999779388309 851
1587947298892 21.129999527707696 852
1587947318359 6.569999853149056 853
1587947337784 14.769999669864774 854
1587947357276 9.779999781399965 855
1587947376729 7.349999835714698 856
1587947396219 10.279999770224094 857
1587947415870 8.16999981738627 858
1587947435427 18.149999594315886 859
1587947455734 6.0899998638778925 860
1587947475283 10.079999774694443 861
1587947494840 10.479999765753746 862
1587947514379 11.919999733567238 863
1587947533995 7.579999830573797 864
1587947553588 10.499999765306711 865
1587947573241 10.659999761730433 866
1587947593003 8.499999810010195 867
1587947612622 10.359999768435955 868
1587947632785 6.099999863654375 869
1587947652502 6.809999847784638 870
1587947672150 11.359999746084213 871
1587947691821 5.399999879300594 872
1587947711547 10.739999759942293 873
1587947731236 9.319999791681767 874
1587947750928 12.149999728426337 875
1587947770636 8.219999816268682 876
1587947790336 10.06999977491796 877
1587947810497 6.919999845325947 878
1587947830271 4.56999989785254 879
1587947850368 7.719999827444553 880
1587947870135 12.799999713897705 881
1587947889948 4.769999893382192 882
1587947909731 8.939999800175428 883
1587947929536 13.829999690875411 884
1587947949401 7.779999826103449 885
1587947969293 3.899999912828207 886
1587947989704 7.58999983035028 887
1587948009571 6.919999845325947 888
1587948029396 8.279999814927578 889
1587948049267 6.829999847337604 890
1587948069216 8.199999816715717 891
1587948089114 9.899999778717756 892
1587948109013 11.789999736472964 893
1587948129085 8.279999814927578 894
1587948149103 9.769999781623483 895
1587948169488 14.779999669641256 896
1587948189431 3.1999999284744263 897
1587948209321 4.769999893382192 898
1587948229280 11.139999751001596 899
1587948249669 9.569999786093831 900
1587948269719 9.83999978005886 901
1587948289731 17.489999609068036 902
1587948309733 7.649999829009175 903
1587948329815 7.129999840632081 904
1587948350429 9.129999795928597 905
1587948370468 11.519999742507935 906
1587948390453 9.089999796822667 907
1587948410520 9.44999978877604 908
1587948430714 15.049999663606286 909
1587948450767 5.679999873042107 910
1587948470829 8.529999809339643 911
1587948490992 12.23999972641468 912
1587948511210 10.759999759495258 913
1587948531873 9.469999788329005 914
1587948552057 4.549999898299575 915
1587948572211 9.48999978788197 916
1587948592401 5.509999876841903 917
1587948612624 7.169999839738011 918
1587948632808 7.339999835938215 919
1587948653377 7.639999829232693 920
1587948673562 6.919999845325947 921
1587948693757 8.309999814257026 922
1587948714411 10.10999977402389 923
1587948734685 10.909999756142497 924
1587948754961 10.139999773353338 925
1587948775218 6.549999853596091 926
1587948795484 11.729999737814069 927
1587948815756 5.219999883323908 928
1587948836040 9.749999782070518 929
1587948856352 12.27999972552061 930
1587948876690 12.799999713897705 931
1587948897568 9.629999784752727 932
1587948917935 5.879999868571758 933
1587948938458 6.359999857842922 934
1587948958842 14.669999672099948 935
1587948979351 11.059999752789736 936
1587948999809 8.319999814033508 937
1587949020559 9.71999978274107 938
1587949041214 6.8799998462200165 939
1587949062292 10.829999757930636 940
1587949082947 7.909999823197722 941
1587949103367 7.139999840408564 942
1587949123939 9.279999792575836 943
1587949144425 9.349999791011214 944
1587949164884 8.369999812915921 945
1587949185362 8.459999810904264 946
1587949205897 6.309999858960509 947
1587949226420 10.279999770224094 948
1587949247463 8.219999816268682 949
1587949268006 8.549999808892608 950
1587949288543 6.6399998515844345 951
1587949309043 8.90999980084598 952
1587949329589 10.089999774470925 953
1587949350104 5.479999877512455 954
1587949370860 21.199999526143074 955
1587949391651 23.04999948479235 956
1587949412264 10.269999770447612 957
1587949433550 7.249999837949872 958
1587949454231 7.6199998296797276 959
1587949475262 10.06999977491796 960
1587949496021 17.599999606609344 961
1587949516719 7.689999828115106 962
1587949537481 9.889999778941274 963
1587949558308 9.919999778270721 964
1587949579005 7.1199998408555984 965
1587949599717 9.209999794140458 966
1587949620911 8.459999810904264 967
1587949641644 7.239999838173389 968
1587949662403 9.499999787658453 969
1587949683175 6.169999862089753 970
1587949704271 10.329999769106507 971
1587949724995 17.339999612420797 972
1587949745787 5.9699998665601015 973
1587949766557 9.819999780505896 974
1587949787870 7.829999824985862 975
1587949808679 11.379999745637178 976
1587949829499 8.449999811127782 977
1587949850299 12.789999714121222 978
1587949871099 9.21999979391694 979
1587949892316 8.429999811574817 980
1587949913129 12.07999972999096 981
1587949934044 6.11999986320734 982
1587949955053 8.349999813362956 983
1587949976459 12.259999725967646 984
1587949997434 6.909999845549464 985
1587950018418 11.799999736249447 986
1587950039590 8.929999800398946 987
1587950060766 12.349999723955989 988
1587950081756 9.48999978788197 989
1587950102771 11.699999738484621 990
1587950123758 10.129999773576856 991
1587950145477 4.789999892935157 992
1587950166615 13.459999699145555 993
1587950187761 5.069999886676669 994
1587950208805 10.659999761730433 995
1587950229977 9.209999794140458 996
1587950251122 11.119999751448631 997
1587950272449 8.089999819174409 998
1587950293706 12.229999726638198 999
1587950315492 7.799999825656414 1000
1587950337192 8.47999981045723 1001
1587950358273 10.509999765083194 1002
1587950379336 14.139999683946371 1003
1587950400422 13.029999708756804 1004
1587950421536 13.329999702051282 1005
1587950442645 7.1199998408555984 1006
1587950463725 10.189999772235751 1007
1587950484836 9.829999780282378 1008
1587950506418 22.80999949015677 1009
1587950527669 7.989999821409583 1010
1587950548949 8.59999980777502 1011
1587950570184 9.959999777376652 1012
1587950591526 6.73999984934926 1013
1587950612770 15.52999965287745 1014
1587950634023 12.07999972999096 1015
1587950655271 10.559999763965607 1016
1587950676444 14.219999682158232 1017
1587950698156 6.229999860748649 1018
1587950719362 9.759999781847 1019
1587950740882 11.76999973692 1020
1587950762095 5.6099998746067286 1021
1587950783377 11.49999974295497 1022
1587950804582 10.95999975502491 1023
1587950825791 12.929999710991979 1024
1587950847191 13.409999700263143 1025
1587950868773 12.569999719038606 1026
1587950889915 7.419999834150076 1027
1587950911060 12.38999972306192 1028
1587950932470 6.559999853372574 1029
1587950953691 7.029999842867255 1030
1587950974910 17.23999961465597 1031
1587950996245 12.329999724403024 1032
1587951017808 10.659999761730433 1033
1587951039030 8.619999807327986 1034
1587951060836 6.919999845325947 1035
1587951082037 7.059999842196703 1036
1587951103392 11.249999748542905 1037
1587951124799 16.789999624714255 1038
1587951146116 10.079999774694443 1039
1587951167770 8.159999817609787 1040
1587951189105 10.629999762400985 1041
1587951210455 11.629999740049243 1042
1587951232486 8.739999804645777 1043
1587951253784 13.499999698251486 1044
1587951274980 12.619999717921019 1045
1587951296224 6.979999843984842 1046
1587951317548 5.989999866113067 1047
1587951339172 13.189999705180526 1048
1587951360547 8.079999819397926 1049
1587951381985 7.7899998258799314 1050
1587951404010 11.639999739825726 1051
1587951425479 8.539999809116125 1052
1587951446973 12.289999725297093 1053
1587951468228 9.389999790117145 1054
1587951489434 12.73999971523881 1055
1587951510607 13.819999691098928 1056
1587951531767 8.549999808892608 1057
1587951553025 9.9899997767061 1058
1587951574200 7.969999821856618 1059
1587951596306 11.65999973937869 1060
1587951617668 11.239999748766422 1061
1587951638880 12.15999972820282 1062
1587951660077 11.129999751225114 1063
1587951681361 12.679999716579914 1064
1587951702581 5.549999875947833 1065
1587951723927 9.44999978877604 1066
1587951745446 11.57999974116683 1067
1587951767462 8.119999818503857 1068
1587951788901 10.469999765977263 1069
1587951810223 7.209999838843942 1070
1587951831413 8.469999810680747 1071
1587951852727 11.689999738708138 1072
1587951873973 11.589999740943313 1073
1587951895179 9.269999792799354 1074
1587951916508 6.599999852478504 1075
1587951937831 7.969999821856618 1076
1587951959632 8.82999980263412 1077
1587951980874 10.639999762177467 1078
1587952002179 10.91999975591898 1079
1587952023971 12.15999972820282 1080
1587952045363 9.289999792352319 1081
1587952066743 14.609999673441052 1082
1587952088000 9.109999796375632 1083
1587952109241 5.669999873265624 1084
1587952130976 8.859999801963568 1085
1587952152267 11.96999973244965 1086
1587952173229 8.139999818056822 1087
1587952194179 8.01999982073903 1088
1587952215210 7.139999840408564 1089
1587952236344 8.109999818727374 1090
1587952257365 11.739999737590551 1091
1587952278384 17.439999610185623 1092
1587952299454 12.719999715685844 1093
1587952320996 11.259999748319387 1094
1587952342157 8.609999807551503 1095
1587952363121 12.169999727979302 1096
1587952384199 9.829999780282378 1097
1587952405245 7.209999838843942 1098
1587952426232 8.379999812692404 1099
1587952447688 10.60999976284802 1100
1587952468771 7.639999829232693 1101
1587952490285 0.5099999886006117 1102
1587952511451 10.089999774470925 1103
1587952532598 7.719999827444553 1104
1587952553777 11.049999753013253 1105
1587952574930 11.76999973692 1106
1587952595984 5.309999881312251 1107
1587952617054 6.3999998569488525 1108
1587952638272 7.419999834150076 1109
1587952659299 6.829999847337604 1110
1587952680943 14.529999675229192 1111
1587952702030 6.6399998515844345 1112
1587952723093 12.46999972127378 1113
1587952744178 9.17999979481101 1114
1587952765251 10.759999759495258 1115
1587952786316 11.629999740049243 1116
1587952807420 10.749999759718776 1117
1587952828478 7.7399998269975185 1118
1587952850013 11.409999744966626 1119
1587952871544 11.399999745190144 1120
1587952892665 13.149999706074595 1121
1587952913858 9.869999779388309 1122
1587952934895 9.279999792575836 1123
1587952955904 10.429999766871333 1124
1587952976920 10.249999770894647 1125
1587952997987 7.479999832808971 1126
1587953018998 7.8599998243153095 1127
1587953040567 8.409999812021852 1128
1587953061629 5.80999987013638 1129
1587953082702 9.669999783858657 1130
1587953103908 6.989999843761325 1131
1587953125047 7.349999835714698 1132
1587953146494 7.269999837502837 1133
1587953167886 6.689999850466847 1134
1587953189018 9.36999979056418 1135
1587953210698 9.789999781176448 1136
1587953231858 12.369999723508954 1137
1587953252991 13.609999695792794 1138
1587953274163 14.469999676570296 1139
1587953295757 11.469999743625522 1140
1587953317100 8.399999812245369 1141
1587953338361 8.78999980352819 1142
1587953359538 8.509999809786677 1143
1587953380852 7.889999823644757 1144
1587953402500 13.539999697357416 1145
1587953423564 8.90999980084598 1146
1587953444736 10.139999773353338 1147
1587953465900 10.659999761730433 1148
1587953487023 8.309999814257026 1149
1587953508154 10.929999755695462 1150
1587953529355 9.469999788329005 1151
1587953550601 22.69999949261546 1152
1587953572395 10.539999764412642 1153
1587953593860 6.219999860972166 1154
1587953615208 9.549999786540866 1155
1587953636530 7.779999826103449 1156
1587953657684 11.059999752789736 1157
1587953678776 9.429999789223075 1158
1587953699823 12.789999714121222 1159
1587953721282 9.259999793022871 1160
1587953742873 8.149999817833304 1161
1587953764102 7.639999829232693 1162
1587953785337 7.259999837726355 1163
1587953806549 9.709999782964587 1164
1587953827758 10.599999763071537 1165
1587953848904 9.909999778494239 1166
1587953870202 9.439999788999557 1167
1587953891396 12.719999715685844 1168
1587953912639 11.009999753907323 1169
1587953934270 9.09999979659915 1170
1587953955366 11.279999747872353 1171
1587953976483 11.149999750778079 1172
1587953997500 10.229999771341681 1173
1587954018597 9.209999794140458 1174
1587954039710 11.389999745413661 1175
1587954060732 8.539999809116125 1176
1587954081786 6.929999845102429 1177
1587954103510 7.6699998285621405 1178
1587954124611 6.869999846443534 1179
1587954146070 11.589999740943313 1180
1587954167112 13.449999699369073 1181
1587954188168 3.7499999161809683 1182
1587954209212 8.009999820962548 1183
1587954230251 8.699999805539846 1184
1587954251322 9.569999786093831 1185
1587954272396 9.94999977760017 1186
1587954294054 8.269999815151095 1187
1587954315160 8.379999812692404 1188
1587954336178 10.739999759942293 1189
1587954357186 8.369999812915921 1190
1587954378343 10.68999976105988 1191
1587954399408 14.119999684393406 1192
1587954420506 20.119999550282955 1193
1587954441796 13.119999706745148 1194
1587954463510 9.649999784305692 1195
1587954484673 14.569999674335122 1196
1587954505714 8.809999803081155 1197
1587954526773 11.409999744966626 1198
1587954547839 12.07999972999096 1199
1587954569241 11.949999732896686 1200
1587954590356 11.169999750331044 1201
1587954611624 7.479999832808971 1202
1587954632715 6.909999845549464 1203
1587954654527 9.459999788552523 1204
1587954675613 9.959999777376652 1205
1587954696648 5.629999874159694 1206
1587954717718 11.299999747425318 1207
1587954739006 7.409999834373593 1208
1587954760259 9.83999978005886 1209
1587954781555 11.369999745860696 1210
1587954802848 7.5499998312443495 1211
1587954824627 11.749999737367034 1212
1587954845825 5.739999871701002 1213
1587954867010 12.569999719038606 1214
1587954888180 7.229999838396907 1215
1587954909513 10.519999764859676 1216
1587954930649 6.239999860525131 1217
1587954951838 7.609999829903245 1218
1587954973037 14.6399996727705 1219
1587954994621 11.479999743402004 1220
1587955016351 13.289999702945352 1221
1587955037648 10.819999758154154 1222
1587955058914 27.209999391809106 1223
1587955080194 9.269999792799354 1224
1587955101499 7.3099998366087675 1225
1587955122711 10.479999765753746 1226
1587955143913 7.909999823197722 1227
1587955165079 15.249999659135938 1228
1587955186714 10.849999757483602 1229
1587955207896 8.32999981380999 1230
1587955229089 11.909999733790755 1231
1587955250283 8.579999808222055 1232
1587955271525 7.229999838396907 1233
1587955292660 9.399999789893627 1234
1587955313879 8.47999981045723 1235
1587955335166 8.739999804645777 1236
1587955356327 10.279999770224094 1237
1587955377935 16.369999634101987 1238
1587955399069 11.329999746754766 1239
1587955420466 10.819999758154154 1240
1587955441582 9.379999790340662 1241
1587955462671 10.759999759495258 1242
1587955483674 8.299999814480543 1243
1587955504752 10.239999771118164 1244
1587955525780 13.719999693334103 1245
1587955547176 20.589999539777637 1246
1587955568214 10.539999764412642 1247
1587955589274 12.579999718815088 1248
1587955610302 9.829999780282378 1249
1587955631540 10.519999764859676 1250
1587955652792 9.049999797716737 1251
1587955674054 11.569999741390347 1252
1587955695304 10.279999770224094 1253
1587955716600 10.499999765306711 1254
1587955738350 10.219999771565199 1255
1587955759577 7.109999841079116 1256
1587955780776 16.939999621361494 1257
1587955802003 8.969999799504876 1258
1587955823219 4.5099998991936445 1259
1587955844747 16.819999624043703 1260
1587955865947 12.249999726191163 1261
1587955887068 13.689999694004655 1262
1587955908621 11.26999974809587 1263
1587955929878 8.399999812245369 1264
1587955951119 15.13999966159463 1265
1587955972371 9.599999785423279 1266
1587955993633 6.249999860301614 1267
1587956014843 17.69999960437417 1268
1587956036088 14.449999677017331 1269
1587956057247 12.529999719932675 1270
1587956078373 10.099999774247408 1271
1587956100032 13.809999691322446 1272
1587956121156 10.939999755471945 1273
1587956142289 13.609999695792794 1274
1587956163450 9.009999798610806 1275
1587956184631 9.40999978967011 1276
1587956205722 15.079999662935734 1277
1587956226941 19.839999556541443 1278
1587956248102 5.409999879077077 1279
1587956270225 7.869999824091792 1280
1587956291561 18.189999593421817 1281
1587956312681 11.57999974116683 1282
1587956333782 10.579999763518572 1283
1587956354950 8.219999816268682 1284
1587956376059 9.539999786764383 1285
1587956397154 6.7599998489022255 1286
1587956418317 13.329999702051282 1287
1587956439445 10.10999977402389 1288
1587956461024 10.639999762177467 1289
1587956482144 11.61999974027276 1290
1587956503271 13.899999689310789 1291
1587956524457 8.989999799057841 1292
1587956545624 8.659999806433916 1293
1587956566786 13.779999691992998 1294
1587956587975 21.019999530166388 1295
1587956609075 15.709999648854136 1296
1587956630635 8.74999980442226 1297
1587956651707 7.659999828785658 1298
1587956672708 11.22999974898994 1299
1587956694101 24.51999945193529 1300
1587956715505 15.739999648183584 1301
1587956736487 10.909999756142497 1302
1587956757465 9.399999789893627 1303
1587956778516 8.74999980442226 1304
1587956799505 9.939999777823687 1305
1587956821254 9.5299997869879 1306
1587956842405 12.229999726638198 1307
1587956863519 10.829999757930636 1308
1587956884654 13.719999693334103 1309
1587956905863 12.129999728873372 1310
1587956926985 8.979999799281359 1311
1587956948179 12.139999728649855 1312
1587956969303 9.249999793246388 1313
1587956991001 9.829999780282378 1314
1587957012141 10.979999754577875 1315
1587957033344 15.389999656006694 1316
1587957054477 10.159999772906303 1317
1587957075644 11.109999751672149 1318
1587957096743 16.759999625384808 1319
1587957118205 10.969999754801393 1320
1587957139414 12.099999729543924 1321
1587957160541 14.799999669194221 1322
1587957182093 7.439999833703041 1323
1587957203155 7.399999834597111 1324
1587957224175 8.219999816268682 1325
1587957245264 11.84999973513186 1326
1587957266248 13.559999696910381 1327
1587957287234 14.309999680146575 1328
1587957308264 11.03999975323677 1329
1587957329270 10.669999761506915 1330
1587957350610 10.749999759718776 1331
1587957371704 8.629999807104468 1332
1587957392741 11.999999731779099 1333
1587957413730 10.909999756142497 1334
1587957434781 4.029999909922481 1335
1587957455799 8.699999805539846 1336
1587957476811 7.609999829903245 1337
1587957497827 7.339999835938215 1338
1587957518894 10.02999977581203 1339
1587957540699 4.379999902099371 1340
1587957561691 11.989999732002616 1341
1587957582687 12.319999724626541 1342
1587957603760 8.32999981380999 1343
1587957624780 9.879999779164791 1344
1587957645793 8.859999801963568 1345
1587957666877 12.8599997125566 1346
1587957687893 8.59999980777502 1347
1587957709541 12.249999726191163 1348
1587957730681 15.79999964684248 1349
1587957751801 10.639999762177467 1350
1587957772894 13.739999692887068 1351
1587957794051 12.099999729543924 1352
1587957815223 12.259999725967646 1353
1587957836356 11.529999742284417 1354
1587957857501 13.809999691322446 1355
1587957878587 7.089999841526151 1356
1587957900244 10.979999754577875 1357
1587957921396 7.539999831467867 1358
1587957942480 7.649999829009175 1359
1587957963999 6.789999848231673 1360
1587957985122 7.129999840632081 1361
1587958006191 16.939999621361494 1362
1587958027328 6.719999849796295 1363
1587958048432 14.999999664723873 1364
1587958070066 6.749999849125743 1365
1587958091201 12.919999711215496 1366
1587958112316 9.869999779388309 1367
1587958133306 13.239999704062939 1368
1587958154294 9.169999795034528 1369
1587958175313 7.299999836832285 1370
1587958196273 12.059999730437994 1371
1587958217315 12.629999717697501 1372
1587958238388 11.069999752566218 1373
1587958259861 13.859999690204859 1374
1587958280987 8.799999803304672 1375
1587958301944 11.599999740719795 1376
1587958322924 9.479999788105488 1377
1587958343950 10.749999759718776 1378
1587958364942 1.8599999584257603 1379
1587958386330 4.899999890476465 1380
1587958407311 12.299999725073576 1381
1587958428886 5.099999886006117 1382
1587958449939 11.699999738484621 1383
1587958470927 11.089999752119184 1384
1587958491904 10.799999758601189 1385
1587958513287 12.639999717473984 1386
1587958534249 12.11999972909689 1387
1587958555247 11.869999734684825 1388
1587958576301 7.919999822974205 1389
1587958597305 14.259999681264162 1390
1587958618853 8.009999820962548 1391
1587958640010 17.019999619573355 1392
1587958661145 14.589999673888087 1393
1587958682269 9.089999796822667 1394
1587958703348 13.619999695569277 1395
1587958724412 10.989999754354358 1396
1587958745573 10.679999761283398 1397
1587958766710 10.02999977581203 1398
1587958788355 9.899999778717756 1399
1587958809880 8.999999798834324 1400
1587958831041 10.239999771118164 1401
1587958852082 8.379999812692404 1402
1587958873221 2.7699999380856752 1403
1587958894289 8.139999818056822 1404
1587958915367 11.729999737814069 1405
1587958936547 6.6599998511374 1406
1587958957681 9.779999781399965 1407
1587958979336 8.529999809339643 1408
1587959000584 12.319999724626541 1409
1587959021739 11.069999752566218 1410
1587959043004 11.419999744743109 1411
1587959064358 13.819999691098928 1412
1587959085481 10.599999763071537 1413
1587959106661 10.469999765977263 1414
1587959128057 10.87999975681305 1415
1587959149674 11.629999740049243 1416
1587959170887 10.099999774247408 1417
1587959192089 16.439999632537365 1418
1587959213275 7.559999831020832 1419
1587959234883 7.509999832138419 1420
1587959256165 15.129999661818147 1421
1587959277557 6.719999849796295 1422
1587959298847 8.269999815151095 1423
1587959320159 9.40999978967011 1424
1587959341891 11.279999747872353 1425
1587959362966 11.669999739155173 1426
1587959383913 6.809999847784638 1427
1587959404926 10.079999774694443 1428
1587959425895 18.599999584257603 1429
1587959446844 16.629999628290534 1430
1587959467847 6.779999848455191 1431
1587959488803 12.899999711662531 1432
1587959510314 11.139999751001596 1433
1587959531395 11.57999974116683 1434
1587959552381 10.289999770000577 1435
1587959573409 12.209999727085233 1436
1587959594500 11.469999743625522 1437
1587959615518 12.27999972552061 1438
1587959636545 12.439999721944332 1439
1587959657953 13.489999698475003 1440
1587959678994 11.739999737590551 1441
1587959700527 8.199999816715717 1442
1587959721581 8.189999816939235 1443
1587959742617 10.059999775141478 1444
1587959763695 10.329999769106507 1445
1587959784808 12.539999719709158 1446
1587959805812 12.709999715909362 1447
1587959826930 14.09999968484044 1448
1587959848049 5.799999870359898 1449
1587959869712 11.159999750554562 1450
1587959890836 7.659999828785658 1451
1587959911894 8.039999820291996 1452
1587959932910 9.459999788552523 1453
1587959953962 9.21999979391694 1454
1587959975018 12.789999714121222 1455
1587959995995 11.899999734014273 1456
1587960017006 9.579999785870314 1457
1587960037959 11.03999975323677 1458
1587960059343 10.059999775141478 1459
1587960080705 7.479999832808971 1460
1587960101721 12.289999725297093 1461
1587960122806 10.479999765753746 1462
1587960143898 10.129999773576856 1463
1587960165014 15.929999643936753 1464
1587960186118 11.479999743402004 1465
1587960207215 13.719999693334103 1466
1587960228895 7.5499998312443495 1467
1587960250018 11.439999744296074 1468
1587960271141 13.279999703168869 1469
1587960292242 10.309999769553542 1470
1587960313360 10.769999759271741 1471
1587960334367 6.38999985717237 1472
1587960355415 15.039999663829803 1473
1587960376453 13.499999698251486 1474
1587960397480 12.879999712109566 1475
1587960419096 9.089999796822667 1476
1587960440155 11.909999733790755 1477
1587960461208 11.449999744072556 1478
1587960482282 11.029999753460288 1479
1587960503714 13.00999970920384 1480
1587960524717 11.839999735355377 1481
1587960545726 9.939999777823687 1482
1587960566717 11.709999738261104 1483
1587960588249 8.669999806210399 1484
1587960609250 10.559999763965607 1485
1587960630247 15.239999659359455 1486
1587960651158 15.649999650195241 1487
1587960672237 7.289999837055802 1488
1587960693198 12.799999713897705 1489
1587960714131 6.3299998585134745 1490
1587960735127 5.4199998788535595 1491
1587960756116 13.039999708533287 1492
1587960777695 13.259999703615904 1493
1587960798698 10.469999765977263 1494
1587960819660 12.769999714568257 1495
1587960840661 7.809999825432897 1496
1587960861775 14.669999672099948 1497
1587960882698 8.139999818056822 1498
1587960903680 16.279999636113644 1499
1587960925045 11.159999750554562 1500
1587960946505 14.189999682828784 1501
1587960967523 10.769999759271741 1502
1587960988490 10.939999755471945 1503
1587961009489 11.689999738708138 1504
1587961030563 14.609999673441052 1505
1587961051590 14.539999675005674 1506
1587961072579 15.169999660924077 1507
1587961093630 12.15999972820282 1508
1587961114609 15.279999658465385 1509
1587961136119 11.279999747872353 1510
1587961157170 8.4399998113513 1511
1587961178133 14.4099996779114 1512
1587961199138 13.529999697580934 1513
1587961220201 16.429999632760882 1514
1587961241254 14.769999669864774 1515
1587961262258 14.219999682158232 1516
1587961283274 16.169999638572335 1517
1587961304843 9.939999777823687 1518
1587961325939 11.199999749660492 1519
1587961347427 7.779999826103449 1520
1587961368549 7.579999830573797 1521
1587961389672 9.439999788999557 1522
1587961410794 11.129999751225114 1523
1587961432006 10.969999754801393 1524
1587961453084 10.429999766871333 1525
1587961474168 9.079999797046185 1526
1587961495736 6.38999985717237 1527
1587961516832 11.069999752566218 1528
1587961538004 9.79999978095293 1529
1587961559069 14.669999672099948 1530
1587961580322 14.049999685958028 1531
1587961601379 9.999999776482582 1532
1587961622552 9.779999781399965 1533
1587961643795 9.359999790787697 1534
1587961665623 10.699999760836363 1535
1587961686783 11.699999738484621 1536
1587961707927 20.94999953173101 1537
1587961729033 16.669999627396464 1538
1587961750149 5.389999879524112 1539
1587961771538 11.03999975323677 1540
1587961792503 12.73999971523881 1541
1587961813589 10.269999770447612 1542
1587961834590 10.329999769106507 1543
1587961856136 12.15999972820282 1544
1587961877154 14.169999683275819 1545
1587961898161 9.669999783858657 1546
1587961919185 10.319999769330025 1547
1587961940283 26.71999940276146 1548
1587961961295 15.13999966159463 1549
1587961982345 15.689999649301171 1550
1587962003358 16.409999633207917 1551
1587962024796 10.469999765977263 1552
1587962045835 13.429999699816108 1553
1587962066830 9.749999782070518 1554
1587962087818 11.61999974027276 1555
1587962108838 7.529999831691384 1556
1587962129852 13.159999705851078 1557
1587962150850 11.729999737814069 1558
1587962171868 5.45999987795949 1559
1587962193226 8.059999819844961 1560
1587962214722 13.639999695122242 1561
1587962235878 12.169999727979302 1562
1587962257133 8.959999799728394 1563
1587962278350 7.779999826103449 1564
1587962299595 11.709999738261104 1565
1587962320806 15.02999966405332 1566
1587962342008 18.81999957934022 1567
1587962363168 10.829999757930636 1568
1587962384890 10.989999754354358 1569
1587962407280 20.279999546706676 1570
1587962428620 13.589999696239829 1571
1587962449990 14.20999968238175 1572
1587962471444 6.569999853149056 1573
1587962492778 14.51999967545271 1574
