1587217589774 1 1
1587217595714 1 2
1587217601501 1 3
1587217606235 1 4
1587217610323 1 5
1587217614426 1 6
1587217618313 1 7
1587217621747 1 8
1587217625017 1 9
1587217629441 1 10
1587217635148 1 11
1587217640182 1 12
1587217644958 1 13
1587217649569 1 14
1587217654294 1 15
1587217658881 1 16
1587217663026 1 17
1587217667730 1 18
1587217672300 1 19
1587217676636 1 20
1587217681046 1 21
1587217685882 1 22
1587217690184 1 23
1587217694734 1 24
1587217699075 1 25
1587217703059 1 26
1587217707670 1 27
1587217711956 1 28
1587217716287 1 29
1587217720039 1 30
1587217724248 1 31
1587217728378 1 32
1587217732531 1 33
1587217736867 1 34
1587217741102 1 35
1587217745754 1 36
1587217749590 1 37
1587217753395 1 38
1587217758502 1 39
1587217762833 1 40
1587217767641 1 41
1587217771742 1 42
1587217775768 1 43
1587217779910 1 44
1587217784208 1 45
1587217788394 1 46
1587217792665 1 47
1587217796951 1 48
1587217801238 1 49
1587217805185 1 50
1587217809248 1 51
1587217813620 1 52
1587217817622 1 53
1587217821515 1 54
1587217825886 1 55
1587217830283 1 56
1587217834454 1 57
1587217838543 1 58
1587217843609 1 59
1587217849125 1 60
1587217854031 1 61
1587217858113 1 62
1587217862372 1 63
1587217866493 1 64
1587217870594 1 65
1587217875320 1 66
1587217879866 1 67
1587217883869 1 68
1587217888571 1 69
1587217893025 1 70
1587217897316 1 71
1587217901769 1 72
1587217906156 1 73
1587217910491 1 74
1587217914772 1 75
1587217919328 1 76
1587217923961 1 77
1587217928056 1 78
1587217931623 1 79
1587217935007 1 80
1587217939414 1 81
1587217943200 1 82
1587217946832 1 83
1587217952185 1 84
1587217956089 1 85
1587217960026 1 86
1587217963896 1 87
1587217968497 1 88
1587217972637 1 89
1587217976026 1 90
1587217979474 1 91
1587217982830 1 92
1587217986231 1 93
1587217989535 1 94
1587217992887 1 95
1587217996324 1 96
1587217999761 1 97
1587218003201 1 98
1587218006641 1 99
1587218010877 1 100
1587218014354 1 101
1587218017809 1 102
1587218021045 1 103
1587218024415 1 104
1587218027832 1 105
1587218031037 1 106
1587218034340 1 107
1587218037659 1 108
1587218040869 1 109
1587218044206 1 110
1587218047535 1 111
1587218050793 1 112
1587218054347 1 113
1587218057968 1 114
1587218061297 1 115
1587218064592 1 116
1587218067888 1 117
1587218071244 1 118
1587218074578 1 119
1587218077863 1 120
1587218081085 1 121
1587218084389 1 122
1587218087756 1 123
1587218091094 1 124
1587218094415 1 125
1587218097755 1 126
1587218101186 1 127
1587218104515 1 128
1587218107725 1 129
1587218111014 1 130
1587218114219 1 131
1587218117584 1 132
1587218120921 1 133
1587218124241 1 134
1587218127610 1 135
1587218130914 1 136
1587218134284 1 137
1587218137608 1 138
1587218140867 1 139
1587218144152 1 140
1587218147880 1 141
1587218151216 1 142
1587218154435 1 143
1587218157841 1 144
1587218161111 1 145
1587218164490 1 146
1587218167700 1 147
1587218170954 1 148
1587218174154 1 149
1587218177401 1 150
1587218180742 1 151
1587218184080 1 152
1587218187366 1 153
1587218190720 1 154
1587218194040 1 155
1587218197325 1 156
1587218200665 1 157
1587218203946 1 158
1587218207352 1 159
1587218210757 1 160
1587218214053 1 161
1587218217407 1 162
1587218220728 1 163
1587218224017 1 164
1587218227322 1 165
1587218230595 1 166
1587218233828 1 167
1587218237163 1 168
1587218240500 1 169
1587218243769 1 170
1587218247079 1 171
1587218250543 1 172
1587218253819 1 173
1587218257129 1 174
1587218260368 1 175
1587218263675 1 176
1587218267043 1 177
1587218270424 1 178
1587218273631 1 179
1587218277034 1 180
1587218280250 1 181
1587218283644 1 182
1587218286914 1 183
1587218290262 1 184
1587218293565 1 185
1587218296802 1 186
1587218300205 1 187
1587218303576 1 188
1587218306939 1 189
1587218310368 1 190
1587218313819 1 191
1587218317195 1 192
1587218320441 1 193
1587218323746 1 194
1587218327015 1 195
1587218330483 1 196
1587218333812 1 197
1587218337091 1 198
1587218340569 1 199
1587218343894 1 200
1587218347297 1 201
1587218350636 1 202
1587218353974 1 203
1587218357293 1 204
1587218360512 1 205
1587218363813 1 206
1587218367033 1 207
1587218370404 1 208
1587218373791 1 209
1587218377111 1 210
1587218380395 1 211
1587218383718 1 212
1587218386971 1 213
1587218390384 1 214
1587218393742 1 215
1587218397014 1 216
1587218400349 1 217
1587218403802 1 218
1587218407138 1 219
1587218411490 1 220
1587218415408 1 221
1587218419030 1 222
1587218422399 1 223
1587218425857 1 224
1587218430113 1 225
1587218440734 1 226
1587218447213 1 227
1587218452482 1 228
1587218457239 1 229
1587218462238 1 230
1587218466936 1 231
1587218471767 1 232
1587218476401 1 233
1587218481036 1 234
1587218485789 1 235
1587218490395 1 236
1587218495183 1 237
1587218499955 1 238
1587218504647 1 239
1587218509592 1 240
1587218514413 1 241
1587218519218 1 242
1587218523847 1 243
1587218527290 1 244
1587218530671 1 245
1587218534081 1 246
1587218537425 1 247
1587218540798 1 248
1587218544137 1 249
1587218547531 1 250
1587218550919 1 251
1587218554325 1 252
1587218557727 1 253
1587218561069 1 254
1587218564401 1 255
1587218567727 1 256
1587218571307 1 257
1587218574663 1 258
1587218578114 1 259
1587218581973 1 260
1587218585365 1 261
1587218588753 1 262
1587218592032 1 263
1587218595496 1 264
1587218598735 1 265
1587218601949 1 266
1587218605270 1 267
1587218608540 1 268
1587218611859 1 269
1587218615213 1 270
1587218618535 1 271
1587218621839 1 272
1587218624988 1 273
1587218628316 1 274
1587218631712 1 275
1587218635033 1 276
1587218638304 1 277
1587218641717 1 278
1587218644906 1 279
1587218648264 1 280
1587218651597 1 281
1587218654998 1 282
1587218658515 1 283
1587218661858 1 284
1587218665110 1 285
1587218668381 1 286
1587218671750 1 287
1587218675088 1 288
1587218678507 1 289
1587218681811 1 290
1587218685130 1 291
1587218688388 1 292
1587218691804 1 293
1587218695124 1 294
1587218698425 1 295
1587218701912 1 296
1587218705229 1 297
1587218708456 1 298
1587218711856 1 299
1587218715186 1 300
1587218718608 1 301
1587218721995 1 302
1587218727155 1 303
1587218731486 1 304
1587218735938 1 305
1587218741422 1 306
1587218746385 1 307
1587218750681 1 308
