1587217589774 1 1
1587217595714 0.995 2
1587217601501 0.990025 3
1587217606235 0.985074875 4
1587217610323 0.9801495006250001 5
1587217614426 0.9752487531218751 6
1587217618313 0.9703725093562657 7
1587217621747 0.9655206468094844 8
1587217625017 0.960693043575437 9
1587217629441 0.9558895783575597 10
1587217635148 0.9511101304657719 11
1587217640182 0.946354579813443 12
1587217644958 0.9416228069143757 13
1587217649569 0.9369146928798039 14
1587217654294 0.9322301194154049 15
1587217658881 0.9275689688183278 16
1587217663026 0.9229311239742362 17
1587217667730 0.918316468354365 18
1587217672300 0.9137248860125932 19
1587217676636 0.9091562615825302 20
1587217681046 0.9046104802746175 21
1587217685882 0.9000874278732445 22
1587217690184 0.8955869907338783 23
1587217694734 0.8911090557802088 24
1587217699075 0.8866535105013078 25
1587217703059 0.8822202429488013 26
1587217707670 0.8778091417340573 27
1587217711956 0.8734200960253871 28
1587217716287 0.8690529955452602 29
1587217720039 0.8647077305675338 30
1587217724248 0.8603841919146962 31
1587217728378 0.8560822709551227 32
1587217732531 0.851801859600347 33
1587217736867 0.8475428503023453 34
1587217741102 0.8433051360508336 35
1587217745754 0.8390886103705794 36
1587217749590 0.8348931673187264 37
1587217753395 0.8307187014821328 38
1587217758502 0.8265651079747222 39
1587217762833 0.8224322824348486 40
1587217767641 0.8183201210226743 41
1587217771742 0.8142285204175609 42
1587217775768 0.810157377815473 43
1587217779910 0.8061065909263957 44
1587217784208 0.8020760579717637 45
1587217788394 0.798065677681905 46
1587217792665 0.7940753492934954 47
1587217796951 0.7901049725470279 48
1587217801238 0.7861544476842928 49
1587217805185 0.7822236754458713 50
1587217809248 0.778312557068642 51
1587217813620 0.7744209942832988 52
1587217817622 0.7705488893118823 53
1587217821515 0.7666961448653229 54
1587217825886 0.7628626641409962 55
1587217830283 0.7590483508202912 56
1587217834454 0.7552531090661897 57
1587217838543 0.7514768435208588 58
1587217843609 0.7477194593032545 59
1587217849125 0.7439808620067382 60
1587217854031 0.7402609576967045 61
1587217858113 0.736559652908221 62
1587217862372 0.7328768546436799 63
1587217866493 0.7292124703704616 64
1587217870594 0.7255664080186093 65
1587217875320 0.7219385759785162 66
1587217879866 0.7183288830986236 67
1587217883869 0.7147372386831305 68
1587217888571 0.7111635524897149 69
1587217893025 0.7076077347272662 70
1587217897316 0.7040696960536299 71
1587217901769 0.7005493475733617 72
1587217906156 0.697046600835495 73
1587217910491 0.6935613678313175 74
1587217914772 0.6900935609921609 75
1587217919328 0.6866430931872001 76
1587217923961 0.6832098777212641 77
1587217928056 0.6797938283326578 78
1587217931623 0.6763948591909945 79
1587217935007 0.6730128848950395 80
1587217939414 0.6696478204705644 81
1587217943200 0.6662995813682115 82
1587217946832 0.6629680834613705 83
1587217952185 0.6596532430440636 84
1587217956089 0.6563549768288433 85
1587217960026 0.653073201944699 86
1587217963896 0.6498078359349755 87
1587217968497 0.6465587967553006 88
1587217972637 0.6433260027715241 89
1587217976026 0.6401093727576664 90
1587217979474 0.6369088258938781 91
1587217982830 0.6337242817644086 92
1587217986231 0.6305556603555866 93
1587217989535 0.6274028820538087 94
1587217992887 0.6242658676435396 95
1587217996324 0.6211445383053219 96
1587217999761 0.6180388156137953 97
1587218003201 0.6149486215357263 98
1587218006641 0.6118738784280476 99
1587218010877 0.6088145090359074 100
1587218014354 0.6057704364907278 101
1587218017809 0.6027415843082742 102
1587218021045 0.5997278763867329 103
1587218024415 0.5967292370047992 104
1587218027832 0.5937455908197752 105
1587218031037 0.5907768628656763 106
1587218034340 0.5878229785513479 107
1587218037659 0.5848838636585911 108
1587218040869 0.5819594443402982 109
1587218044206 0.5790496471185967 110
1587218047535 0.5761543988830038 111
1587218050793 0.5732736268885887 112
1587218054347 0.5704072587541458 113
1587218057968 0.567555222460375 114
1587218061297 0.5647174463480732 115
1587218064592 0.5618938591163328 116
1587218067888 0.5590843898207511 117
1587218071244 0.5562889678716474 118
1587218074578 0.5535075230322891 119
1587218077863 0.5507399854171277 120
1587218081085 0.547986285490042 121
1587218084389 0.5452463540625918 122
1587218087756 0.5425201222922789 123
1587218091094 0.5398075216808175 124
1587218094415 0.5371084840724134 125
1587218097755 0.5344229416520513 126
1587218101186 0.531750826943791 127
1587218104515 0.5290920728090721 128
1587218107725 0.5264466124450268 129
1587218111014 0.5238143793828016 130
1587218114219 0.5211953074858876 131
1587218117584 0.5185893309484582 132
1587218120921 0.5159963842937159 133
1587218124241 0.5134164023722473 134
1587218127610 0.510849320360386 135
1587218130914 0.5082950737585841 136
1587218134284 0.5057535983897912 137
1587218137608 0.5032248303978422 138
1587218140867 0.500708706245853 139
1587218144152 0.4982051627146237 140
1587218147880 0.49571413690105054 141
1587218151216 0.4932355662165453 142
1587218154435 0.4907693883854626 143
1587218157841 0.4883155414435353 144
1587218161111 0.4858739637363176 145
1587218164490 0.483444593917636 146
1587218167700 0.4810273709480478 147
1587218170954 0.47862223409330756 148
1587218174154 0.47622912292284103 149
1587218177401 0.4738479773082268 150
1587218180742 0.47147873742168567 151
1587218184080 0.46912134373457726 152
1587218187366 0.46677573701590436 153
1587218190720 0.46444185833082485 154
1587218194040 0.46211964903917074 155
1587218197325 0.4598090507939749 156
1587218200665 0.457510005540005 157
1587218203946 0.45522245551230495 158
1587218207352 0.4529463432347434 159
1587218210757 0.4506816115185697 160
1587218214053 0.4484282034609769 161
1587218217407 0.446186062443672 162
1587218220728 0.4439551321314536 163
1587218224017 0.4417353564707963 164
1587218227322 0.43952667968844233 165
1587218230595 0.43732904629000013 166
1587218233828 0.4351424010585501 167
1587218237163 0.43296668905325736 168
1587218240500 0.43080185560799106 169
1587218243769 0.4286478463299511 170
1587218247079 0.42650460709830135 171
1587218250543 0.42437208406280985 172
1587218253819 0.4222502236424958 173
1587218257129 0.42013897252428334 174
1587218260368 0.4180382776616619 175
1587218263675 0.4159480862733536 176
1587218267043 0.41386834584198684 177
1587218270424 0.4117990041127769 178
1587218273631 0.40974000909221303 179
1587218277034 0.40769130904675194 180
1587218280250 0.40565285250151817 181
1587218283644 0.4036245882390106 182
1587218286914 0.4016064652978155 183
1587218290262 0.3995984329713264 184
1587218293565 0.3976004408064698 185
1587218296802 0.39561243860243744 186
1587218300205 0.3936343764094253 187
1587218303576 0.39166620452737816 188
1587218306939 0.3897078735047413 189
1587218310368 0.3877593341372176 190
1587218313819 0.3858205374665315 191
1587218317195 0.38389143477919885 192
1587218320441 0.3819719776053028 193
1587218323746 0.3800621177172763 194
1587218327015 0.37816180712868996 195
1587218330483 0.37627099809304654 196
1587218333812 0.3743896431025813 197
1587218337091 0.37251769488706843 198
1587218340569 0.3706551064126331 199
1587218343894 0.36880183088056995 200
1587218347297 0.3669578217261671 201
1587218350636 0.36512303261753626 202
1587218353974 0.3632974174544486 203
1587218357293 0.3614809303671764 204
1587218360512 0.3596735257153405 205
1587218363813 0.3578751580867638 206
1587218367033 0.35608578229633 207
1587218370404 0.3543053533848483 208
1587218373791 0.35253382661792404 209
1587218377111 0.3507711574848344 210
1587218380395 0.34901730169741024 211
1587218383718 0.3472722151889232 212
1587218386971 0.3455358541129786 213
1587218390384 0.3438081748424137 214
1587218393742 0.3420891339682016 215
1587218397014 0.3403786882983606 216
1587218400349 0.3386767948568688 217
1587218403802 0.33698341088258443 218
1587218407138 0.3352984938281715 219
1587218411490 0.33362200135903064 220
1587218415408 0.33195389135223546 221
1587218419030 0.3302941218954743 222
1587218422399 0.32864265128599696 223
1587218425857 0.326999438029567 224
1587218430113 0.3253644408394192 225
1587218440734 0.3237376186352221 226
1587218447213 0.322118930542046 227
1587218452482 0.32050833588933575 228
1587218457239 0.31890579420988907 229
1587218462238 0.3173112652388396 230
1587218466936 0.3157247089126454 231
1587218471767 0.3141460853680822 232
1587218476401 0.3125753549412418 233
1587218481036 0.31101247816653554 234
1587218485789 0.30945741577570285 235
1587218490395 0.3079101286968243 236
1587218495183 0.3063705780533402 237
1587218499955 0.30483872516307353 238
1587218504647 0.3033145315372582 239
1587218509592 0.3017979588795719 240
1587218514413 0.30028896908517405 241
1587218519218 0.2987875242397482 242
1587218523847 0.29729358661854943 243
1587218527290 0.29580711868545667 244
1587218530671 0.2943280830920294 245
1587218534081 0.29285644267656924 246
1587218537425 0.2913921604631864 247
1587218540798 0.28993519966087045 248
1587218544137 0.2884855236625661 249
1587218547531 0.28704309604425327 250
1587218550919 0.285607880564032 251
1587218554325 0.28417984116121187 252
1587218557727 0.2827589419554058 253
1587218561069 0.28134514724562876 254
1587218564401 0.2799384215094006 255
1587218567727 0.27853872940185365 256
1587218571307 0.27714603575484437 257
1587218574663 0.2757603055760701 258
1587218578114 0.2743815040481898 259
1587218581973 0.2730095965279488 260
1587218585365 0.27164454854530906 261
1587218588753 0.2702863258025825 262
1587218592032 0.2689348941735696 263
1587218595496 0.26759021970270175 264
1587218598735 0.2662522686041882 265
1587218601949 0.2649210072611673 266
1587218605270 0.26359640222486147 267
1587218608540 0.26227842021373715 268
1587218611859 0.2609670281126685 269
1587218615213 0.25966219297210513 270
1587218618535 0.2583638820072446 271
1587218621839 0.2570720625972084 272
1587218624988 0.25578670228422234 273
1587218628316 0.25450776877280124 274
1587218631712 0.2532352299289372 275
1587218635033 0.2519690537792925 276
1587218638304 0.2507092085103961 277
1587218641717 0.2494556624678441 278
1587218644906 0.24820838415550486 279
1587218648264 0.24696734223472733 280
1587218651597 0.2457325055235537 281
1587218654998 0.24450384299593592 282
1587218658515 0.24328132378095624 283
1587218661858 0.24206491716205145 284
1587218665110 0.2408545925762412 285
1587218668381 0.23965031961336 286
1587218671750 0.2384520680152932 287
1587218675088 0.23725980767521673 288
1587218678507 0.23607350863684065 289
1587218681811 0.23489314109365644 290
1587218685130 0.23371867538818816 291
1587218688388 0.23255008201124722 292
1587218691804 0.231387331601191 293
1587218695124 0.23023039494318503 294
1587218698425 0.2290792429684691 295
1587218701912 0.22793384675362674 296
1587218705229 0.22679417751985861 297
1587218708456 0.22566020663225933 298
1587218711856 0.22453190559909803 299
1587218715186 0.22340924607110255 300
1587218718608 0.22229219984074702 301
1587218721995 0.2211807388415433 302
1587218727155 0.22007483514733558 303
1587218731486 0.2189744609715989 304
1587218735938 0.2178795886667409 305
1587218741422 0.2167901907234072 306
1587218746385 0.21570623976979014 307
1587218750681 0.21462770857094118 308
