1587217589774 1001 1
1587217595714 1001 2
1587217601501 1001 3
1587217606235 1001 4
1587217610323 1001 5
1587217614426 1001 6
1587217618313 1001 7
1587217621747 1001 8
1587217625017 1001 9
1587217629441 1001 10
1587217635148 1001 11
1587217640182 1001 12
1587217644958 1001 13
1587217649569 1001 14
1587217654294 1001 15
1587217658881 1001 16
1587217663026 1001 17
1587217667730 1001 18
1587217672300 1001 19
1587217676636 1001 20
1587217681046 1001 21
1587217685882 1001 22
1587217690184 1001 23
1587217694734 1001 24
1587217699075 1001 25
1587217703059 1001 26
1587217707670 1001 27
1587217711956 1001 28
1587217716287 1001 29
1587217720039 1001 30
1587217724248 1001 31
1587217728378 1001 32
1587217732531 1001 33
1587217736867 1001 34
1587217741102 1001 35
1587217745754 1001 36
1587217749590 1001 37
1587217753395 1001 38
1587217758502 1001 39
1587217762833 1001 40
1587217767641 1001 41
1587217771742 1001 42
1587217775768 1001 43
1587217779910 1001 44
1587217784208 1001 45
1587217788394 1001 46
1587217792665 1001 47
1587217796951 1001 48
1587217801238 1001 49
1587217805185 1001 50
1587217809248 1001 51
1587217813620 1001 52
1587217817622 1001 53
1587217821515 1001 54
1587217825886 1001 55
1587217830283 1001 56
1587217834454 1001 57
1587217838543 1001 58
1587217843609 1001 59
1587217849125 1001 60
1587217854031 1001 61
1587217858113 1001 62
1587217862372 1001 63
1587217866493 1001 64
1587217870594 1001 65
1587217875320 1001 66
1587217879866 1001 67
1587217883869 1001 68
1587217888571 1001 69
1587217893025 1001 70
1587217897316 1001 71
1587217901769 1001 72
1587217906156 1001 73
1587217910491 1001 74
1587217914772 1001 75
1587217919328 1001 76
1587217923961 1001 77
1587217928056 1001 78
1587217931623 1001 79
1587217935007 1001 80
1587217939414 1001 81
1587217943200 1001 82
1587217946832 1001 83
1587217952185 1001 84
1587217956089 1001 85
1587217960026 1001 86
1587217963896 1001 87
1587217968497 1001 88
1587217972637 1001 89
1587217976026 1001 90
1587217979474 1001 91
1587217982830 1001 92
1587217986231 1001 93
1587217989535 1001 94
1587217992887 1001 95
1587217996324 1001 96
1587217999761 1001 97
1587218003201 1001 98
1587218006641 1001 99
1587218010877 1001 100
1587218014354 1001 101
1587218017809 1001 102
1587218021045 1001 103
1587218024415 1001 104
1587218027832 1001 105
1587218031037 1001 106
1587218034340 1001 107
1587218037659 1001 108
1587218040869 1001 109
1587218044206 1001 110
1587218047535 1001 111
1587218050793 1001 112
1587218054347 1001 113
1587218057968 1001 114
1587218061297 1001 115
1587218064592 1001 116
1587218067888 1001 117
1587218071244 1001 118
1587218074578 1001 119
1587218077863 1001 120
1587218081085 1001 121
1587218084389 1001 122
1587218087756 1001 123
1587218091094 1001 124
1587218094415 1001 125
1587218097755 1001 126
1587218101186 1001 127
1587218104515 1001 128
1587218107725 1001 129
1587218111014 1001 130
1587218114219 1001 131
1587218117584 1001 132
1587218120921 1001 133
1587218124241 1001 134
1587218127610 1001 135
1587218130914 1001 136
1587218134284 1001 137
1587218137608 1001 138
1587218140867 1001 139
1587218144152 1001 140
1587218147880 1001 141
1587218151216 1001 142
1587218154435 1001 143
1587218157841 1001 144
1587218161111 1001 145
1587218164490 1001 146
1587218167700 1001 147
1587218170954 1001 148
1587218174154 1001 149
1587218177401 1001 150
1587218180742 1001 151
1587218184080 1001 152
1587218187366 1001 153
1587218190720 1001 154
1587218194040 1001 155
1587218197325 1001 156
1587218200665 1001 157
1587218203946 1001 158
1587218207352 1001 159
1587218210757 1001 160
1587218214053 1001 161
1587218217407 1001 162
1587218220728 1001 163
1587218224017 1001 164
1587218227322 1001 165
1587218230595 1001 166
1587218233828 1001 167
1587218237163 1001 168
1587218240500 1001 169
1587218243769 1001 170
1587218247079 1001 171
1587218250543 1001 172
1587218253819 1001 173
1587218257129 1001 174
1587218260368 1001 175
1587218263675 1001 176
1587218267043 1001 177
1587218270424 1001 178
1587218273631 1001 179
1587218277034 1001 180
1587218280250 1001 181
1587218283644 1001 182
1587218286914 1001 183
1587218290262 1001 184
1587218293565 1001 185
1587218296802 1001 186
1587218300205 1001 187
1587218303576 1001 188
1587218306939 1001 189
1587218310368 1001 190
1587218313819 1001 191
1587218317195 1001 192
1587218320441 1001 193
1587218323746 1001 194
1587218327015 1001 195
1587218330483 1001 196
1587218333812 1001 197
1587218337091 1001 198
1587218340569 1001 199
1587218343894 1001 200
1587218347297 1001 201
1587218350636 1001 202
1587218353974 1001 203
1587218357293 1001 204
1587218360512 1001 205
1587218363813 1001 206
1587218367033 1001 207
1587218370404 1001 208
1587218373791 1001 209
1587218377111 1001 210
1587218380395 1001 211
1587218383718 1001 212
1587218386971 1001 213
1587218390384 1001 214
1587218393742 1001 215
1587218397014 1001 216
1587218400349 1001 217
1587218403802 1001 218
1587218407138 1001 219
1587218411490 1001 220
1587218415408 1001 221
1587218419030 1001 222
1587218422399 1001 223
1587218425857 1001 224
1587218430113 1001 225
1587218440734 1001 226
1587218447213 1001 227
1587218452482 1001 228
1587218457239 1001 229
1587218462238 1001 230
1587218466936 1001 231
1587218471767 1001 232
1587218476401 1001 233
1587218481036 1001 234
1587218485789 1001 235
1587218490395 1001 236
1587218495183 1001 237
1587218499955 1001 238
1587218504647 1001 239
1587218509592 1001 240
1587218514413 1001 241
1587218519218 1001 242
1587218523847 1001 243
1587218527290 1001 244
1587218530671 1001 245
1587218534081 1001 246
1587218537425 1001 247
1587218540798 1001 248
1587218544137 1001 249
1587218547531 1001 250
1587218550919 1001 251
1587218554325 1001 252
1587218557727 1001 253
1587218561069 1001 254
1587218564401 1001 255
1587218567727 1001 256
1587218571307 1001 257
1587218574663 1001 258
1587218578114 1001 259
1587218581973 1001 260
1587218585365 1001 261
1587218588753 1001 262
1587218592032 1001 263
1587218595496 1001 264
1587218598735 1001 265
1587218601949 1001 266
1587218605270 1001 267
1587218608540 1001 268
1587218611859 1001 269
1587218615213 1001 270
1587218618535 1001 271
1587218621839 1001 272
1587218624988 1001 273
1587218628316 1001 274
1587218631712 1001 275
1587218635033 1001 276
1587218638304 1001 277
1587218641717 1001 278
1587218644906 1001 279
1587218648264 1001 280
1587218651597 1001 281
1587218654998 1001 282
1587218658515 1001 283
1587218661858 1001 284
1587218665110 1001 285
1587218668381 1001 286
1587218671750 1001 287
1587218675088 1001 288
1587218678507 1001 289
1587218681811 1001 290
1587218685130 1001 291
1587218688388 1001 292
1587218691804 1001 293
1587218695124 1001 294
1587218698425 1001 295
1587218701912 1001 296
1587218705229 1001 297
1587218708456 1001 298
1587218711856 1001 299
1587218715186 1001 300
1587218718608 1001 301
1587218721995 1001 302
1587218727155 1001 303
1587218731486 1001 304
1587218735938 1001 305
1587218741422 1001 306
1587218746385 1001 307
1587218750681 1001 308
