1587217589774 0.0 1
1587217595714 0.0 2
1587217601501 0.0 3
1587217606235 0.0 4
1587217610323 0.0 5
1587217614426 0.0 6
1587217618313 0.0 7
1587217621747 0.0 8
1587217625017 0.1099999975413084 9
1587217629441 0.0 10
1587217635148 0.0 11
1587217640182 0.07999999821186066 12
1587217644958 0.0 13
1587217649569 0.13999999687075615 14
1587217654294 0.0 15
1587217658881 0.0 16
1587217663026 0.0 17
1587217667730 0.0 18
1587217672300 0.0 19
1587217676636 0.0 20
1587217681046 0.0 21
1587217685882 0.0 22
1587217690184 0.0 23
1587217694734 0.0 24
1587217699075 0.0 25
1587217703059 0.04999999888241291 26
1587217707670 0.0 27
1587217711956 0.0 28
1587217716287 0.0 29
1587217720039 0.0 30
1587217724248 0.0 31
1587217728378 0.0 32
1587217732531 0.0 33
1587217736867 0.0 34
1587217741102 0.0 35
1587217745754 0.07999999821186066 36
1587217749590 0.0 37
1587217753395 0.0 38
1587217758502 0.11999999731779099 39
1587217762833 0.13999999687075615 40
1587217767641 0.07999999821186066 41
1587217771742 0.0 42
1587217775768 0.1099999975413084 43
1587217779910 0.1699999962002039 44
1587217784208 0.0 45
1587217788394 0.0 46
1587217792665 0.0 47
1587217796951 0.1099999975413084 48
1587217801238 0.0 49
1587217805185 0.0 50
1587217809248 0.0 51
1587217813620 0.1699999962002039 52
1587217817622 0.0 53
1587217821515 0.0 54
1587217825886 0.0 55
1587217830283 0.0 56
1587217834454 0.0 57
1587217838543 0.03999999910593033 58
1587217843609 0.0 59
1587217849125 0.0 60
1587217854031 0.0 61
1587217858113 0.07999999821186066 62
1587217862372 0.0 63
1587217866493 0.0 64
1587217870594 0.0 65
1587217875320 0.0 66
1587217879866 0.13999999687075615 67
1587217883869 0.05999999865889549 68
1587217888571 0.09999999776482582 69
1587217893025 0.0 70
1587217897316 0.12999999709427357 71
1587217901769 0.2799999937415123 72
1587217906156 0.11999999731779099 73
1587217910491 0.0 74
1587217914772 0.0 75
1587217919328 0.0 76
1587217923961 0.0 77
1587217928056 0.0 78
1587217931623 0.0 79
1587217935007 0.0 80
1587217939414 0.0 81
1587217943200 0.0 82
1587217946832 0.0 83
1587217952185 0.0 84
1587217956089 0.0 85
1587217960026 0.0 86
1587217963896 0.0 87
1587217968497 0.07999999821186066 88
1587217972637 0.0 89
1587217976026 0.0 90
1587217979474 0.0 91
1587217982830 0.0 92
1587217986231 0.04999999888241291 93
1587217989535 0.0 94
1587217992887 0.0 95
1587217996324 0.0 96
1587217999761 0.1099999975413084 97
1587218003201 0.0 98
1587218006641 0.11999999731779099 99
1587218010877 0.0 100
1587218014354 0.0 101
1587218017809 0.0 102
1587218021045 0.0 103
1587218024415 0.0 104
1587218027832 0.0 105
1587218031037 0.0 106
1587218034340 0.0 107
1587218037659 0.0 108
1587218040869 0.0 109
1587218044206 0.0 110
1587218047535 0.0 111
1587218050793 0.0 112
1587218054347 0.0 113
1587218057968 0.0 114
1587218061297 0.0 115
1587218064592 0.09999999776482582 116
1587218067888 0.0 117
1587218071244 0.0 118
1587218074578 0.0 119
1587218077863 0.0 120
1587218081085 0.0 121
1587218084389 0.0 122
1587218087756 0.0 123
1587218091094 0.0 124
1587218094415 0.0 125
1587218097755 0.0 126
1587218101186 0.0 127
1587218104515 0.0 128
1587218107725 0.0 129
1587218111014 0.0 130
1587218114219 0.12999999709427357 131
1587218117584 0.0 132
1587218120921 0.0 133
1587218124241 0.0 134
1587218127610 0.0 135
1587218130914 0.0 136
1587218134284 0.0 137
1587218137608 0.05999999865889549 138
1587218140867 0.0 139
1587218144152 0.0 140
1587218147880 0.0 141
1587218151216 0.0 142
1587218154435 0.0 143
1587218157841 0.0 144
1587218161111 0.0 145
1587218164490 0.0 146
1587218167700 0.0 147
1587218170954 0.0 148
1587218174154 0.0 149
1587218177401 0.0 150
1587218180742 0.0 151
1587218184080 0.0 152
1587218187366 0.0 153
1587218190720 0.0 154
1587218194040 0.0 155
1587218197325 0.0 156
1587218200665 0.0 157
1587218203946 0.0 158
1587218207352 0.0 159
1587218210757 0.0 160
1587218214053 0.0 161
1587218217407 0.0 162
1587218220728 0.1099999975413084 163
1587218224017 0.0 164
1587218227322 0.0 165
1587218230595 0.0 166
1587218233828 0.0 167
1587218237163 0.0 168
1587218240500 0.0 169
1587218243769 0.0 170
1587218247079 0.0 171
1587218250543 0.08999999798834324 172
1587218253819 0.0 173
1587218257129 0.0 174
1587218260368 0.0 175
1587218263675 0.0 176
1587218267043 0.05999999865889549 177
1587218270424 0.0 178
1587218273631 0.0 179
1587218277034 0.0 180
1587218280250 0.0 181
1587218283644 0.11999999731779099 182
1587218286914 0.0 183
1587218290262 0.0 184
1587218293565 0.09999999776482582 185
1587218296802 0.0 186
1587218300205 0.1099999975413084 187
1587218303576 0.0 188
1587218306939 0.0 189
1587218310368 0.0 190
1587218313819 0.0 191
1587218317195 0.0 192
1587218320441 0.0 193
1587218323746 0.0 194
1587218327015 0.0 195
1587218330483 0.0 196
1587218333812 0.0 197
1587218337091 0.0 198
1587218340569 0.0 199
1587218343894 0.0 200
1587218347297 0.0 201
1587218350636 0.0 202
1587218353974 0.0 203
1587218357293 0.0 204
1587218360512 0.0 205
1587218363813 0.0 206
1587218367033 0.0 207
1587218370404 0.0 208
1587218373791 0.05999999865889549 209
1587218377111 0.08999999798834324 210
1587218380395 0.0 211
1587218383718 0.0 212
1587218386971 0.0 213
1587218390384 0.0 214
1587218393742 0.0 215
1587218397014 0.0 216
1587218400349 0.0 217
1587218403802 0.0 218
1587218407138 0.0 219
1587218411490 0.0 220
1587218415408 0.0 221
1587218419030 0.0 222
1587218422399 0.11999999731779099 223
1587218425857 0.0 224
1587218430113 0.0 225
1587218440734 0.0 226
1587218447213 0.0 227
1587218452482 0.0 228
1587218457239 0.0 229
1587218462238 0.0 230
1587218466936 0.0 231
1587218471767 0.0 232
1587218476401 0.0 233
1587218481036 0.0 234
1587218485789 0.0 235
1587218490395 0.0 236
1587218495183 0.0 237
1587218499955 0.0 238
1587218504647 0.0 239
1587218509592 0.0 240
1587218514413 0.0 241
1587218519218 0.0 242
1587218523847 0.0 243
1587218527290 0.0 244
1587218530671 0.0 245
1587218534081 0.0 246
1587218537425 0.0 247
1587218540798 0.0 248
1587218544137 0.0 249
1587218547531 0.0 250
1587218550919 0.0 251
1587218554325 0.0 252
1587218557727 0.05999999865889549 253
1587218561069 0.1099999975413084 254
1587218564401 0.1099999975413084 255
1587218567727 0.0 256
1587218571307 0.0 257
1587218574663 0.0 258
1587218578114 0.0 259
1587218581973 0.0 260
1587218585365 0.0 261
1587218588753 0.0 262
1587218592032 0.0 263
1587218595496 0.0 264
1587218598735 0.0 265
1587218601949 0.0 266
1587218605270 0.0 267
1587218608540 0.0 268
1587218611859 0.0 269
1587218615213 0.0 270
1587218618535 0.0 271
1587218621839 0.0 272
1587218624988 0.0 273
1587218628316 0.0 274
1587218631712 0.0 275
1587218635033 0.0 276
1587218638304 0.0 277
1587218641717 0.0 278
1587218644906 0.0 279
1587218648264 0.04999999888241291 280
1587218651597 0.0 281
1587218654998 0.0 282
1587218658515 0.0 283
1587218661858 0.1099999975413084 284
1587218665110 0.0 285
1587218668381 0.0 286
1587218671750 0.0 287
1587218675088 0.0 288
1587218678507 0.0 289
1587218681811 0.0 290
1587218685130 0.0 291
1587218688388 0.0 292
1587218691804 0.0 293
1587218695124 0.08999999798834324 294
1587218698425 0.0 295
1587218701912 0.0 296
1587218705229 0.0 297
1587218708456 0.0 298
1587218711856 0.0 299
1587218715186 0.0 300
1587218718608 0.08999999798834324 301
1587218721995 0.0 302
1587218727155 0.0 303
1587218731486 0.0 304
1587218735938 0.0 305
1587218741422 0.0 306
1587218746385 0.0 307
1587218750681 0.0 308
