1589628004960 1001 1
1589628010124 1001 2
1589628015364 1001 3
1589628020578 1001 4
1589628025839 1001 5
1589628031529 1001 6
1589628036730 1001 7
1589628041974 1001 8
1589628047193 1001 9
1589628052486 1001 10
1589628057709 1001 11
1589628063010 1001 12
1589628068224 1001 13
1589628073480 1001 14
1589628078710 1001 15
1589628083947 1001 16
1589628089246 1001 17
1589628094485 1001 18
1589628099716 1001 19
1589628104954 1001 20
1589628110177 1001 21
1589628115380 1001 22
1589628120598 1001 23
1589628125912 1001 24
1589628131168 1001 25
1589628136470 1001 26
1589628141674 1001 27
1589628146881 1001 28
1589628152092 1001 29
1589628157337 1001 30
1589628162604 1001 31
1589628167855 1001 32
1589628173142 1001 33
1589628178409 1001 34
1589628183724 1001 35
1589628188975 1001 36
1589628194237 1001 37
1589628199542 1001 38
1589628204840 1001 39
1589628210678 1001 40
