1589628004960 0.17999999597668648 1
1589628010124 0.3999999910593033 2
1589628015364 0.20999999530613422 3
1589628020578 0.3199999928474426 4
1589628025839 0.6999999843537807 5
1589628031529 0.9999999776482582 6
1589628036730 0.1099999975413084 7
1589628041974 0.13999999687075615 8
1589628047193 0.2699999939650297 9
1589628052486 0.0 10
1589628057709 0.1599999964237213 11
1589628063010 0.41999999061226845 12
1589628068224 0.17999999597668648 13
1589628073480 0.8499999810010195 14
1589628078710 0.2799999937415123 15
1589628083947 0.08999999798834324 16
1589628089246 0.6199999861419201 17
1589628094485 0.25999999418854713 18
1589628099716 0.5399999879300594 19
1589628104954 0.5899999868124723 20
1589628110177 0.5599999874830246 21
1589628115380 1.769999960437417 22
1589628120598 1.1999999731779099 23
1589628125912 0.2699999939650297 24
1589628131168 0.7699999827891588 25
1589628136470 1.2799999713897705 26
1589628141674 1.1399999745190144 27
1589628146881 0.6399999856948853 28
1589628152092 1.2799999713897705 29
1589628157337 0.5399999879300594 30
1589628162604 0.8199999816715717 31
1589628167855 1.0499999765306711 32
1589628173142 0.979999978095293 33
1589628178409 1.6099999640136957 34
1589628183724 1.4199999682605267 35
1589628188975 1.4299999680370092 36
1589628194237 0.7699999827891588 37
1589628199542 0.7799999825656414 38
1589628204840 0.979999978095293 39
1589628210678 0.9899999778717756 40
