1587806496570 1 1
1587806519842 0.995 2
1587806539203 0.990025 3
1587806560982 0.985074875 4
1587806581403 0.9801495006250001 5
1587806598227 0.9752487531218751 6
1587806620758 0.9703725093562657 7
1587806641306 0.9655206468094844 8
1587806659799 0.960693043575437 9
1587806685484 0.9558895783575597 10
1587806703326 0.9511101304657719 11
1587806722085 0.946354579813443 12
1587806747246 0.9416228069143757 13
1587806763952 0.9369146928798039 14
1587806782851 0.9322301194154049 15
1587806808229 0.9275689688183278 16
1587806825907 0.9229311239742362 17
1587806845755 0.918316468354365 18
1587806868782 0.9137248860125932 19
1587806894639 0.9091562615825302 20
1587806912206 0.9046104802746175 21
1587806933303 0.9000874278732445 22
