1586889634046 1 1
1586889638252 1 2
1586889643454 1 3
1586889647275 1 4
1586889652874 1 5
1586889656962 1 6
1586889661061 1 7
1586889665553 1 8
1586889671236 1 9
1586889676695 1 10
1586889681934 1 11
1586889687626 1 12
1586889692484 1 13
1586889697506 1 14
1586889701748 1 15
1586889706212 1 16
1586889710287 1 17
1586889715108 1 18
1586889719246 1 19
1586889723695 1 20
1586889727717 1 21
1586889731621 1 22
1586889735492 1 23
1586889739277 1 24
1586889743801 1 25
1586889747651 1 26
1586889751305 1 27
1586889755456 1 28
1586889759649 1 29
1586889764500 1 30
1586889769088 1 31
1586889773127 1 32
1586889776779 1 33
1586889781274 1 34
1586889785443 1 35
1586889789647 1 36
1586889793635 1 37
1586889797873 1 38
1586889802730 1 39
1586889807483 1 40
1586889811633 1 41
1586889815304 1 42
1586889819039 1 43
1586889823597 1 44
1586889827651 1 45
1586889831657 1 46
1586889835860 1 47
1586889839623 1 48
1586889843523 1 49
1586889847862 1 50
1586889851759 1 51
1586889856086 1 52
1586889860683 1 53
1586889864408 1 54
1586889868722 1 55
1586889872866 1 56
1586889876834 1 57
1586889881472 1 58
1586889885320 1 59
1586889889078 1 60
1586889892846 1 61
1586889897091 1 62
1586889901202 1 63
1586889905276 1 64
1586889909634 1 65
1586889913393 1 66
1586889917128 1 67
1586889920763 1 68
1586889924366 1 69
1586889927969 1 70
1586889931625 1 71
1586889935211 1 72
1586889938712 1 73
1586889942315 1 74
1586889945871 1 75
1586889949918 1 76
1586889954463 1 77
1586889958628 1 78
1586889962650 1 79
1586889966646 1 80
1586889970837 1 81
1586889975053 1 82
1586889978749 1 83
1586889982418 1 84
1586889986266 1 85
1586889990388 1 86
1586889994493 1 87
1586889999396 1 88
1586890003596 1 89
1586890007586 1 90
1586890011572 1 91
1586890016435 1 92
1586890020559 1 93
1586890024832 1 94
1586890028838 1 95
1586890032981 1 96
1586890037399 1 97
1586890041750 1 98
1586890046139 1 99
1586890050495 1 100
1586890057582 1 101
1586890061621 1 102
1586890065775 1 103
1586890069510 1 104
1586890073119 1 105
1586890076382 1 106
1586890079619 1 107
1586890082738 1 108
1586890085911 1 109
1586890089216 1 110
1586890092347 1 111
1586890095600 1 112
1586890098869 1 113
1586890102016 1 114
1586890105156 1 115
1586890108565 1 116
1586890111667 1 117
1586890114919 1 118
1586890118074 1 119
1586890121208 1 120
1586890124548 1 121
1586890127793 1 122
1586890131055 1 123
1586890134271 1 124
1586890137441 1 125
1586890140508 1 126
1586890143740 1 127
1586890147000 1 128
1586890150091 1 129
1586890153308 1 130
1586890156441 1 131
1586890159579 1 132
1586890162792 1 133
1586890166001 1 134
1586890169321 1 135
1586890172509 1 136
1586890175660 1 137
1586890178748 1 138
1586890181901 1 139
1586890185055 1 140
1586890188264 1 141
1586890192692 1 142
1586890197656 1 143
1586890203267 1 144
1586890208506 1 145
1586890213059 1 146
1586890217575 1 147
1586890222158 1 148
1586890226634 1 149
1586890231284 1 150
1586890235837 1 151
1586890239965 1 152
1586890244129 1 153
1586890247932 1 154
1586890251686 1 155
1586890255526 1 156
1586890259265 1 157
1586890263164 1 158
1586890267435 1 159
1586890271538 1 160
1586890275274 1 161
1586890278914 1 162
1586890282737 1 163
1586890286522 1 164
1586890290260 1 165
1586890294295 1 166
1586890298038 1 167
1586890301942 1 168
1586890306283 1 169
1586890310483 1 170
1586890314860 1 171
1586890319324 1 172
1586890323625 1 173
1586890327739 1 174
1586890332247 1 175
1586890336176 1 176
1586890340530 1 177
1586890344746 1 178
1586890348616 1 179
1586890352566 1 180
1586890357284 1 181
1586890361372 1 182
1586890365296 1 183
1586890369257 1 184
1586890373627 1 185
1586890378315 1 186
1586890382120 1 187
1586890385755 1 188
1586890389509 1 189
1586890393228 1 190
1586890397698 1 191
1586890401635 1 192
1586890405472 1 193
1586890409753 1 194
1586890413883 1 195
1586890418368 1 196
1586890422923 1 197
1586890427925 1 198
1586890434695 1 199
1586890439384 1 200
1586890445260 1 201
1586890449970 1 202
1586890454605 1 203
1586890459556 1 204
1586890463862 1 205
1586890468091 1 206
1586890472278 1 207
1586890476453 1 208
1586890480855 1 209
1586890485215 1 210
1586890489221 1 211
1586890493756 1 212
1586890498020 1 213
1586890502258 1 214
1586890506577 1 215
1586890510875 1 216
1586890515152 1 217
1586890519949 1 218
1586890524303 1 219
1586890528073 1 220
1586890531759 1 221
1586890535428 1 222
1586890539059 1 223
1586890542766 1 224
1586890546404 1 225
1586890550023 1 226
1586890553681 1 227
1586890557433 1 228
1586890561495 1 229
1586890565229 1 230
1586890568879 1 231
1586890572499 1 232
1586890576254 1 233
1586890580098 1 234
1586890583950 1 235
1586890587721 1 236
1586890591624 1 237
1586890595613 1 238
1586890600785 1 239
1586890605670 1 240
1586890610145 1 241
1586890614280 1 242
1586890618933 1 243
1586890623301 1 244
1586890627087 1 245
1586890630843 1 246
1586890635131 1 247
1586890639231 1 248
1586890643790 1 249
1586890647757 1 250
1586890652033 1 251
1586890657104 1 252
1586890661158 1 253
1586890664815 1 254
1586890668716 1 255
1586890672996 1 256
1586890677038 1 257
1586890680843 1 258
1586890684743 1 259
1586890689055 1 260
1586890692972 1 261
1586890697205 1 262
1586890701228 1 263
1586890705346 1 264
1586890711604 1 265
1586890716323 1 266
1586890720684 1 267
1586890725005 1 268
1586890729673 1 269
1586890734345 1 270
1586890739551 1 271
1586890744649 1 272
1586890749452 1 273
1586890752853 1 274
1586890756202 1 275
1586890759895 1 276
1586890763989 1 277
1586890768294 1 278
1586890772228 1 279
1586890775891 1 280
1586890779347 1 281
1586890784845 1 282
1586890790648 1 283
1586890795988 1 284
1586890800256 1 285
1586890804662 1 286
1586890809550 1 287
1586890813635 1 288
1586890817336 1 289
1586890820941 1 290
1586890824462 1 291
1586890828161 1 292
1586890832397 1 293
1586890838691 1 294
1586890842521 1 295
1586890846243 1 296
1586890850377 1 297
1586890853865 1 298
1586890859970 1 299
1586890866837 1 300
1586890873046 1 301
1586890877882 1 302
1586890881951 1 303
1586890885751 1 304
1586890889287 1 305
1586890892609 1 306
1586890896543 1 307
1586890902150 1 308
1586890906630 1 309
1586890911893 1 310
1586890917477 1 311
1586890920981 1 312
1586890925023 1 313
1586890928518 1 314
1586890931917 1 315
1586890935389 1 316
1586890938641 1 317
1586890942128 1 318
1586890945396 1 319
1586890949533 1 320
1586890957371 1 321
1586890961174 1 322
1586890966273 1 323
1586890970010 1 324
1586890973621 1 325
1586890977287 1 326
1586890980841 1 327
1586890984493 1 328
1586890988049 1 329
1586890991598 1 330
1586890995335 1 331
1586890998894 1 332
1586891002360 1 333
1586891005843 1 334
1586891009297 1 335
1586891012767 1 336
1586891016356 1 337
1586891019742 1 338
1586891023293 1 339
1586891026801 1 340
1586891030267 1 341
1586891033652 1 342
1586891037193 1 343
1586891040611 1 344
1586891044129 1 345
1586891047564 1 346
1586891051009 1 347
1586891054622 1 348
1586891058141 1 349
1586891061679 1 350
1586891065178 1 351
1586891068684 1 352
1586891072123 1 353
1586891075639 1 354
1586891079109 1 355
1586891082630 1 356
1586891086116 1 357
1586891089522 1 358
1586891092961 1 359
1586891096566 1 360
1586891100011 1 361
1586891103468 1 362
1586891106935 1 363
1586891110518 1 364
1586891114044 1 365
1586891117508 1 366
1586891120930 1 367
1586891124233 1 368
1586891127653 1 369
1586891131172 1 370
1586891134559 1 371
1586891137961 1 372
1586891141365 1 373
1586891144884 1 374
1586891148306 1 375
1586891151809 1 376
1586891155228 1 377
1586891158729 1 378
1586891162204 1 379
1586891165464 1 380
1586891168889 1 381
1586891172342 1 382
1586891175786 1 383
1586891179165 1 384
1586891182569 1 385
1586891186072 1 386
1586891189543 1 387
1586891192946 1 388
1586891196487 1 389
1586891199951 1 390
1586891203406 1 391
1586891206856 1 392
1586891210277 1 393
1586891213749 1 394
1586891217355 1 395
1586891220789 1 396
1586891224223 1 397
1586891227758 1 398
1586891231100 1 399
1586891234717 1 400
1586891238367 1 401
1586891241688 1 402
1586891245109 1 403
1586891248528 1 404
1586891251947 1 405
1586891255333 1 406
1586891258742 1 407
1586891262174 1 408
1586891265545 1 409
1586891268898 1 410
1586891272234 1 411
1586891275620 1 412
1586891279197 1 413
1586891282582 1 414
1586891285960 1 415
1586891289402 1 416
1586891292819 1 417
1586891296661 1 418
1586891300458 1 419
1586891304294 1 420
1586891307786 1 421
1586891311184 1 422
1586891314603 1 423
1586891318056 1 424
1586891321450 1 425
1586891324831 1 426
1586891328240 1 427
1586891331722 1 428
1586891335140 1 429
1586891338559 1 430
1586891342049 1 431
1586891345530 1 432
1586891348924 1 433
1586891352420 1 434
1586891355858 1 435
1586891359429 1 436
1586891362897 1 437
1586891366235 1 438
1586891369788 1 439
1586891373296 1 440
1586891376728 1 441
1586891380275 1 442
1586891383599 1 443
1586891387054 1 444
1586891390754 1 445
1586891394637 1 446
1586891398541 1 447
1586891402065 1 448
1586891405639 1 449
1586891409515 1 450
1586891413053 1 451
1586891416526 1 452
1586891420012 1 453
1586891423472 1 454
1586891426950 1 455
1586891430407 1 456
1586891433706 1 457
1586891437176 1 458
1586891440570 1 459
1586891444014 1 460
1586891447407 1 461
1586891450891 1 462
1586891454345 1 463
1586891457853 1 464
1586891461338 1 465
1586891464792 1 466
1586891468273 1 467
1586891471809 1 468
1586891475197 1 469
1586891478649 1 470
1586891482140 1 471
1586891485659 1 472
1586891488993 1 473
1586891492467 1 474
1586891495847 1 475
1586891499258 1 476
1586891502639 1 477
1586891505974 1 478
1586891509435 1 479
1586891513009 1 480
1586891516593 1 481
1586891520322 1 482
1586891523732 1 483
1586891527260 1 484
1586891530578 1 485
1586891533884 1 486
1586891537236 1 487
1586891540603 1 488
1586891543926 1 489
1586891547264 1 490
1586891550683 1 491
1586891554070 1 492
1586891557323 1 493
1586891560944 1 494
1586891564367 1 495
1586891567899 1 496
1586891571284 1 497
1586891574571 1 498
1586891577955 1 499
1586891581294 1 500
1586891584746 1 501
1586891587948 1 502
1586891591235 1 503
1586891594640 1 504
1586891598041 1 505
1586891601367 1 506
1586891605014 1 507
1586891608518 1 508
1586891611856 1 509
1586891615198 1 510
1586891618509 1 511
1586891621883 1 512
1586891625230 1 513
1586891628601 1 514
1586891632012 1 515
1586891635227 1 516
1586891638546 1 517
1586891641900 1 518
1586891645134 1 519
1586891648456 1 520
1586891651943 1 521
1586891655212 1 522
1586891658445 1 523
1586891661634 1 524
1586891664837 1 525
1586891668059 1 526
1586891671360 1 527
1586891674617 1 528
1586891677784 1 529
1586891681005 1 530
1586891684202 1 531
1586891687390 1 532
1586891690604 1 533
1586891693864 1 534
1586891697133 1 535
1586891700339 1 536
1586891703477 1 537
1586891706595 1 538
1586891709799 1 539
1586891713022 1 540
1586891716254 1 541
1586891719624 1 542
1586891722663 1 543
1586891725850 1 544
1586891729021 1 545
1586891732283 1 546
1586891735502 1 547
1586891738792 1 548
1586891741976 1 549
1586891745194 1 550
1586891748351 1 551
1586891751639 1 552
1586891754891 1 553
1586891758041 1 554
1586891761316 1 555
1586891764467 1 556
1586891767719 1 557
1586891770972 1 558
1586891774139 1 559
1586891777398 1 560
1586891780578 1 561
1586891783723 1 562
1586891786854 1 563
1586891790080 1 564
1586891793160 1 565
1586891796426 1 566
1586891799818 1 567
1586891803054 1 568
1586891806323 1 569
1586891809578 1 570
1586891812679 1 571
1586891815950 1 572
1586891819211 1 573
1586891822473 1 574
1586891825678 1 575
1586891829035 1 576
1586891832113 1 577
1586891835217 1 578
1586891838319 1 579
1586891841559 1 580
1586891844696 1 581
1586891847795 1 582
1586891851148 1 583
1586891854269 1 584
1586891858388 1 585
1586891861896 1 586
1586891865079 1 587
1586891868283 1 588
1586891871603 1 589
1586891874825 1 590
1586891878114 1 591
1586891881214 1 592
1586891884455 1 593
1586891887701 1 594
1586891890970 1 595
1586891894141 1 596
1586891897257 1 597
1586891900645 1 598
1586891903918 1 599
1586891907122 1 600
1586891910723 1 601
1586891913960 1 602
1586891917193 1 603
1586891920202 1 604
1586891923318 1 605
1586891926657 1 606
1586891930141 1 607
1586891933680 1 608
1586891937168 1 609
1586891940327 1 610
1586891943792 1 611
1586891947276 1 612
1586891950427 1 613
1586891953579 1 614
1586891956853 1 615
1586891960110 1 616
1586891963305 1 617
1586891966424 1 618
1586891969628 1 619
1586891972965 1 620
1586891976153 1 621
1586891979259 1 622
1586891982472 1 623
1586891985594 1 624
1586891988945 1 625
1586891992197 1 626
1586891995475 1 627
1586891998736 1 628
1586892001977 1 629
1586892005035 1 630
1586892008145 1 631
1586892011297 1 632
1586892014492 1 633
1586892017690 1 634
1586892020961 1 635
1586892024151 1 636
1586892027350 1 637
1586892030520 1 638
1586892033646 1 639
1586892036878 1 640
1586892040098 1 641
1586892043365 1 642
1586892046670 1 643
1586892049959 1 644
1586892053073 1 645
1586892056264 1 646
1586892059563 1 647
1586892062783 1 648
1586892065972 1 649
1586892069259 1 650
1586892072510 1 651
1586892075729 1 652
1586892078952 1 653
1586892082052 1 654
1586892085205 1 655
1586892088259 1 656
1586892091493 1 657
1586892094683 1 658
1586892097834 1 659
1586892101074 1 660
1586892104272 1 661
1586892107612 1 662
1586892110850 1 663
1586892113918 1 664
1586892117157 1 665
1586892120562 1 666
1586892123826 1 667
1586892126898 1 668
1586892130234 1 669
1586892133334 1 670
1586892136555 1 671
1586892139811 1 672
1586892142886 1 673
1586892146219 1 674
1586892149586 1 675
1586892152723 1 676
1586892155890 1 677
1586892159150 1 678
1586892162432 1 679
1586892165497 1 680
1586892168737 1 681
1586892171823 1 682
1586892175057 1 683
1586892178311 1 684
1586892181565 1 685
1586892184720 1 686
1586892187823 1 687
1586892190968 1 688
1586892194212 1 689
1586892197453 1 690
1586892200616 1 691
1586892203790 1 692
1586892206872 1 693
1586892210129 1 694
1586892213248 1 695
1586892216419 1 696
1586892219621 1 697
1586892222765 1 698
1586892226067 1 699
1586892229199 1 700
1586892232632 1 701
1586892235902 1 702
1586892239122 1 703
1586892242325 1 704
1586892245512 1 705
1586892248749 1 706
1586892251982 1 707
1586892254961 1 708
1586892258230 1 709
1586892261378 1 710
1586892264615 1 711
1586892267916 1 712
1586892271150 1 713
1586892274293 1 714
1586892277425 1 715
1586892280630 1 716
1586892283865 1 717
1586892287117 1 718
1586892290321 1 719
1586892293558 1 720
1586892296735 1 721
1586892300038 1 722
1586892303316 1 723
1586892306550 1 724
1586892309777 1 725
1586892313070 1 726
1586892316221 1 727
1586892319449 1 728
1586892322636 1 729
1586892326012 1 730
1586892329476 1 731
1586892332646 1 732
1586892335964 1 733
1586892339234 1 734
1586892342504 1 735
1586892345674 1 736
1586892349047 1 737
1586892352019 1 738
1586892355283 1 739
1586892358471 1 740
1586892361606 1 741
1586892364828 1 742
1586892368051 1 743
1586892371384 1 744
1586892374481 1 745
1586892377618 1 746
1586892380837 1 747
1586892384013 1 748
1586892387207 1 749
1586892390470 1 750
1586892393703 1 751
1586892397011 1 752
1586892400429 1 753
1586892403586 1 754
1586892406767 1 755
1586892410071 1 756
1586892413205 1 757
1586892416507 1 758
1586892419945 1 759
1586892423041 1 760
1586892426165 1 761
1586892429452 1 762
1586892432577 1 763
1586892435727 1 764
1586892439033 1 765
1586892442197 1 766
1586892445503 1 767
1586892448556 1 768
1586892451841 1 769
1586892455110 1 770
1586892458320 1 771
1586892461667 1 772
1586892464840 1 773
1586892468173 1 774
1586892471393 1 775
1586892474498 1 776
1586892477669 1 777
1586892480818 1 778
1586892484050 1 779
1586892487314 1 780
1586892490548 1 781
1586892493821 1 782
1586892496963 1 783
1586892500111 1 784
1586892503481 1 785
1586892506669 1 786
1586892509921 1 787
1586892512909 1 788
1586892516161 1 789
1586892519267 1 790
1586892522285 1 791
1586892525493 1 792
1586892528808 1 793
1586892531997 1 794
1586892535099 1 795
1586892538162 1 796
1586892541505 1 797
1586892544704 1 798
1586892547848 1 799
1586892551046 1 800
1586892554648 1 801
1586892557836 1 802
1586892561039 1 803
1586892564207 1 804
1586892567393 1 805
1586892570614 1 806
1586892573855 1 807
1586892577069 1 808
1586892580061 1 809
1586892583312 1 810
1586892586447 1 811
1586892589665 1 812
1586892592802 1 813
1586892596082 1 814
1586892599414 1 815
1586892602676 1 816
1586892605917 1 817
1586892609018 1 818
1586892612239 1 819
1586892615510 1 820
1586892618806 1 821
1586892622033 1 822
1586892625301 1 823
1586892628622 1 824
1586892631823 1 825
1586892634946 1 826
1586892638145 1 827
1586892641333 1 828
1586892644570 1 829
1586892647607 1 830
1586892650841 1 831
1586892654041 1 832
1586892657264 1 833
1586892660570 1 834
1586892663587 1 835
1586892666808 1 836
1586892669978 1 837
1586892673349 1 838
1586892676685 1 839
1586892680006 1 840
1586892683224 1 841
1586892686358 1 842
1586892689661 1 843
1586892692704 1 844
1586892695818 1 845
1586892698970 1 846
1586892702069 1 847
1586892705262 1 848
1586892708538 1 849
1586892711844 1 850
1586892715103 1 851
1586892718359 1 852
1586892721649 1 853
1586892724898 1 854
1586892728167 1 855
1586892731355 1 856
1586892734511 1 857
1586892737759 1 858
1586892740913 1 859
1586892744254 1 860
1586892747459 1 861
1586892750690 1 862
1586892753842 1 863
1586892757051 1 864
1586892760178 1 865
1586892763265 1 866
1586892766321 1 867
1586892769590 1 868
1586892772827 1 869
1586892775964 1 870
1586892779151 1 871
1586892782468 1 872
1586892785571 1 873
1586892788756 1 874
1586892791861 1 875
1586892795071 1 876
1586892798351 1 877
1586892801604 1 878
1586892804728 1 879
1586892807909 1 880
1586892811196 1 881
1586892814283 1 882
1586892817437 1 883
1586892820640 1 884
1586892823910 1 885
1586892827181 1 886
1586892830334 1 887
1586892833740 1 888
1586892837874 1 889
1586892841176 1 890
1586892844298 1 891
1586892847431 1 892
1586892850704 1 893
1586892853857 1 894
1586892857067 1 895
1586892860297 1 896
1586892863529 1 897
1586892866881 1 898
1586892870239 1 899
1586892873342 1 900
1586892876759 1 901
1586892880056 1 902
1586892883116 1 903
1586892886368 1 904
1586892889374 1 905
1586892892658 1 906
1586892895996 1 907
1586892899300 1 908
1586892902614 1 909
1586892905707 1 910
1586892908809 1 911
1586892912024 1 912
1586892915165 1 913
1586892918416 1 914
1586892921574 1 915
1586892924814 1 916
1586892927893 1 917
1586892931096 1 918
1586892934297 1 919
1586892937419 1 920
1586892940721 1 921
1586892943706 1 922
1586892946875 1 923
1586892950083 1 924
1586892953249 1 925
1586892956452 1 926
1586892959737 1 927
1586892962910 1 928
1586892966238 1 929
1586892969440 1 930
1586892972506 1 931
1586892975661 1 932
1586892978865 1 933
1586892982103 1 934
1586892985447 1 935
1586892988619 1 936
1586892991971 1 937
1586892995189 1 938
1586892998576 1 939
1586893001815 1 940
1586893005000 1 941
1586893008183 1 942
1586893011346 1 943
1586893014368 1 944
1586893017495 1 945
1586893020931 1 946
1586893024109 1 947
1586893027302 1 948
1586893030745 1 949
1586893033950 1 950
1586893037214 1 951
1586893040519 1 952
1586893043570 1 953
1586893046838 1 954
1586893050011 1 955
1586893053263 1 956
1586893056394 1 957
1586893059640 1 958
1586893062788 1 959
1586893065925 1 960
1586893069125 1 961
1586893072329 1 962
1586893075464 1 963
1586893078616 1 964
1586893081993 1 965
1586893085143 1 966
1586893088347 1 967
1586893091550 1 968
1586893094771 1 969
1586893098079 1 970
1586893101242 1 971
1586893104311 1 972
1586893107850 1 973
1586893111654 1 974
1586893115260 1 975
1586893118673 1 976
1586893121927 1 977
1586893125168 1 978
1586893128316 1 979
1586893131487 1 980
1586893134692 1 981
1586893137933 1 982
1586893141129 1 983
1586893144248 1 984
1586893147320 1 985
1586893150655 1 986
1586893153741 1 987
1586893156814 1 988
1586893160131 1 989
1586893163353 1 990
1586893166471 1 991
1586893169642 1 992
1586893172843 1 993
1586893176032 1 994
1586893179249 1 995
1586893182407 1 996
1586893185463 1 997
1586893188712 1 998
1586893192107 1 999
1586893195373 1 1000
1586893198802 1 1001
1586893202004 1 1002
1586893205207 1 1003
1586893208414 1 1004
1586893211665 1 1005
1586893214819 1 1006
1586893217904 1 1007
1586893221076 1 1008
1586893224294 1 1009
1586893227415 1 1010
1586893230722 1 1011
1586893234003 1 1012
1586893237202 1 1013
1586893240442 1 1014
1586893243901 1 1015
1586893247389 1 1016
1586893250853 1 1017
1586893253923 1 1018
1586893257174 1 1019
1586893260326 1 1020
1586893263364 1 1021
1586893266451 1 1022
1586893269605 1 1023
1586893272822 1 1024
1586893275859 1 1025
1586893278997 1 1026
1586893282119 1 1027
1586893285437 1 1028
1586893288657 1 1029
1586893291667 1 1030
1586893295055 1 1031
1586893298281 1 1032
1586893301500 1 1033
1586893304538 1 1034
1586893307706 1 1035
1586893310912 1 1036
1586893313982 1 1037
1586893317175 1 1038
1586893320490 1 1039
1586893323596 1 1040
1586893326757 1 1041
1586893330048 1 1042
1586893333216 1 1043
1586893336250 1 1044
1586893339468 1 1045
1586893342643 1 1046
1586893345927 1 1047
1586893349093 1 1048
1586893352232 1 1049
1586893355396 1 1050
1586893358574 1 1051
1586893361961 1 1052
1586893365265 1 1053
1586893368818 1 1054
1586893371968 1 1055
1586893375244 1 1056
1586893378406 1 1057
1586893381697 1 1058
1586893385033 1 1059
1586893388167 1 1060
1586893391337 1 1061
1586893394604 1 1062
1586893397733 1 1063
1586893400895 1 1064
1586893404130 1 1065
1586893407334 1 1066
1586893410507 1 1067
1586893413792 1 1068
1586893417063 1 1069
1586893420247 1 1070
1586893423601 1 1071
1586893426923 1 1072
1586893430042 1 1073
1586893433099 1 1074
1586893436224 1 1075
1586893439436 1 1076
1586893442535 1 1077
1586893445772 1 1078
1586893449041 1 1079
1586893452145 1 1080
1586893455418 1 1081
1586893458589 1 1082
1586893461740 1 1083
1586893464960 1 1084
1586893468112 1 1085
1586893471260 1 1086
1586893474351 1 1087
1586893477369 1 1088
1586893480591 1 1089
1586893483633 1 1090
1586893486886 1 1091
1586893490084 1 1092
1586893493302 1 1093
1586893496610 1 1094
1586893499793 1 1095
1586893502964 1 1096
1586893506232 1 1097
1586893509500 1 1098
1586893512611 1 1099
1586893515672 1 1100
1586893519093 1 1101
1586893522282 1 1102
1586893525552 1 1103
1586893528623 1 1104
1586893531939 1 1105
1586893535178 1 1106
1586893538347 1 1107
1586893541481 1 1108
1586893544669 1 1109
1586893547808 1 1110
1586893551126 1 1111
1586893554344 1 1112
1586893557600 1 1113
1586893560756 1 1114
1586893563925 1 1115
1586893567131 1 1116
1586893570399 1 1117
1586893573468 1 1118
1586893576572 1 1119
1586893579692 1 1120
1586893582717 1 1121
1586893585831 1 1122
1586893588985 1 1123
1586893592188 1 1124
1586893595423 1 1125
1586893598517 1 1126
1586893601885 1 1127
1586893605069 1 1128
1586893608122 1 1129
1586893611338 1 1130
1586893614649 1 1131
1586893617978 1 1132
1586893621316 1 1133
1586893624635 1 1134
1586893627787 1 1135
1586893630977 1 1136
1586893634143 1 1137
1586893637351 1 1138
1586893640639 1 1139
1586893643739 1 1140
1586893646989 1 1141
1586893650243 1 1142
1586893653381 1 1143
1586893656668 1 1144
1586893659868 1 1145
1586893662903 1 1146
1586893666104 1 1147
1586893669274 1 1148
1586893672567 1 1149
1586893675867 1 1150
1586893679006 1 1151
1586893682425 1 1152
1586893685627 1 1153
1586893688780 1 1154
1586893691998 1 1155
1586893694991 1 1156
1586893698208 1 1157
1586893701478 1 1158
1586893704761 1 1159
1586893707891 1 1160
1586893711108 1 1161
1586893714342 1 1162
1586893717445 1 1163
1586893723727 1 1164
1586893727031 1 1165
1586893730168 1 1166
1586893733388 1 1167
1586893736608 1 1168
1586893740061 1 1169
1586893743480 1 1170
1586893746736 1 1171
1586893750721 1 1172
1586893756819 1 1173
1586893767363 1 1174
1586893776403 1 1175
1586893780374 1 1176
1586893784307 1 1177
1586893788231 1 1178
1586893792144 1 1179
1586893795812 1 1180
1586893799704 1 1181
1586893803223 1 1182
1586893806745 1 1183
1586893810307 1 1184
1586893813877 1 1185
1586893818083 1 1186
1586893822187 1 1187
1586893831707 1 1188
1586893835625 1 1189
1586893839247 1 1190
1586893843267 1 1191
1586893847236 1 1192
1586893854977 1 1193
1586893863363 1 1194
1586893867248 1 1195
1586893873154 1 1196
1586893879560 1 1197
1586893884762 1 1198
1586893888887 1 1199
1586893893521 1 1200
1586893897561 1 1201
1586893901365 1 1202
1586893905288 1 1203
1586893909123 1 1204
1586893912723 1 1205
1586893916311 1 1206
1586893919933 1 1207
1586893923485 1 1208
1586893926954 1 1209
1586893930583 1 1210
1586893934102 1 1211
1586893937601 1 1212
1586893941233 1 1213
1586893944791 1 1214
1586893948278 1 1215
1586893951910 1 1216
1586893955561 1 1217
1586893959131 1 1218
1586893962937 1 1219
1586893967370 1 1220
1586893971677 1 1221
1586893979184 1 1222
1586893983713 1 1223
1586893987250 1 1224
1586893990490 1 1225
1586893993671 1 1226
1586893997056 1 1227
1586894000159 1 1228
1586894003383 1 1229
1586894006633 1 1230
1586894009943 1 1231
1586894013225 1 1232
1586894016342 1 1233
1586894019380 1 1234
1586894022566 1 1235
1586894026336 1 1236
1586894030265 1 1237
1586894035928 1 1238
1586894044771 1 1239
1586894053479 1 1240
1586894062472 1 1241
1586894073593 1 1242
1586894080642 1 1243
1586894085360 1 1244
1586894088957 1 1245
1586894093826 1 1246
1586894098324 1 1247
1586894103898 1 1248
1586894107898 1 1249
1586894112437 1 1250
1586894116933 1 1251
1586894121639 1 1252
1586894126110 1 1253
1586894134030 1 1254
1586894141914 1 1255
1586894150326 1 1256
1586894158283 1 1257
1586894165846 1 1258
1586894173568 1 1259
1586894181425 1 1260
1586894189997 1 1261
1586894198687 1 1262
1586894207807 1 1263
1586894215470 1 1264
1586894223171 1 1265
1586894230461 1 1266
1586894238487 1 1267
1586894246662 1 1268
1586894254363 1 1269
1586894262322 1 1270
1586894272183 1 1271
1586894284862 1 1272
1586894294671 1 1273
1586894303652 1 1274
1586894312874 1 1275
1586894321053 1 1276
1586894328459 1 1277
1586894336937 1 1278
1586894345674 1 1279
1586894353963 1 1280
1586894362232 1 1281
1586894371315 1 1282
1586894379259 1 1283
1586894386293 1 1284
1586894393547 1 1285
1586894401709 1 1286
1586894409141 1 1287
1586894416869 1 1288
1586894424046 1 1289
1586894431436 1 1290
1586894439324 1 1291
1586894447088 1 1292
1586894455055 1 1293
1586894463359 1 1294
1586894471058 1 1295
1586894479175 1 1296
1586894487080 1 1297
1586894496112 1 1298
1586894504273 1 1299
1586894511849 1 1300
1586894520929 1 1301
1586894528769 1 1302
1586894537317 1 1303
1586894545072 1 1304
1586894552769 1 1305
1586894560384 1 1306
1586894568091 1 1307
1586894576576 1 1308
1586894586422 1 1309
1586894598578 1 1310
1586894609053 1 1311
1586894619176 1 1312
1586894626736 1 1313
1586894633864 1 1314
1586894642429 1 1315
1586894649989 1 1316
1586894658578 1 1317
1586894667117 1 1318
1586894675620 1 1319
1586894683303 1 1320
1586894691925 1 1321
1586894702013 1 1322
1586894710161 1 1323
1586894717690 1 1324
1586894726003 1 1325
1586894733941 1 1326
1586894742825 1 1327
1586894751410 1 1328
1586894758430 1 1329
1586894764634 1 1330
1586894770773 1 1331
1586894774800 1 1332
1586894778890 1 1333
1586894783764 1 1334
1586894788171 1 1335
1586894794074 1 1336
1586894800546 1 1337
1586894806229 1 1338
1586894810683 1 1339
1586894815556 1 1340
1586894820560 1 1341
1586894824624 1 1342
1586894828169 1 1343
1586894832422 1 1344
1586894836414 1 1345
1586894841030 1 1346
1586894848131 1 1347
1586894857241 1 1348
1586894865715 1 1349
1586894873635 1 1350
1586894882337 1 1351
1586894888563 1 1352
1586894894302 1 1353
1586894902332 1 1354
1586894906431 1 1355
1586894910113 1 1356
1586894913757 1 1357
1586894917274 1 1358
1586894921114 1 1359
1586894925440 1 1360
1586894930081 1 1361
1586894933981 1 1362
1586894937541 1 1363
1586894941083 1 1364
1586894944704 1 1365
1586894948465 1 1366
1586894952420 1 1367
1586894955939 1 1368
1586894959027 1 1369
1586894962210 1 1370
1586894965598 1 1371
1586894969019 1 1372
1586894980861 1 1373
1586894993296 1 1374
1586894998783 1 1375
1586895002068 1 1376
1586895006890 1 1377
1586895010305 1 1378
1586895014682 1 1379
1586895019428 1 1380
1586895023526 1 1381
1586895027608 1 1382
1586895031944 1 1383
1586895035939 1 1384
1586895039778 1 1385
1586895043595 1 1386
1586895047451 1 1387
1586895051589 1 1388
1586895055523 1 1389
1586895059645 1 1390
1586895063814 1 1391
1586895067752 1 1392
1586895072187 1 1393
1586895076646 1 1394
1586895081140 1 1395
1586895085399 1 1396
1586895089246 1 1397
1586895093187 1 1398
1586895097195 1 1399
1586895101112 1 1400
1586895105395 1 1401
1586895109362 1 1402
1586895113300 1 1403
1586895117202 1 1404
1586895121178 1 1405
1586895125042 1 1406
1586895128984 1 1407
1586895132906 1 1408
1586895136697 1 1409
1586895140647 1 1410
1586895144738 1 1411
1586895148581 1 1412
1586895152455 1 1413
1586895156306 1 1414
1586895160200 1 1415
1586895164281 1 1416
1586895168793 1 1417
1586895174314 1 1418
1586895179833 1 1419
1586895184738 1 1420
1586895188776 1 1421
1586895193030 1 1422
1586895197214 1 1423
1586895201114 1 1424
1586895204894 1 1425
1586895208591 1 1426
1586895212466 1 1427
1586895216112 1 1428
1586895219853 1 1429
1586895223544 1 1430
1586895227272 1 1431
1586895231167 1 1432
1586895234950 1 1433
1586895239446 1 1434
1586895244334 1 1435
1586895248487 1 1436
1586895252538 1 1437
1586895256568 1 1438
1586895260950 1 1439
1586895265266 1 1440
1586895269122 1 1441
1586895273120 1 1442
1586895276909 1 1443
1586895280627 1 1444
1586895284221 1 1445
1586895288037 1 1446
1586895291743 1 1447
1586895295391 1 1448
1586895299202 1 1449
1586895302922 1 1450
1586895306613 1 1451
1586895310369 1 1452
1586895314057 1 1453
1586895317826 1 1454
1586895321580 1 1455
1586895325283 1 1456
1586895328902 1 1457
1586895332712 1 1458
1586895336446 1 1459
1586895340158 1 1460
1586895343987 1 1461
1586895347776 1 1462
1586895351541 1 1463
1586895355195 1 1464
1586895359020 1 1465
1586895362799 1 1466
1586895366622 1 1467
1586895370269 1 1468
1586895374105 1 1469
1586895377873 1 1470
1586895381615 1 1471
1586895385365 1 1472
1586895389101 1 1473
1586895392971 1 1474
1586895396781 1 1475
1586895400530 1 1476
1586895404751 1 1477
1586895408443 1 1478
1586895412273 1 1479
1586895416197 1 1480
1586895420066 1 1481
1586895423766 1 1482
1586895427554 1 1483
1586895431285 1 1484
1586895434974 1 1485
1586895438708 1 1486
1586895442479 1 1487
1586895446234 1 1488
1586895450003 1 1489
1586895453639 1 1490
1586895457480 1 1491
1586895461173 1 1492
1586895464982 1 1493
1586895468735 1 1494
1586895472458 1 1495
1586895476080 1 1496
1586895479795 1 1497
1586895483517 1 1498
1586895487352 1 1499
1586895491070 1 1500
1586895495753 1 1501
1586895499859 1 1502
1586895504047 1 1503
1586895507916 1 1504
1586895511842 1 1505
1586895515997 1 1506
1586895520212 1 1507
1586895524099 1 1508
1586895527904 1 1509
1586895531755 1 1510
1586895535471 1 1511
1586895539268 1 1512
1586895543083 1 1513
1586895546846 1 1514
1586895550529 1 1515
1586895554240 1 1516
1586895557989 1 1517
1586895561808 1 1518
1586895565728 1 1519
1586895569482 1 1520
1586895573318 1 1521
1586895577164 1 1522
1586895580907 1 1523
1586895584600 1 1524
1586895588469 1 1525
1586895592255 1 1526
1586895595941 1 1527
1586895599842 1 1528
1586895603567 1 1529
1586895607367 1 1530
1586895611271 1 1531
1586895614973 1 1532
1586895618679 1 1533
1586895622523 1 1534
1586895626226 1 1535
1586895630082 1 1536
1586895633636 1 1537
1586895637511 1 1538
1586895641278 1 1539
1586895644943 1 1540
1586895648657 1 1541
1586895652489 1 1542
1586895656185 1 1543
1586895660078 1 1544
1586895663832 1 1545
1586895667603 1 1546
1586895671402 1 1547
1586895675008 1 1548
1586895678763 1 1549
1586895682608 1 1550
1586895686330 1 1551
1586895690070 1 1552
1586895693908 1 1553
1586895697659 1 1554
1586895701362 1 1555
1586895705067 1 1556
1586895708753 1 1557
1586895712428 1 1558
1586895716196 1 1559
1586895719980 1 1560
1586895723743 1 1561
1586895727504 1 1562
1586895731246 1 1563
1586895735062 1 1564
1586895738863 1 1565
1586895742635 1 1566
1586895746366 1 1567
1586895750286 1 1568
1586895754037 1 1569
1586895757757 1 1570
1586895761433 1 1571
1586895765065 1 1572
1586895768835 1 1573
1586895772555 1 1574
1586895776185 1 1575
1586895780184 1 1576
1586895783952 1 1577
1586895787711 1 1578
1586895791472 1 1579
1586895795210 1 1580
1586895798797 1 1581
1586895802651 1 1582
1586895806369 1 1583
1586895810151 1 1584
1586895813921 1 1585
1586895817675 1 1586
1586895821461 1 1587
1586895825048 1 1588
1586895828750 1 1589
1586895832571 1 1590
1586895836326 1 1591
1586895840129 1 1592
1586895843799 1 1593
1586895847532 1 1594
1586895851274 1 1595
1586895854905 1 1596
1586895858613 1 1597
1586895862555 1 1598
1586895866411 1 1599
1586895870236 1 1600
1586895875869 1 1601
1586895879690 1 1602
1586895883345 1 1603
1586895886999 1 1604
1586895890801 1 1605
1586895894575 1 1606
1586895898263 1 1607
1586895902099 1 1608
1586895905880 1 1609
1586895910173 1 1610
1586895914573 1 1611
1586895926814 1 1612
1586895931480 1 1613
1586895935326 1 1614
1586895939739 1 1615
1586895943857 1 1616
1586895952758 1 1617
1586895956808 1 1618
1586895960460 1 1619
1586895964095 1 1620
1586895967382 1 1621
1586895970635 1 1622
1586895973987 1 1623
1586895977192 1 1624
1586895980546 1 1625
1586895983977 1 1626
1586895987470 1 1627
1586895990902 1 1628
1586895994162 1 1629
1586895997544 1 1630
1586896000965 1 1631
1586896004614 1 1632
1586896008043 1 1633
1586896011239 1 1634
1586896014409 1 1635
1586896017827 1 1636
1586896021382 1 1637
1586896024668 1 1638
1586896028297 1 1639
1586896032223 1 1640
1586896035859 1 1641
1586896039683 1 1642
1586896043657 1 1643
1586896048391 1 1644
1586896052269 1 1645
1586896056043 1 1646
1586896059709 1 1647
1586896064023 1 1648
1586896068233 1 1649
1586896073424 1 1650
1586896077358 1 1651
1586896081451 1 1652
1586896085382 1 1653
1586896089619 1 1654
1586896093274 1 1655
1586896096792 1 1656
1586896100428 1 1657
1586896103829 1 1658
1586896106967 1 1659
1586896110320 1 1660
1586896113654 1 1661
1586896116781 1 1662
1586896119977 1 1663
1586896123304 1 1664
1586896126401 1 1665
1586896129673 1 1666
1586896133009 1 1667
1586896136345 1 1668
1586896139581 1 1669
1586896142851 1 1670
1586896145971 1 1671
1586896149227 1 1672
1586896152645 1 1673
1586896155928 1 1674
1586896159152 1 1675
1586896162594 1 1676
1586896165973 1 1677
1586896169180 1 1678
1586896172635 1 1679
1586896175920 1 1680
1586896179984 1 1681
1586896183307 1 1682
1586896186627 1 1683
1586896190246 1 1684
1586896194148 1 1685
1586896197717 1 1686
1586896201405 1 1687
1586896206207 1 1688
1586896209879 1 1689
1586896213449 1 1690
1586896216872 1 1691
1586896220454 1 1692
1586896223858 1 1693
1586896227094 1 1694
1586896230350 1 1695
1586896234566 1 1696
1586896239983 1 1697
1586896243573 1 1698
1586896247280 1 1699
1586896250592 1 1700
1586896253998 1 1701
1586896257334 1 1702
1586896260822 1 1703
1586896264122 1 1704
1586896267375 1 1705
1586896270731 1 1706
1586896273884 1 1707
1586896277320 1 1708
1586896280862 1 1709
1586896284228 1 1710
1586896287396 1 1711
1586896290599 1 1712
1586896293816 1 1713
1586896296996 1 1714
1586896300609 1 1715
1586896304224 1 1716
1586896309548 1 1717
1586896314868 1 1718
1586896318804 1 1719
1586896322440 1 1720
1586896326613 1 1721
1586896330338 1 1722
1586896334086 1 1723
1586896337539 1 1724
1586896341032 1 1725
1586896344456 1 1726
1586896348483 1 1727
1586896351871 1 1728
1586896359163 1 1729
1586896363108 1 1730
1586896369143 1 1731
1586896374809 1 1732
1586896379228 1 1733
1586896383050 1 1734
1586896387103 1 1735
1586896394025 1 1736
1586896399407 1 1737
1586896404821 1 1738
1586896409527 1 1739
1586896414586 1 1740
1586896418297 1 1741
1586896422599 1 1742
1586896429610 1 1743
1586896435364 1 1744
1586896439647 1 1745
1586896444723 1 1746
1586896450157 1 1747
1586896453972 1 1748
1586896457398 1 1749
1586896461071 1 1750
1586896466187 1 1751
1586896470642 1 1752
1586896477093 1 1753
1586896481784 1 1754
1586896487789 1 1755
1586896493062 1 1756
1586896497477 1 1757
1586896501629 1 1758
1586896505298 1 1759
1586896508685 1 1760
1586896512372 1 1761
1586896516306 1 1762
1586896520028 1 1763
1586896524362 1 1764
1586896527900 1 1765
1586896531524 1 1766
1586896535305 1 1767
1586896539942 1 1768
1586896548197 1 1769
1586896552835 1 1770
1586896557500 1 1771
1586896561409 1 1772
1586896565884 1 1773
1586896569593 1 1774
1586896573184 1 1775
1586896576851 1 1776
1586896580809 1 1777
1586896585359 1 1778
1586896590111 1 1779
1586896594652 1 1780
1586896599236 1 1781
1586896603707 1 1782
1586896607609 1 1783
1586896611841 1 1784
1586896615810 1 1785
1586896619697 1 1786
1586896623401 1 1787
1586896627188 1 1788
1586896631107 1 1789
1586896634945 1 1790
1586896638717 1 1791
1586896642990 1 1792
1586896648002 1 1793
1586896653112 1 1794
1586896658772 1 1795
1586896663898 1 1796
1586896669673 1 1797
1586896677000 1 1798
1586896684689 1 1799
1586896689586 1 1800
1586896697444 1 1801
1586896702406 1 1802
1586896709585 1 1803
1586896718197 1 1804
1586896724401 1 1805
1586896729885 1 1806
1586896735901 1 1807
1586896743367 1 1808
1586896753396 1 1809
1586896761421 1 1810
1586896767820 1 1811
1586896773821 1 1812
1586896779900 1 1813
1586896784862 1 1814
1586896789905 1 1815
1586896795560 1 1816
1586896801130 1 1817
1586896806401 1 1818
1586896812521 1 1819
1586896819093 1 1820
1586896826921 1 1821
1586896833519 1 1822
1586896839546 1 1823
1586896846353 1 1824
1586896852516 1 1825
1586896857684 1 1826
1586896866139 1 1827
1586896874799 1 1828
1586896882250 1 1829
1586896887891 1 1830
1586896895771 1 1831
1586896901337 1 1832
1586896908964 1 1833
1586896914717 1 1834
1586896921656 1 1835
1586896927356 1 1836
1586896932652 1 1837
1586896937703 1 1838
1586896943109 1 1839
1586896948326 1 1840
1586896954115 1 1841
1586896959528 1 1842
1586896965062 1 1843
1586896971833 1 1844
1586896978519 1 1845
1586896986330 1 1846
1586896991718 1 1847
1586896997229 1 1848
1586897002377 1 1849
1586897007628 1 1850
1586897012936 1 1851
1586897019750 1 1852
1586897026100 1 1853
1586897032401 1 1854
1586897038054 1 1855
1586897043912 1 1856
1586897049350 1 1857
1586897054567 1 1858
1586897060004 1 1859
1586897066398 1 1860
1586897071990 1 1861
1586897078116 1 1862
1586897082829 1 1863
1586897089434 1 1864
1586897094680 1 1865
1586897100357 1 1866
1586897105722 1 1867
1586897111225 1 1868
1586897116057 1 1869
1586897121007 1 1870
1586897125644 1 1871
1586897130712 1 1872
1586897135158 1 1873
1586897139565 1 1874
1586897144055 1 1875
1586897148574 1 1876
1586897153819 1 1877
1586897158878 1 1878
1586897163085 1 1879
1586897167652 1 1880
1586897172217 1 1881
1586897177570 1 1882
1586897182620 1 1883
1586897187325 1 1884
1586897191744 1 1885
1586897195832 1 1886
1586897200058 1 1887
1586897205115 1 1888
1586897209176 1 1889
1586897213379 1 1890
1586897217584 1 1891
1586897222004 1 1892
1586897226425 1 1893
1586897230813 1 1894
1586897235197 1 1895
1586897239598 1 1896
1586897243880 1 1897
1586897248025 1 1898
1586897252309 1 1899
1586897256370 1 1900
1586897261961 1 1901
1586897266349 1 1902
1586897270639 1 1903
1586897274803 1 1904
1586897279151 1 1905
1586897283564 1 1906
1586897287918 1 1907
1586897292104 1 1908
1586897296393 1 1909
1586897300731 1 1910
1586897304869 1 1911
1586897309128 1 1912
1586897313493 1 1913
1586897317638 1 1914
1586897321746 1 1915
1586897325972 1 1916
1586897329912 1 1917
1586897334082 1 1918
1586897338568 1 1919
1586897343174 1 1920
1586897347728 1 1921
1586897352346 1 1922
1586897356783 1 1923
1586897360905 1 1924
1586897365238 1 1925
1586897369398 1 1926
1586897373798 1 1927
1586897377764 1 1928
1586897381778 1 1929
1586897385673 1 1930
1586897389545 1 1931
1586897393609 1 1932
1586897397776 1 1933
1586897402197 1 1934
1586897406536 1 1935
1586897410904 1 1936
1586897415276 1 1937
1586897419832 1 1938
1586897424201 1 1939
1586897428503 1 1940
1586897432992 1 1941
1586897437244 1 1942
1586897441690 1 1943
1586897446119 1 1944
1586897450485 1 1945
1586897454654 1 1946
1586897458890 1 1947
1586897463449 1 1948
1586897467593 1 1949
1586897471931 1 1950
1586897476351 1 1951
1586897480673 1 1952
1586897484779 1 1953
1586897489229 1 1954
1586897493853 1 1955
1586897498358 1 1956
1586897505385 1 1957
1586897511031 1 1958
1586897516169 1 1959
1586897521171 1 1960
1586897525912 1 1961
1586897531532 1 1962
1586897536067 1 1963
1586897540794 1 1964
1586897545198 1 1965
1586897549759 1 1966
1586897554487 1 1967
1586897559723 1 1968
1586897564515 1 1969
1586897569281 1 1970
1586897574071 1 1971
1586897578935 1 1972
1586897585377 1 1973
1586897590446 1 1974
1586897595874 1 1975
1586897601365 1 1976
1586897607376 1 1977
1586897612352 1 1978
1586897617271 1 1979
1586897621648 1 1980
1586897626052 1 1981
1586897631781 1 1982
1586897637731 1 1983
1586897643605 1 1984
1586897650577 1 1985
1586897657218 1 1986
1586897663668 1 1987
1586897669108 1 1988
1586897674379 1 1989
1586897680425 1 1990
1586897686565 1 1991
1586897692775 1 1992
1586897700190 1 1993
1586897707543 1 1994
1586897712571 1 1995
1586897717732 1 1996
1586897722296 1 1997
1586897727953 1 1998
1586897733007 1 1999
1586897738952 1 2000
1586897748460 1 2001
1586897754983 1 2002
1586897761362 1 2003
1586897767340 1 2004
1586897776035 1 2005
1586897782831 1 2006
1586897789245 1 2007
1586897794584 1 2008
1586897799545 1 2009
1586897803707 1 2010
1586897807810 1 2011
1586897811265 1 2012
1586897814754 1 2013
1586897818489 1 2014
1586897822418 1 2015
1586897825940 1 2016
1586897829327 1 2017
1586897832780 1 2018
1586897836134 1 2019
1586897839569 1 2020
1586897842927 1 2021
1586897846359 1 2022
1586897849694 1 2023
1586897853098 1 2024
1586897856488 1 2025
1586897860492 1 2026
1586897864210 1 2027
1586897868025 1 2028
1586897872427 1 2029
1586897876887 1 2030
1586897882668 1 2031
1586897886683 1 2032
1586897890892 1 2033
1586897894329 1 2034
1586897897698 1 2035
1586897901401 1 2036
1586897906007 1 2037
1586897909815 1 2038
1586897913493 1 2039
1586897916976 1 2040
1586897920624 1 2041
1586897924307 1 2042
1586897927979 1 2043
1586897932547 1 2044
1586897937218 1 2045
1586897941342 1 2046
1586897945102 1 2047
1586897948830 1 2048
1586897953033 1 2049
1586897956958 1 2050
1586897960748 1 2051
1586897964206 1 2052
1586897967961 1 2053
1586897971892 1 2054
1586897975345 1 2055
1586897978847 1 2056
1586897982205 1 2057
1586897985381 1 2058
1586897988839 1 2059
1586897992367 1 2060
1586897995780 1 2061
1586897999002 1 2062
1586898004125 1 2063
1586898007598 1 2064
1586898010929 1 2065
1586898014227 1 2066
1586898017633 1 2067
1586898020785 1 2068
1586898023989 1 2069
1586898027210 1 2070
1586898030478 1 2071
1586898033633 1 2072
1586898036851 1 2073
1586898040038 1 2074
1586898042961 1 2075
1586898046409 1 2076
1586898049663 1 2077
1586898052720 1 2078
1586898055950 1 2079
1586898059139 1 2080
1586898062376 1 2081
1586898065624 1 2082
1586898069065 1 2083
1586898072284 1 2084
1586898075503 1 2085
1586898078740 1 2086
1586898081945 1 2087
1586898085150 1 2088
1586898088367 1 2089
1586898091636 1 2090
1586898094791 1 2091
1586898098012 1 2092
1586898101110 1 2093
1586898104365 1 2094
1586898107403 1 2095
1586898110604 1 2096
1586898113722 1 2097
1586898116829 1 2098
1586898120023 1 2099
1586898123217 1 2100
1586898126686 1 2101
1586898129857 1 2102
1586898132993 1 2103
1586898136213 1 2104
1586898139237 1 2105
1586898142353 1 2106
1586898145640 1 2107
1586898148926 1 2108
1586898152196 1 2109
1586898155350 1 2110
1586898158421 1 2111
1586898161535 1 2112
1586898164486 1 2113
1586898167580 1 2114
1586898170729 1 2115
1586898173786 1 2116
1586898177088 1 2117
1586898180306 1 2118
1586898183375 1 2119
1586898186562 1 2120
1586898189719 1 2121
1586898192920 1 2122
1586898196058 1 2123
1586898199373 1 2124
1586898202527 1 2125
1586898205732 1 2126
1586898208835 1 2127
1586898211984 1 2128
1586898215215 1 2129
1586898218144 1 2130
1586898221420 1 2131
1586898224431 1 2132
1586898227535 1 2133
1586898230739 1 2134
1586898233875 1 2135
1586898237046 1 2136
1586898240381 1 2137
1586898243502 1 2138
1586898246656 1 2139
1586898249890 1 2140
1586898253179 1 2141
1586898256330 1 2142
1586898259504 1 2143
1586898262620 1 2144
1586898265705 1 2145
1586898268835 1 2146
1586898271928 1 2147
1586898275011 1 2148
1586898278218 1 2149
1586898281594 1 2150
1586898284959 1 2151
1586898288012 1 2152
1586898291300 1 2153
1586898294484 1 2154
1586898297888 1 2155
1586898301162 1 2156
1586898304378 1 2157
1586898307731 1 2158
1586898310816 1 2159
1586898314053 1 2160
1586898317058 1 2161
1586898320416 1 2162
1586898323592 1 2163
1586898326818 1 2164
1586898330083 1 2165
1586898333319 1 2166
1586898336527 1 2167
1586898339646 1 2168
1586898342881 1 2169
1586898345986 1 2170
1586898349206 1 2171
1586898352358 1 2172
1586898355561 1 2173
1586898358798 1 2174
1586898361967 1 2175
1586898365019 1 2176
1586898368187 1 2177
1586898371361 1 2178
1586898374616 1 2179
1586898377863 1 2180
1586898381002 1 2181
1586898384229 1 2182
1586898387411 1 2183
1586898390746 1 2184
1586898393963 1 2185
1586898397100 1 2186
1586898400188 1 2187
1586898403492 1 2188
1586898406647 1 2189
1586898410046 1 2190
1586898413103 1 2191
1586898416262 1 2192
1586898419464 1 2193
1586898422684 1 2194
1586898426023 1 2195
1586898429169 1 2196
1586898432434 1 2197
1586898435585 1 2198
1586898438797 1 2199
1586898442043 1 2200
1586898445712 1 2201
1586898448918 1 2202
1586898452205 1 2203
1586898455424 1 2204
1586898458492 1 2205
1586898461701 1 2206
1586898464870 1 2207
1586898468022 1 2208
1586898471303 1 2209
1586898474410 1 2210
1586898477697 1 2211
1586898480781 1 2212
1586898483813 1 2213
1586898487056 1 2214
1586898490287 1 2215
1586898493467 1 2216
1586898496615 1 2217
1586898499833 1 2218
1586898503019 1 2219
1586898506172 1 2220
1586898509263 1 2221
1586898512530 1 2222
1586898515616 1 2223
1586898518821 1 2224
1586898522040 1 2225
1586898525191 1 2226
1586898528323 1 2227
1586898531500 1 2228
1586898534839 1 2229
1586898537801 1 2230
1586898540870 1 2231
1586898544049 1 2232
1586898547304 1 2233
1586898550534 1 2234
1586898553669 1 2235
1586898556904 1 2236
1586898560246 1 2237
1586898563798 1 2238
1586898567399 1 2239
1586898570921 1 2240
1586898574040 1 2241
1586898577098 1 2242
1586898580361 1 2243
1586898583629 1 2244
1586898586901 1 2245
1586898590159 1 2246
1586898593572 1 2247
1586898596743 1 2248
1586898599960 1 2249
1586898603150 1 2250
1586898606336 1 2251
1586898609488 1 2252
1586898612929 1 2253
1586898616397 1 2254
1586898619852 1 2255
1586898623404 1 2256
1586898626769 1 2257
1586898629991 1 2258
1586898633107 1 2259
1586898636267 1 2260
1586898639385 1 2261
1586898642635 1 2262
1586898645791 1 2263
1586898648874 1 2264
1586898652112 1 2265
1586898655339 1 2266
1586898658437 1 2267
1586898661737 1 2268
1586898664957 1 2269
1586898668142 1 2270
1586898671366 1 2271
1586898674552 1 2272
1586898677718 1 2273
1586898680971 1 2274
1586898684269 1 2275
1586898687530 1 2276
1586898691224 1 2277
1586898694990 1 2278
1586898698169 1 2279
1586898701388 1 2280
1586898704591 1 2281
1586898707900 1 2282
1586898711257 1 2283
1586898714373 1 2284
1586898717645 1 2285
1586898721130 1 2286
1586898724635 1 2287
1586898727989 1 2288
1586898731376 1 2289
1586898734712 1 2290
1586898737830 1 2291
1586898741366 1 2292
1586898744639 1 2293
1586898747823 1 2294
1586898750859 1 2295
1586898753990 1 2296
1586898757441 1 2297
1586898760687 1 2298
1586898763742 1 2299
1586898766858 1 2300
1586898770346 1 2301
1586898773819 1 2302
1586898777508 1 2303
1586898780741 1 2304
1586898784094 1 2305
1586898787263 1 2306
1586898790534 1 2307
1586898793684 1 2308
1586898796886 1 2309
1586898800110 1 2310
1586898803347 1 2311
1586898806648 1 2312
1586898809936 1 2313
1586898813139 1 2314
1586898816340 1 2315
1586898819336 1 2316
1586898822548 1 2317
1586898825617 1 2318
1586898828838 1 2319
1586898832040 1 2320
1586898835213 1 2321
1586898838288 1 2322
1586898841516 1 2323
1586898844704 1 2324
1586898847788 1 2325
1586898850894 1 2326
1586898854010 1 2327
1586898857195 1 2328
1586898860442 1 2329
1586898863512 1 2330
1586898866734 1 2331
1586898869861 1 2332
1586898873080 1 2333
1586898876316 1 2334
1586898879352 1 2335
1586898882789 1 2336
1586898885943 1 2337
1586898889047 1 2338
1586898892349 1 2339
1586898895401 1 2340
1586898898503 1 2341
1586898901730 1 2342
1586898905010 1 2343
1586898908198 1 2344
1586898911616 1 2345
1586898914809 1 2346
1586898917905 1 2347
1586898921172 1 2348
1586898924197 1 2349
1586898927415 1 2350
1586898930535 1 2351
1586898933739 1 2352
1586898936791 1 2353
1586898939944 1 2354
1586898943099 1 2355
1586898946134 1 2356
1586898949340 1 2357
1586898952447 1 2358
1586898955575 1 2359
1586898958783 1 2360
1586898961848 1 2361
1586898965034 1 2362
1586898968192 1 2363
1586898971481 1 2364
1586898974476 1 2365
1586898977662 1 2366
1586898980887 1 2367
1586898984024 1 2368
1586898987125 1 2369
1586898990262 1 2370
1586898993483 1 2371
1586898996616 1 2372
1586898999739 1 2373
1586899002888 1 2374
1586899006044 1 2375
1586899009474 1 2376
1586899012634 1 2377
1586899015833 1 2378
1586899018925 1 2379
1586899022242 1 2380
1586899025674 1 2381
1586899028799 1 2382
1586899032036 1 2383
1586899035272 1 2384
1586899038624 1 2385
1586899041760 1 2386
1586899045015 1 2387
1586899048152 1 2388
1586899051385 1 2389
1586899054539 1 2390
1586899057775 1 2391
1586899060963 1 2392
1586899064234 1 2393
1586899067252 1 2394
1586899070438 1 2395
1586899073539 1 2396
1586899076740 1 2397
1586899079898 1 2398
1586899083104 1 2399
1586899086375 1 2400
1586899089706 1 2401
1586899093029 1 2402
1586899096214 1 2403
1586899099365 1 2404
1586899102535 1 2405
1586899105775 1 2406
1586899108807 1 2407
1586899112166 1 2408
1586899115400 1 2409
1586899118627 1 2410
1586899121940 1 2411
1586899124989 1 2412
1586899128162 1 2413
1586899131651 1 2414
1586899134885 1 2415
1586899138133 1 2416
1586899141441 1 2417
1586899144596 1 2418
1586899147746 1 2419
1586899150750 1 2420
1586899153970 1 2421
1586899157207 1 2422
1586899160374 1 2423
1586899163511 1 2424
1586899166770 1 2425
1586899169911 1 2426
1586899173072 1 2427
1586899176154 1 2428
1586899179392 1 2429
1586899182732 1 2430
1586899186000 1 2431
1586899189177 1 2432
1586899192441 1 2433
1586899195559 1 2434
1586899198661 1 2435
1586899201814 1 2436
1586899205020 1 2437
1586899208170 1 2438
1586899211257 1 2439
1586899214476 1 2440
1586899217580 1 2441
1586899220768 1 2442
1586899223893 1 2443
1586899227138 1 2444
1586899230442 1 2445
1586899233651 1 2446
1586899236829 1 2447
1586899239972 1 2448
1586899243155 1 2449
1586899246352 1 2450
1586899249394 1 2451
1586899252533 1 2452
1586899255686 1 2453
1586899258673 1 2454
1586899261974 1 2455
1586899265078 1 2456
1586899268250 1 2457
1586899271284 1 2458
1586899274453 1 2459
1586899277489 1 2460
1586899280708 1 2461
1586899283911 1 2462
1586899287151 1 2463
1586899290368 1 2464
1586899293621 1 2465
1586899296876 1 2466
1586899299975 1 2467
1586899303199 1 2468
1586899306353 1 2469
1586899309638 1 2470
1586899312738 1 2471
1586899315958 1 2472
1586899319029 1 2473
1586899322119 1 2474
1586899325309 1 2475
1586899328459 1 2476
1586899331624 1 2477
1586899334724 1 2478
1586899337863 1 2479
1586899341037 1 2480
1586899344256 1 2481
1586899347375 1 2482
1586899350676 1 2483
1586899353764 1 2484
1586899356900 1 2485
1586899360020 1 2486
1586899363303 1 2487
1586899366544 1 2488
1586899369828 1 2489
1586899372860 1 2490
1586899375969 1 2491
1586899379136 1 2492
1586899382361 1 2493
1586899385644 1 2494
1586899388783 1 2495
1586899391941 1 2496
1586899395088 1 2497
1586899398361 1 2498
1586899401470 1 2499
1586899404454 1 2500
