1586889634046 1 1
1586889638252 0.995 2
1586889643454 0.990025 3
1586889647275 0.985074875 4
1586889652874 0.9801495006250001 5
1586889656962 0.9752487531218751 6
1586889661061 0.9703725093562657 7
1586889665553 0.9655206468094844 8
1586889671236 0.960693043575437 9
1586889676695 0.9558895783575597 10
1586889681934 0.9511101304657719 11
1586889687626 0.946354579813443 12
1586889692484 0.9416228069143757 13
1586889697506 0.9369146928798039 14
1586889701748 0.9322301194154049 15
1586889706212 0.9275689688183278 16
1586889710287 0.9229311239742362 17
1586889715108 0.918316468354365 18
1586889719246 0.9137248860125932 19
1586889723695 0.9091562615825302 20
1586889727717 0.9046104802746175 21
1586889731621 0.9000874278732445 22
1586889735492 0.8955869907338783 23
1586889739277 0.8911090557802088 24
1586889743801 0.8866535105013078 25
1586889747651 0.8822202429488013 26
1586889751305 0.8778091417340573 27
1586889755456 0.8734200960253871 28
1586889759649 0.8690529955452602 29
1586889764500 0.8647077305675338 30
1586889769088 0.8603841919146962 31
1586889773127 0.8560822709551227 32
1586889776779 0.851801859600347 33
1586889781274 0.8475428503023453 34
1586889785443 0.8433051360508336 35
1586889789647 0.8390886103705794 36
1586889793635 0.8348931673187264 37
1586889797873 0.8307187014821328 38
1586889802730 0.8265651079747222 39
1586889807483 0.8224322824348486 40
1586889811633 0.8183201210226743 41
1586889815304 0.8142285204175609 42
1586889819039 0.810157377815473 43
1586889823597 0.8061065909263957 44
1586889827651 0.8020760579717637 45
1586889831657 0.798065677681905 46
1586889835860 0.7940753492934954 47
1586889839623 0.7901049725470279 48
1586889843523 0.7861544476842928 49
1586889847862 0.7822236754458713 50
1586889851759 0.778312557068642 51
1586889856086 0.7744209942832988 52
1586889860683 0.7705488893118823 53
1586889864408 0.7666961448653229 54
1586889868722 0.7628626641409962 55
1586889872866 0.7590483508202912 56
1586889876834 0.7552531090661897 57
1586889881472 0.7514768435208588 58
1586889885320 0.7477194593032545 59
1586889889078 0.7439808620067382 60
1586889892846 0.7402609576967045 61
1586889897091 0.736559652908221 62
1586889901202 0.7328768546436799 63
1586889905276 0.7292124703704616 64
1586889909634 0.7255664080186093 65
1586889913393 0.7219385759785162 66
1586889917128 0.7183288830986236 67
1586889920763 0.7147372386831305 68
1586889924366 0.7111635524897149 69
1586889927969 0.7076077347272662 70
1586889931625 0.7040696960536299 71
1586889935211 0.7005493475733617 72
1586889938712 0.697046600835495 73
1586889942315 0.6935613678313175 74
1586889945871 0.6900935609921609 75
1586889949918 0.6866430931872001 76
1586889954463 0.6832098777212641 77
1586889958628 0.6797938283326578 78
1586889962650 0.6763948591909945 79
1586889966646 0.6730128848950395 80
1586889970837 0.6696478204705644 81
1586889975053 0.6662995813682115 82
1586889978749 0.6629680834613705 83
1586889982418 0.6596532430440636 84
1586889986266 0.6563549768288433 85
1586889990388 0.653073201944699 86
1586889994493 0.6498078359349755 87
1586889999396 0.6465587967553006 88
1586890003596 0.6433260027715241 89
1586890007586 0.6401093727576664 90
1586890011572 0.6369088258938781 91
1586890016435 0.6337242817644086 92
1586890020559 0.6305556603555866 93
1586890024832 0.6274028820538087 94
1586890028838 0.6242658676435396 95
1586890032981 0.6211445383053219 96
1586890037399 0.6180388156137953 97
1586890041750 0.6149486215357263 98
1586890046139 0.6118738784280476 99
1586890050495 0.6088145090359074 100
1586890057582 0.6057704364907278 101
1586890061621 0.6027415843082742 102
1586890065775 0.5997278763867329 103
1586890069510 0.5967292370047992 104
1586890073119 0.5937455908197752 105
1586890076382 0.5907768628656763 106
1586890079619 0.5878229785513479 107
1586890082738 0.5848838636585911 108
1586890085911 0.5819594443402982 109
1586890089216 0.5790496471185967 110
1586890092347 0.5761543988830038 111
1586890095600 0.5732736268885887 112
1586890098869 0.5704072587541458 113
1586890102016 0.567555222460375 114
1586890105156 0.5647174463480732 115
1586890108565 0.5618938591163328 116
1586890111667 0.5590843898207511 117
1586890114919 0.5562889678716474 118
1586890118074 0.5535075230322891 119
1586890121208 0.5507399854171277 120
1586890124548 0.547986285490042 121
1586890127793 0.5452463540625918 122
1586890131055 0.5425201222922789 123
1586890134271 0.5398075216808175 124
1586890137441 0.5371084840724134 125
1586890140508 0.5344229416520513 126
1586890143740 0.531750826943791 127
1586890147000 0.5290920728090721 128
1586890150091 0.5264466124450268 129
1586890153308 0.5238143793828016 130
1586890156441 0.5211953074858876 131
1586890159579 0.5185893309484582 132
1586890162792 0.5159963842937159 133
1586890166001 0.5134164023722473 134
1586890169321 0.510849320360386 135
1586890172509 0.5082950737585841 136
1586890175660 0.5057535983897912 137
1586890178748 0.5032248303978422 138
1586890181901 0.500708706245853 139
1586890185055 0.4982051627146237 140
1586890188264 0.49571413690105054 141
1586890192692 0.4932355662165453 142
1586890197656 0.4907693883854626 143
1586890203267 0.4883155414435353 144
1586890208506 0.4858739637363176 145
1586890213059 0.483444593917636 146
1586890217575 0.4810273709480478 147
1586890222158 0.47862223409330756 148
1586890226634 0.47622912292284103 149
1586890231284 0.4738479773082268 150
1586890235837 0.47147873742168567 151
1586890239965 0.46912134373457726 152
1586890244129 0.46677573701590436 153
1586890247932 0.46444185833082485 154
1586890251686 0.46211964903917074 155
1586890255526 0.4598090507939749 156
1586890259265 0.457510005540005 157
1586890263164 0.45522245551230495 158
1586890267435 0.4529463432347434 159
1586890271538 0.4506816115185697 160
1586890275274 0.4484282034609769 161
1586890278914 0.446186062443672 162
1586890282737 0.4439551321314536 163
1586890286522 0.4417353564707963 164
1586890290260 0.43952667968844233 165
1586890294295 0.43732904629000013 166
1586890298038 0.4351424010585501 167
1586890301942 0.43296668905325736 168
1586890306283 0.43080185560799106 169
1586890310483 0.4286478463299511 170
1586890314860 0.42650460709830135 171
1586890319324 0.42437208406280985 172
1586890323625 0.4222502236424958 173
1586890327739 0.42013897252428334 174
1586890332247 0.4180382776616619 175
1586890336176 0.4159480862733536 176
1586890340530 0.41386834584198684 177
1586890344746 0.4117990041127769 178
1586890348616 0.40974000909221303 179
1586890352566 0.40769130904675194 180
1586890357284 0.40565285250151817 181
1586890361372 0.4036245882390106 182
1586890365296 0.4016064652978155 183
1586890369257 0.3995984329713264 184
1586890373627 0.3976004408064698 185
1586890378315 0.39561243860243744 186
1586890382120 0.3936343764094253 187
1586890385755 0.39166620452737816 188
1586890389509 0.3897078735047413 189
1586890393228 0.3877593341372176 190
1586890397698 0.3858205374665315 191
1586890401635 0.38389143477919885 192
1586890405472 0.3819719776053028 193
1586890409753 0.3800621177172763 194
1586890413883 0.37816180712868996 195
1586890418368 0.37627099809304654 196
1586890422923 0.3743896431025813 197
1586890427925 0.37251769488706843 198
1586890434695 0.3706551064126331 199
1586890439384 0.36880183088056995 200
1586890445260 0.3669578217261671 201
1586890449970 0.36512303261753626 202
1586890454605 0.3632974174544486 203
1586890459556 0.3614809303671764 204
1586890463862 0.3596735257153405 205
1586890468091 0.3578751580867638 206
1586890472278 0.35608578229633 207
1586890476453 0.3543053533848483 208
1586890480855 0.35253382661792404 209
1586890485215 0.3507711574848344 210
1586890489221 0.34901730169741024 211
1586890493756 0.3472722151889232 212
1586890498020 0.3455358541129786 213
1586890502258 0.3438081748424137 214
1586890506577 0.3420891339682016 215
1586890510875 0.3403786882983606 216
1586890515152 0.3386767948568688 217
1586890519949 0.33698341088258443 218
1586890524303 0.3352984938281715 219
1586890528073 0.33362200135903064 220
1586890531759 0.33195389135223546 221
1586890535428 0.3302941218954743 222
1586890539059 0.32864265128599696 223
1586890542766 0.326999438029567 224
1586890546404 0.3253644408394192 225
1586890550023 0.3237376186352221 226
1586890553681 0.322118930542046 227
1586890557433 0.32050833588933575 228
1586890561495 0.31890579420988907 229
1586890565229 0.3173112652388396 230
1586890568879 0.3157247089126454 231
1586890572499 0.3141460853680822 232
1586890576254 0.3125753549412418 233
1586890580098 0.31101247816653554 234
1586890583950 0.30945741577570285 235
1586890587721 0.3079101286968243 236
1586890591624 0.3063705780533402 237
1586890595613 0.30483872516307353 238
1586890600785 0.3033145315372582 239
1586890605670 0.3017979588795719 240
1586890610145 0.30028896908517405 241
1586890614280 0.2987875242397482 242
1586890618933 0.29729358661854943 243
1586890623301 0.29580711868545667 244
1586890627087 0.2943280830920294 245
1586890630843 0.29285644267656924 246
1586890635131 0.2913921604631864 247
1586890639231 0.28993519966087045 248
1586890643790 0.2884855236625661 249
1586890647757 0.28704309604425327 250
1586890652033 0.285607880564032 251
1586890657104 0.28417984116121187 252
1586890661158 0.2827589419554058 253
1586890664815 0.28134514724562876 254
1586890668716 0.2799384215094006 255
1586890672996 0.27853872940185365 256
1586890677038 0.27714603575484437 257
1586890680843 0.2757603055760701 258
1586890684743 0.2743815040481898 259
1586890689055 0.2730095965279488 260
1586890692972 0.27164454854530906 261
1586890697205 0.2702863258025825 262
1586890701228 0.2689348941735696 263
1586890705346 0.26759021970270175 264
1586890711604 0.2662522686041882 265
1586890716323 0.2649210072611673 266
1586890720684 0.26359640222486147 267
1586890725005 0.26227842021373715 268
1586890729673 0.2609670281126685 269
1586890734345 0.25966219297210513 270
1586890739551 0.2583638820072446 271
1586890744649 0.2570720625972084 272
1586890749452 0.25578670228422234 273
1586890752853 0.25450776877280124 274
1586890756202 0.2532352299289372 275
1586890759895 0.2519690537792925 276
1586890763989 0.2507092085103961 277
1586890768294 0.2494556624678441 278
1586890772228 0.24820838415550486 279
1586890775891 0.24696734223472733 280
1586890779347 0.2457325055235537 281
1586890784845 0.24450384299593592 282
1586890790648 0.24328132378095624 283
1586890795988 0.24206491716205145 284
1586890800256 0.2408545925762412 285
1586890804662 0.23965031961336 286
1586890809550 0.2384520680152932 287
1586890813635 0.23725980767521673 288
1586890817336 0.23607350863684065 289
1586890820941 0.23489314109365644 290
1586890824462 0.23371867538818816 291
1586890828161 0.23255008201124722 292
1586890832397 0.231387331601191 293
1586890838691 0.23023039494318503 294
1586890842521 0.2290792429684691 295
1586890846243 0.22793384675362674 296
1586890850377 0.22679417751985861 297
1586890853865 0.22566020663225933 298
1586890859970 0.22453190559909803 299
1586890866837 0.22340924607110255 300
1586890873046 0.22229219984074702 301
1586890877882 0.2211807388415433 302
1586890881951 0.22007483514733558 303
1586890885751 0.2189744609715989 304
1586890889287 0.2178795886667409 305
1586890892609 0.2167901907234072 306
1586890896543 0.21570623976979014 307
1586890902150 0.21462770857094118 308
1586890906630 0.21355457002808648 309
1586890911893 0.21248679717794605 310
1586890917477 0.21142436319205632 311
1586890920981 0.21036724137609603 312
1586890925023 0.20931540516921554 313
1586890928518 0.20826882814336947 314
1586890931917 0.20722748400265262 315
1586890935389 0.20619134658263935 316
1586890938641 0.20516038984972615 317
1586890942128 0.2041345879004775 318
1586890945396 0.2031139149609751 319
1586890949533 0.20209834538617025 320
1586890957371 0.2010878536592394 321
1586890961174 0.2000824143909432 322
1586890966273 0.19908200231898848 323
1586890970010 0.19808659230739353 324
1586890973621 0.19709615934585656 325
1586890977287 0.19611067854912728 326
1586890980841 0.19513012515638165 327
1586890984493 0.19415447453059972 328
1586890988049 0.19318370215794672 329
1586890991598 0.192217783647157 330
1586890995335 0.1912566947289212 331
1586890998894 0.1903004112552766 332
1586891002360 0.18934890919900021 333
1586891005843 0.18840216465300522 334
1586891009297 0.18746015382974018 335
1586891012767 0.1865228530605915 336
1586891016356 0.18559023879528855 337
1586891019742 0.1846622876013121 338
1586891023293 0.18373897616330553 339
1586891026801 0.182820281282489 340
1586891030267 0.18190617987607657 341
1586891033652 0.18099664897669618 342
1586891037193 0.1800916657318127 343
1586891040611 0.17919120740315364 344
1586891044129 0.17829525136613786 345
1586891047564 0.17740377510930716 346
1586891051009 0.17651675623376062 347
1586891054622 0.1756341724525918 348
1586891058141 0.17475600159032884 349
1586891061679 0.17388222158237718 350
1586891065178 0.1730128104744653 351
1586891068684 0.17214774642209296 352
1586891072123 0.1712870076899825 353
1586891075639 0.17043057265153258 354
1586891079109 0.16957841978827493 355
1586891082630 0.16873052768933355 356
1586891086116 0.1678868750508869 357
1586891089522 0.16704744067563246 358
1586891092961 0.1662122034722543 359
1586891096566 0.16538114245489302 360
1586891100011 0.16455423674261854 361
1586891103468 0.16373146555890544 362
1586891106935 0.16291280823111093 363
1586891110518 0.16209824418995536 364
1586891114044 0.16128775296900558 365
1586891117508 0.16048131420416054 366
1586891120930 0.15967890763313974 367
1586891124233 0.15888051309497406 368
1586891127653 0.1580861105294992 369
1586891131172 0.1572956799768517 370
1586891134559 0.15650920157696743 371
1586891137961 0.1557266555690826 372
1586891141365 0.1549480222912372 373
1586891144884 0.15417328217978102 374
1586891148306 0.1534024157688821 375
1586891151809 0.1526354036900377 376
1586891155228 0.1518722266715875 377
1586891158729 0.15111286553822956 378
1586891162204 0.15035730121053842 379
1586891165464 0.14960551470448571 380
1586891168889 0.14885748713096328 381
1586891172342 0.14811319969530845 382
1586891175786 0.1473726336968319 383
1586891179165 0.14663577052834775 384
1586891182569 0.14590259167570602 385
1586891186072 0.1451730787173275 386
1586891189543 0.14444721332374086 387
1586891192946 0.14372497725712216 388
1586891196487 0.14300635237083656 389
1586891199951 0.14229132060898236 390
1586891203406 0.14157986400593744 391
1586891206856 0.14087196468590776 392
1586891210277 0.14016760486247823 393
1586891213749 0.13946676683816583 394
1586891217355 0.138769433003975 395
1586891220789 0.13807558583895513 396
1586891224223 0.13738520790976036 397
1586891227758 0.13669828187021155 398
1586891231100 0.13601479046086049 399
1586891234717 0.1353347165085562 400
1586891238367 0.1346580429260134 401
1586891241688 0.13398475271138335 402
1586891245109 0.13331482894782642 403
1586891248528 0.13264825480308728 404
1586891251947 0.13198501352907185 405
1586891255333 0.1313250884614265 406
1586891258742 0.13066846301911936 407
1586891262174 0.13001512070402377 408
1586891265545 0.12936504510050365 409
1586891268898 0.12871821987500112 410
1586891272234 0.12807462877562611 411
1586891275620 0.12743425563174798 412
1586891279197 0.12679708435358925 413
1586891282582 0.1261630989318213 414
1586891285960 0.1255322834371622 415
1586891289402 0.12490462201997637 416
1586891292819 0.1242800989098765 417
1586891296661 0.12365869841532712 418
1586891300458 0.12304040492325048 419
1586891304294 0.12242520289863423 420
1586891307786 0.12181307688414106 421
1586891311184 0.12120401149972035 422
1586891314603 0.12059799144222175 423
1586891318056 0.11999500148501063 424
1586891321450 0.11939502647758558 425
1586891324831 0.11879805134519765 426
1586891328240 0.11820406108847166 427
1586891331722 0.1176130407830293 428
1586891335140 0.11702497557911415 429
1586891338559 0.11643985070121858 430
1586891342049 0.11585765144771248 431
1586891345530 0.11527836319047392 432
1586891348924 0.11470197137452155 433
1586891352420 0.11412846151764894 434
1586891355858 0.1135578192100607 435
1586891359429 0.11299003011401039 436
1586891362897 0.11242507996344034 437
1586891366235 0.11186295456362313 438
1586891369788 0.11130363979080501 439
1586891373296 0.11074712159185099 440
1586891376728 0.11019338598389174 441
1586891380275 0.10964241905397228 442
1586891383599 0.10909420695870241 443
1586891387054 0.1085487359239089 444
1586891390754 0.10800599224428936 445
1586891394637 0.10746596228306791 446
1586891398541 0.10692863247165257 447
1586891402065 0.1063939893092943 448
1586891405639 0.10586201936274783 449
1586891409515 0.10533270926593409 450
1586891413053 0.10480604571960442 451
1586891416526 0.1042820154910064 452
1586891420012 0.10376060541355137 453
1586891423472 0.1032418023864836 454
1586891426950 0.10272559337455119 455
1586891430407 0.10221196540767843 456
1586891433706 0.10170090558064004 457
1586891437176 0.10119240105273684 458
1586891440570 0.10068643904747315 459
1586891444014 0.10018300685223579 460
1586891447407 0.0996820918179746 461
1586891450891 0.09918368135888474 462
1586891454345 0.09868776295209031 463
1586891457853 0.09819432413732986 464
1586891461338 0.09770335251664321 465
1586891464792 0.09721483575406 466
1586891468273 0.09672876157528969 467
1586891471809 0.09624511776741324 468
1586891475197 0.09576389217857617 469
1586891478649 0.09528507271768329 470
1586891482140 0.09480864735409487 471
1586891485659 0.0943346041173244 472
1586891488993 0.09386293109673778 473
1586891492467 0.09339361644125409 474
1586891495847 0.09292664835904782 475
1586891499258 0.09246201511725258 476
1586891502639 0.09199970504166631 477
1586891505974 0.09153970651645797 478
1586891509435 0.09108200798387568 479
1586891513009 0.0906265979439563 480
1586891516593 0.09017346495423652 481
1586891520322 0.08972259762946533 482
1586891523732 0.089273984641318 483
1586891527260 0.0888276147181114 484
1586891530578 0.08838347664452084 485
1586891533884 0.08794155926129824 486
1586891537236 0.08750185146499175 487
1586891540603 0.08706434220766679 488
1586891543926 0.08662902049662846 489
1586891547264 0.08619587539414532 490
1586891550683 0.08576489601717459 491
1586891554070 0.08533607153708872 492
1586891557323 0.08490939117940327 493
1586891560944 0.08448484422350626 494
1586891564367 0.08406242000238873 495
1586891567899 0.08364210790237678 496
1586891571284 0.0832238973628649 497
1586891574571 0.08280777787605056 498
1586891577955 0.08239373898667031 499
1586891581294 0.08198177029173696 500
1586891584746 0.08157186144027828 501
1586891587948 0.0811640021330769 502
1586891591235 0.08075818212241151 503
1586891594640 0.08035439121179945 504
1586891598041 0.07995261925574046 505
1586891601367 0.07955285615946175 506
1586891605014 0.07915509187866444 507
1586891608518 0.07875931641927113 508
1586891611856 0.07836551983717477 509
1586891615198 0.07797369223798889 510
1586891618509 0.07758382377679894 511
1586891621883 0.07719590465791494 512
1586891625230 0.07680992513462537 513
1586891628601 0.07642587550895225 514
1586891632012 0.07604374613140748 515
1586891635227 0.07566352740075044 516
1586891638546 0.07528520976374668 517
1586891641900 0.07490878371492794 518
1586891645134 0.0745342397963533 519
1586891648456 0.07416156859737154 520
1586891651943 0.07379076075438468 521
1586891655212 0.07342180695061275 522
1586891658445 0.07305469791585968 523
1586891661634 0.07268942442628039 524
1586891664837 0.07232597730414898 525
1586891668059 0.07196434741762824 526
1586891671360 0.0716045256805401 527
1586891674617 0.0712465030521374 528
1586891677784 0.0708902705368767 529
1586891681005 0.07053581918419231 530
1586891684202 0.07018314008827135 531
1586891687390 0.06983222438783 532
1586891690604 0.06948306326589085 533
1586891693864 0.0691356479495614 534
1586891697133 0.06878996970981359 535
1586891700339 0.06844601986126451 536
1586891703477 0.06810378976195819 537
1586891706595 0.0677632708131484 538
1586891709799 0.06742445445908266 539
1586891713022 0.06708733218678724 540
1586891716254 0.0667518955258533 541
1586891719624 0.06641813604822402 542
1586891722663 0.0660860453679829 543
1586891725850 0.06575561514114299 544
1586891729021 0.06542683706543727 545
1586891732283 0.06509970288011008 546
1586891735502 0.06477420436570952 547
1586891738792 0.06445033334388098 548
1586891741976 0.06412808167716157 549
1586891745194 0.06380744126877576 550
1586891748351 0.06348840406243188 551
1586891751639 0.06317096204211972 552
1586891754891 0.06285510723190912 553
1586891758041 0.06254083169574957 554
1586891761316 0.062228127537270826 555
1586891764467 0.06191698689958447 556
1586891767719 0.061607401965086545 557
1586891770972 0.06129936495526111 558
1586891774139 0.0609928681304848 559
1586891777398 0.060687903789832374 560
1586891780578 0.06038446427088321 561
1586891783723 0.06008254194952879 562
1586891786854 0.05978212923978115 563
1586891790080 0.05948321859358224 564
1586891793160 0.05918580250061433 565
1586891796426 0.058889873488111255 566
1586891799818 0.058595424120670696 567
1586891803054 0.05830244700006734 568
1586891806323 0.058010934765067 569
1586891809578 0.05772088009124167 570
1586891812679 0.05743227569078546 571
1586891815950 0.05714511431233153 572
1586891819211 0.05685938874076987 573
1586891822473 0.056575091797066025 574
1586891825678 0.056292216338080694 575
1586891829035 0.05601075525639029 576
1586891832113 0.05573070148010834 577
1586891835217 0.0554520479727078 578
1586891838319 0.05517478773284426 579
1586891841559 0.05489891379418004 580
1586891844696 0.05462441922520914 581
1586891847795 0.0543512971290831 582
1586891851148 0.05407954064343768 583
1586891854269 0.05380914294022049 584
1586891858388 0.05354009722551939 585
1586891861896 0.05327239673939179 586
1586891865079 0.053006034755694834 587
1586891868283 0.052741004581916356 588
1586891871603 0.052477299559006776 589
1586891874825 0.052214913061211746 590
1586891878114 0.05195383849590569 591
1586891881214 0.05169406930342616 592
1586891884455 0.05143559895690903 593
1586891887701 0.051178420962124486 594
1586891890970 0.05092252885731386 595
1586891894141 0.05066791621302729 596
1586891897257 0.05041457663196215 597
1586891900645 0.050162503748802344 598
1586891903918 0.049911691230058335 599
1586891907122 0.04966213277390804 600
1586891910723 0.0494138221100385 601
1586891913960 0.04916675299948831 602
1586891917193 0.04892091923449087 603
1586891920202 0.04867631463831842 604
1586891923318 0.048432933065126825 605
1586891926657 0.048190768399801194 606
1586891930141 0.04794981455780219 607
1586891933680 0.04771006548501318 608
1586891937168 0.047471515157588115 609
1586891940327 0.047234157581800176 610
1586891943792 0.046997986793891174 611
1586891947276 0.04676299685992172 612
1586891950427 0.04652918187562211 613
1586891953579 0.046296535966244 614
1586891956853 0.046065053286412784 615
1586891960110 0.04583472801998072 616
1586891963305 0.045605554379880814 617
1586891966424 0.04537752660798141 618
1586891969628 0.0451506389749415 619
1586891972965 0.044924885780066794 620
1586891976153 0.04470026135116646 621
1586891979259 0.04447676004441063 622
1586891982472 0.04425437624418858 623
1586891985594 0.04403310436296763 624
1586891988945 0.043812938841152796 625
1586891992197 0.04359387414694703 626
1586891995475 0.043375904776212296 627
1586891998736 0.043159025252331236 628
1586892001977 0.04294323012606958 629
1586892005035 0.04272851397543923 630
1586892008145 0.04251487140556204 631
1586892011297 0.04230229704853423 632
1586892014492 0.04209078556329156 633
1586892017690 0.0418803316354751 634
1586892020961 0.041670929977297724 635
1586892024151 0.04146257532741124 636
1586892027350 0.04125526245077418 637
1586892030520 0.04104898613852031 638
1586892033646 0.04084374120782771 639
1586892036878 0.04063952250178857 640
1586892040098 0.04043632488927963 641
1586892043365 0.04023414326483323 642
1586892046670 0.040032972548509065 643
1586892049959 0.03983280768576652 644
1586892053073 0.03963364364733769 645
1586892056264 0.039435475429100995 646
1586892059563 0.03923829805195549 647
1586892062783 0.03904210656169572 648
1586892065972 0.03884689602888724 649
1586892069259 0.0386526615487428 650
1586892072510 0.03845939824099909 651
1586892075729 0.03826710124979409 652
1586892078952 0.038075765743545126 653
1586892082052 0.0378853869148274 654
1586892085205 0.03769595998025326 655
1586892088259 0.03750748018035199 656
1586892091493 0.037319942779450235 657
1586892094683 0.037133343065552986 658
1586892097834 0.03694767635022522 659
1586892101074 0.036762937968474095 660
1586892104272 0.03657912327863173 661
1586892107612 0.036396227662238566 662
1586892110850 0.03621424652392737 663
1586892113918 0.036033175291307735 664
1586892117157 0.03585300941485119 665
1586892120562 0.035673744367776934 666
1586892123826 0.03549537564593805 667
1586892126898 0.035317898767708356 668
1586892130234 0.03514130927386981 669
1586892133334 0.03496560272750046 670
1586892136555 0.03479077471386296 671
1586892139811 0.03461682084029365 672
1586892142886 0.034443736736092176 673
1586892146219 0.034271518052411715 674
1586892149586 0.034100160462149656 675
1586892152723 0.03392965965983891 676
1586892155890 0.033760011361539714 677
1586892159150 0.03359121130473201 678
1586892162432 0.033423255248208356 679
1586892165497 0.03325613897196732 680
1586892168737 0.03308985827710748 681
1586892171823 0.032924408985721944 682
1586892175057 0.03275978694079333 683
1586892178311 0.032595988006089364 684
1586892181565 0.032433008066058915 685
1586892184720 0.03227084302572862 686
1586892187823 0.032109488810599975 687
1586892190968 0.031948941366546975 688
1586892194212 0.03178919665971424 689
1586892197453 0.03163025067641567 690
1586892200616 0.03147209942303359 691
1586892203790 0.03131473892591842 692
1586892206872 0.031158165231288826 693
1586892210129 0.03100237440513238 694
1586892213248 0.030847362533106718 695
1586892216419 0.030693125720441184 696
1586892219621 0.030539660091838977 697
1586892222765 0.03038696179137978 698
1586892226067 0.030235026982422884 699
1586892229199 0.030083851847510768 700
1586892232632 0.029933432588273214 701
1586892235902 0.029783765425331846 702
1586892239122 0.029634846598205186 703
1586892242325 0.02948667236521416 704
1586892245512 0.029339239003388088 705
1586892248749 0.029192542808371146 706
1586892251982 0.02904658009432929 707
1586892254961 0.028901347193857643 708
1586892258230 0.028756840457888354 709
1586892261378 0.02861305625559891 710
1586892264615 0.028469990974320916 711
1586892267916 0.02832764101944931 712
1586892271150 0.028186002814352063 713
1586892274293 0.0280450728002803 714
1586892277425 0.0279048474362789 715
1586892280630 0.027765323199097504 716
1586892283865 0.027626496583102015 717
1586892287117 0.027488364100186506 718
1586892290321 0.027350922279685573 719
1586892293558 0.027214167668287145 720
1586892296735 0.02707809682994571 721
1586892300038 0.02694270634579598 722
1586892303316 0.026807992814067 723
1586892306550 0.026673952849996664 724
1586892309777 0.02654058308574668 725
1586892313070 0.026407880170317945 726
1586892316221 0.026275840769466357 727
1586892319449 0.026144461565619025 728
1586892322636 0.02601373925779093 729
1586892326012 0.025883670561501974 730
1586892329476 0.025754252208694463 731
1586892332646 0.02562548094765099 732
1586892335964 0.025497353542912736 733
1586892339234 0.02536986677519817 734
1586892342504 0.02524301744132218 735
1586892345674 0.025116802354115567 736
1586892349047 0.024991218342344988 737
1586892352019 0.024866262250633264 738
1586892355283 0.024741930939380097 739
1586892358471 0.024618221284683196 740
1586892361606 0.02449513017825978 741
1586892364828 0.02437265452736848 742
1586892368051 0.024250791254731636 743
1586892371384 0.024129537298457977 744
1586892374481 0.024008889611965685 745
1586892377618 0.023888845163905856 746
1586892380837 0.023769400938086327 747
1586892384013 0.023650553933395897 748
1586892387207 0.023532301163728918 749
1586892390470 0.023414639657910272 750
1586892393703 0.023297566459620722 751
1586892397011 0.023181078627322618 752
1586892400429 0.023065173234186005 753
1586892403586 0.022949847368015076 754
1586892406767 0.022835098131175 755
1586892410071 0.022720922640519125 756
1586892413205 0.02260731802731653 757
1586892416507 0.022494281437179946 758
1586892419945 0.022381810029994047 759
1586892423041 0.022269900979844076 760
1586892426165 0.022158551474944856 761
1586892429452 0.022047758717570132 762
1586892432577 0.021937519923982282 763
1586892435727 0.021827832324362372 764
1586892439033 0.02171869316274056 765
1586892442197 0.021610099696926857 766
1586892445503 0.021502049198442223 767
1586892448556 0.021394538952450012 768
1586892451841 0.02128756625768776 769
1586892455110 0.021181128426399323 770
1586892458320 0.021075222784267326 771
1586892461667 0.020969846670345987 772
1586892464840 0.020864997436994256 773
1586892468173 0.020760672449809284 774
1586892471393 0.020656869087560238 775
1586892474498 0.020553584742122436 776
1586892477669 0.020450816818411825 777
1586892480818 0.020348562734319765 778
1586892484050 0.020246819920648168 779
1586892487314 0.020145585821044927 780
1586892490548 0.020044857891939702 781
1586892493821 0.019944633602480003 782
1586892496963 0.019844910434467605 783
1586892500111 0.019745685882295267 784
1586892503481 0.01964695745288379 785
1586892506669 0.01954872266561937 786
1586892509921 0.019450979052291272 787
1586892512909 0.019353724157029815 788
1586892516161 0.019256955536244666 789
1586892519267 0.019160670758563442 790
1586892522285 0.019064867404770626 791
1586892525493 0.018969543067746772 792
1586892528808 0.018874695352408037 793
1586892531997 0.018780321875645996 794
1586892535099 0.018686420266267767 795
1586892538162 0.018592988164936427 796
1586892541505 0.018500023224111744 797
1586892544704 0.018407523107991184 798
1586892547848 0.01831548549245123 799
1586892551046 0.018223908064988973 800
1586892554648 0.018132788524664028 801
1586892557836 0.018042124582040707 802
1586892561039 0.017951913959130504 803
1586892564207 0.01786215438933485 804
1586892567393 0.017772843617388175 805
1586892570614 0.017683979399301233 806
1586892573855 0.017595559502304726 807
1586892577069 0.0175075817047932 808
1586892580061 0.017420043796269234 809
1586892583312 0.017332943577287888 810
1586892586447 0.01724627885940145 811
1586892589665 0.017160047465104442 812
1586892592802 0.01707424722777892 813
1586892596082 0.016988875991640028 814
1586892599414 0.016903931611681827 815
1586892602676 0.01681941195362342 816
1586892605917 0.016735314893855303 817
1586892609018 0.016651638319386028 818
1586892612239 0.0165683801277891 819
1586892615510 0.016485538227150154 820
1586892618806 0.0164031105360144 821
1586892622033 0.01632109498333433 822
1586892625301 0.016239489508417658 823
1586892628622 0.01615829206087557 824
1586892631823 0.01607750060057119 825
1586892634946 0.015997113097568336 826
1586892638145 0.015917127532080494 827
1586892641333 0.01583754189442009 828
1586892644570 0.01575835418494799 829
1586892647607 0.01567956241402325 830
1586892650841 0.015601164601953134 831
1586892654041 0.015523158778943369 832
1586892657264 0.015445542985048652 833
1586892660570 0.015368315270123408 834
1586892663587 0.01529147369377279 835
1586892666808 0.015215016325303928 836
1586892669978 0.015138941243677408 837
1586892673349 0.01506324653745902 838
1586892676685 0.014987930304771725 839
1586892680006 0.014912990653247866 840
1586892683224 0.014838425699981627 841
1586892686358 0.01476423357148172 842
1586892689661 0.014690412403624311 843
1586892692704 0.01461696034160619 844
1586892695818 0.014543875539898159 845
1586892698970 0.014471156162198668 846
1586892702069 0.014398800381387675 847
1586892705262 0.014326806379480736 848
1586892708538 0.014255172347583332 849
1586892711844 0.014183896485845416 850
1586892715103 0.014112977003416188 851
1586892718359 0.014042412118399107 852
1586892721649 0.013972200057807112 853
1586892724898 0.013902339057518077 854
1586892728167 0.013832827362230486 855
1586892731355 0.013763663225419333 856
1586892734511 0.013694844909292236 857
1586892737759 0.013626370684745774 858
1586892740913 0.013558238831322046 859
1586892744254 0.013490447637165436 860
1586892747459 0.013422995398979608 861
1586892750690 0.01335588042198471 862
1586892753842 0.013289101019874787 863
1586892757051 0.013222655514775413 864
1586892760178 0.013156542237201536 865
1586892763265 0.013090759526015528 866
1586892766321 0.01302530572838545 867
1586892769590 0.012960179199743523 868
1586892772827 0.012895378303744804 869
1586892775964 0.01283090141222608 870
1586892779151 0.012766746905164949 871
1586892782468 0.012702913170639124 872
1586892785571 0.012639398604785928 873
1586892788756 0.012576201611761997 874
1586892791861 0.012513320603703188 875
1586892795071 0.012450754000684672 876
1586892798351 0.012388500230681249 877
1586892801604 0.012326557729527843 878
1586892804728 0.012264924940880204 879
1586892807909 0.012203600316175803 880
1586892811196 0.012142582314594924 881
1586892814283 0.01208186940302195 882
1586892817437 0.01202146005600684 883
1586892820640 0.011961352755726806 884
1586892823910 0.01190154599194817 885
1586892827181 0.01184203826198843 886
1586892830334 0.011782828070678488 887
1586892833740 0.011723913930325095 888
1586892837874 0.01166529436067347 889
1586892841176 0.011606967888870102 890
1586892844298 0.01154893304942575 891
1586892847431 0.011491188384178622 892
1586892850704 0.011433732442257729 893
1586892853857 0.01137656378004644 894
1586892857067 0.011319680961146208 895
1586892860297 0.011263082556340478 896
1586892863529 0.011206767143558775 897
1586892866881 0.011150733307840981 898
1586892870239 0.011094979641301777 899
1586892873342 0.011039504743095268 900
1586892876759 0.01098430721937979 901
1586892880056 0.010929385683282892 902
1586892883116 0.010874738754866477 903
1586892886368 0.010820365061092144 904
1586892889374 0.010766263235786683 905
1586892892658 0.01071243191960775 906
1586892895996 0.010658869760009713 907
1586892899300 0.010605575411209664 908
1586892902614 0.010552547534153616 909
1586892905707 0.010499784796482848 910
1586892908809 0.010447285872500434 911
1586892912024 0.01039504944313793 912
1586892915165 0.010343074195922241 913
1586892918416 0.01029135882494263 914
1586892921574 0.010239902030817916 915
1586892924814 0.010188702520663827 916
1586892927893 0.010137759008060509 917
1586892931096 0.010087070213020206 918
1586892934297 0.010036634861955105 919
1586892937419 0.01 920
1586892940721 0.01 921
1586892943706 0.01 922
1586892946875 0.01 923
1586892950083 0.01 924
1586892953249 0.01 925
1586892956452 0.01 926
1586892959737 0.01 927
1586892962910 0.01 928
1586892966238 0.01 929
1586892969440 0.01 930
1586892972506 0.01 931
1586892975661 0.01 932
1586892978865 0.01 933
1586892982103 0.01 934
1586892985447 0.01 935
1586892988619 0.01 936
1586892991971 0.01 937
1586892995189 0.01 938
1586892998576 0.01 939
1586893001815 0.01 940
1586893005000 0.01 941
1586893008183 0.01 942
1586893011346 0.01 943
1586893014368 0.01 944
1586893017495 0.01 945
1586893020931 0.01 946
1586893024109 0.01 947
1586893027302 0.01 948
1586893030745 0.01 949
1586893033950 0.01 950
1586893037214 0.01 951
1586893040519 0.01 952
1586893043570 0.01 953
1586893046838 0.01 954
1586893050011 0.01 955
1586893053263 0.01 956
1586893056394 0.01 957
1586893059640 0.01 958
1586893062788 0.01 959
1586893065925 0.01 960
1586893069125 0.01 961
1586893072329 0.01 962
1586893075464 0.01 963
1586893078616 0.01 964
1586893081993 0.01 965
1586893085143 0.01 966
1586893088347 0.01 967
1586893091550 0.01 968
1586893094771 0.01 969
1586893098079 0.01 970
1586893101242 0.01 971
1586893104311 0.01 972
1586893107850 0.01 973
1586893111654 0.01 974
1586893115260 0.01 975
1586893118673 0.01 976
1586893121927 0.01 977
1586893125168 0.01 978
1586893128316 0.01 979
1586893131487 0.01 980
1586893134692 0.01 981
1586893137933 0.01 982
1586893141129 0.01 983
1586893144248 0.01 984
1586893147320 0.01 985
1586893150655 0.01 986
1586893153741 0.01 987
1586893156814 0.01 988
1586893160131 0.01 989
1586893163353 0.01 990
1586893166471 0.01 991
1586893169642 0.01 992
1586893172843 0.01 993
1586893176032 0.01 994
1586893179249 0.01 995
1586893182407 0.01 996
1586893185463 0.01 997
1586893188712 0.01 998
1586893192107 0.01 999
1586893195373 0.01 1000
1586893198802 0.01 1001
1586893202004 0.01 1002
1586893205207 0.01 1003
1586893208414 0.01 1004
1586893211665 0.01 1005
1586893214819 0.01 1006
1586893217904 0.01 1007
1586893221076 0.01 1008
1586893224294 0.01 1009
1586893227415 0.01 1010
1586893230722 0.01 1011
1586893234003 0.01 1012
1586893237202 0.01 1013
1586893240442 0.01 1014
1586893243901 0.01 1015
1586893247389 0.01 1016
1586893250853 0.01 1017
1586893253923 0.01 1018
1586893257174 0.01 1019
1586893260326 0.01 1020
1586893263364 0.01 1021
1586893266451 0.01 1022
1586893269605 0.01 1023
1586893272822 0.01 1024
1586893275859 0.01 1025
1586893278997 0.01 1026
1586893282119 0.01 1027
1586893285437 0.01 1028
1586893288657 0.01 1029
1586893291667 0.01 1030
1586893295055 0.01 1031
1586893298281 0.01 1032
1586893301500 0.01 1033
1586893304538 0.01 1034
1586893307706 0.01 1035
1586893310912 0.01 1036
1586893313982 0.01 1037
1586893317175 0.01 1038
1586893320490 0.01 1039
1586893323596 0.01 1040
1586893326757 0.01 1041
1586893330048 0.01 1042
1586893333216 0.01 1043
1586893336250 0.01 1044
1586893339468 0.01 1045
1586893342643 0.01 1046
1586893345927 0.01 1047
1586893349093 0.01 1048
1586893352232 0.01 1049
1586893355396 0.01 1050
1586893358574 0.01 1051
1586893361961 0.01 1052
1586893365265 0.01 1053
1586893368818 0.01 1054
1586893371968 0.01 1055
1586893375244 0.01 1056
1586893378406 0.01 1057
1586893381697 0.01 1058
1586893385033 0.01 1059
1586893388167 0.01 1060
1586893391337 0.01 1061
1586893394604 0.01 1062
1586893397733 0.01 1063
1586893400895 0.01 1064
1586893404130 0.01 1065
1586893407334 0.01 1066
1586893410507 0.01 1067
1586893413792 0.01 1068
1586893417063 0.01 1069
1586893420247 0.01 1070
1586893423601 0.01 1071
1586893426923 0.01 1072
1586893430042 0.01 1073
1586893433099 0.01 1074
1586893436224 0.01 1075
1586893439436 0.01 1076
1586893442535 0.01 1077
1586893445772 0.01 1078
1586893449041 0.01 1079
1586893452145 0.01 1080
1586893455418 0.01 1081
1586893458589 0.01 1082
1586893461740 0.01 1083
1586893464960 0.01 1084
1586893468112 0.01 1085
1586893471260 0.01 1086
1586893474351 0.01 1087
1586893477369 0.01 1088
1586893480591 0.01 1089
1586893483633 0.01 1090
1586893486886 0.01 1091
1586893490084 0.01 1092
1586893493302 0.01 1093
1586893496610 0.01 1094
1586893499793 0.01 1095
1586893502964 0.01 1096
1586893506232 0.01 1097
1586893509500 0.01 1098
1586893512611 0.01 1099
1586893515672 0.01 1100
1586893519093 0.01 1101
1586893522282 0.01 1102
1586893525552 0.01 1103
1586893528623 0.01 1104
1586893531939 0.01 1105
1586893535178 0.01 1106
1586893538347 0.01 1107
1586893541481 0.01 1108
1586893544669 0.01 1109
1586893547808 0.01 1110
1586893551126 0.01 1111
1586893554344 0.01 1112
1586893557600 0.01 1113
1586893560756 0.01 1114
1586893563925 0.01 1115
1586893567131 0.01 1116
1586893570399 0.01 1117
1586893573468 0.01 1118
1586893576572 0.01 1119
1586893579692 0.01 1120
1586893582717 0.01 1121
1586893585831 0.01 1122
1586893588985 0.01 1123
1586893592188 0.01 1124
1586893595423 0.01 1125
1586893598517 0.01 1126
1586893601885 0.01 1127
1586893605069 0.01 1128
1586893608122 0.01 1129
1586893611338 0.01 1130
1586893614649 0.01 1131
1586893617978 0.01 1132
1586893621316 0.01 1133
1586893624635 0.01 1134
1586893627787 0.01 1135
1586893630977 0.01 1136
1586893634143 0.01 1137
1586893637351 0.01 1138
1586893640639 0.01 1139
1586893643739 0.01 1140
1586893646989 0.01 1141
1586893650243 0.01 1142
1586893653381 0.01 1143
1586893656668 0.01 1144
1586893659868 0.01 1145
1586893662903 0.01 1146
1586893666104 0.01 1147
1586893669274 0.01 1148
1586893672567 0.01 1149
1586893675867 0.01 1150
1586893679006 0.01 1151
1586893682425 0.01 1152
1586893685627 0.01 1153
1586893688780 0.01 1154
1586893691998 0.01 1155
1586893694991 0.01 1156
1586893698208 0.01 1157
1586893701478 0.01 1158
1586893704761 0.01 1159
1586893707891 0.01 1160
1586893711108 0.01 1161
1586893714342 0.01 1162
1586893717445 0.01 1163
1586893723727 0.01 1164
1586893727031 0.01 1165
1586893730168 0.01 1166
1586893733388 0.01 1167
1586893736608 0.01 1168
1586893740061 0.01 1169
1586893743480 0.01 1170
1586893746736 0.01 1171
1586893750721 0.01 1172
1586893756819 0.01 1173
1586893767363 0.01 1174
1586893776403 0.01 1175
1586893780374 0.01 1176
1586893784307 0.01 1177
1586893788231 0.01 1178
1586893792144 0.01 1179
1586893795812 0.01 1180
1586893799704 0.01 1181
1586893803223 0.01 1182
1586893806745 0.01 1183
1586893810307 0.01 1184
1586893813877 0.01 1185
1586893818083 0.01 1186
1586893822187 0.01 1187
1586893831707 0.01 1188
1586893835625 0.01 1189
1586893839247 0.01 1190
1586893843267 0.01 1191
1586893847236 0.01 1192
1586893854977 0.01 1193
1586893863363 0.01 1194
1586893867248 0.01 1195
1586893873154 0.01 1196
1586893879560 0.01 1197
1586893884762 0.01 1198
1586893888887 0.01 1199
1586893893521 0.01 1200
1586893897561 0.01 1201
1586893901365 0.01 1202
1586893905288 0.01 1203
1586893909123 0.01 1204
1586893912723 0.01 1205
1586893916311 0.01 1206
1586893919933 0.01 1207
1586893923485 0.01 1208
1586893926954 0.01 1209
1586893930583 0.01 1210
1586893934102 0.01 1211
1586893937601 0.01 1212
1586893941233 0.01 1213
1586893944791 0.01 1214
1586893948278 0.01 1215
1586893951910 0.01 1216
1586893955561 0.01 1217
1586893959131 0.01 1218
1586893962937 0.01 1219
1586893967370 0.01 1220
1586893971677 0.01 1221
1586893979184 0.01 1222
1586893983713 0.01 1223
1586893987250 0.01 1224
1586893990490 0.01 1225
1586893993671 0.01 1226
1586893997056 0.01 1227
1586894000159 0.01 1228
1586894003383 0.01 1229
1586894006633 0.01 1230
1586894009943 0.01 1231
1586894013225 0.01 1232
1586894016342 0.01 1233
1586894019380 0.01 1234
1586894022566 0.01 1235
1586894026336 0.01 1236
1586894030265 0.01 1237
1586894035928 0.01 1238
1586894044771 0.01 1239
1586894053479 0.01 1240
1586894062472 0.01 1241
1586894073593 0.01 1242
1586894080642 0.01 1243
1586894085360 0.01 1244
1586894088957 0.01 1245
1586894093826 0.01 1246
1586894098324 0.01 1247
1586894103898 0.01 1248
1586894107898 0.01 1249
1586894112437 0.01 1250
1586894116933 0.01 1251
1586894121639 0.01 1252
1586894126110 0.01 1253
1586894134030 0.01 1254
1586894141914 0.01 1255
1586894150326 0.01 1256
1586894158283 0.01 1257
1586894165846 0.01 1258
1586894173568 0.01 1259
1586894181425 0.01 1260
1586894189997 0.01 1261
1586894198687 0.01 1262
1586894207807 0.01 1263
1586894215470 0.01 1264
1586894223171 0.01 1265
1586894230461 0.01 1266
1586894238487 0.01 1267
1586894246662 0.01 1268
1586894254363 0.01 1269
1586894262322 0.01 1270
1586894272183 0.01 1271
1586894284862 0.01 1272
1586894294671 0.01 1273
1586894303652 0.01 1274
1586894312874 0.01 1275
1586894321053 0.01 1276
1586894328459 0.01 1277
1586894336937 0.01 1278
1586894345674 0.01 1279
1586894353963 0.01 1280
1586894362232 0.01 1281
1586894371315 0.01 1282
1586894379259 0.01 1283
1586894386293 0.01 1284
1586894393547 0.01 1285
1586894401709 0.01 1286
1586894409141 0.01 1287
1586894416869 0.01 1288
1586894424046 0.01 1289
1586894431436 0.01 1290
1586894439324 0.01 1291
1586894447088 0.01 1292
1586894455055 0.01 1293
1586894463359 0.01 1294
1586894471058 0.01 1295
1586894479175 0.01 1296
1586894487080 0.01 1297
1586894496112 0.01 1298
1586894504273 0.01 1299
1586894511849 0.01 1300
1586894520929 0.01 1301
1586894528769 0.01 1302
1586894537317 0.01 1303
1586894545072 0.01 1304
1586894552769 0.01 1305
1586894560384 0.01 1306
1586894568091 0.01 1307
1586894576576 0.01 1308
1586894586422 0.01 1309
1586894598578 0.01 1310
1586894609053 0.01 1311
1586894619176 0.01 1312
1586894626736 0.01 1313
1586894633864 0.01 1314
1586894642429 0.01 1315
1586894649989 0.01 1316
1586894658578 0.01 1317
1586894667117 0.01 1318
1586894675620 0.01 1319
1586894683303 0.01 1320
1586894691925 0.01 1321
1586894702013 0.01 1322
1586894710161 0.01 1323
1586894717690 0.01 1324
1586894726003 0.01 1325
1586894733941 0.01 1326
1586894742825 0.01 1327
1586894751410 0.01 1328
1586894758430 0.01 1329
1586894764634 0.01 1330
1586894770773 0.01 1331
1586894774800 0.01 1332
1586894778890 0.01 1333
1586894783764 0.01 1334
1586894788171 0.01 1335
1586894794074 0.01 1336
1586894800546 0.01 1337
1586894806229 0.01 1338
1586894810683 0.01 1339
1586894815556 0.01 1340
1586894820560 0.01 1341
1586894824624 0.01 1342
1586894828169 0.01 1343
1586894832422 0.01 1344
1586894836414 0.01 1345
1586894841030 0.01 1346
1586894848131 0.01 1347
1586894857241 0.01 1348
1586894865715 0.01 1349
1586894873635 0.01 1350
1586894882337 0.01 1351
1586894888563 0.01 1352
1586894894302 0.01 1353
1586894902332 0.01 1354
1586894906431 0.01 1355
1586894910113 0.01 1356
1586894913757 0.01 1357
1586894917274 0.01 1358
1586894921114 0.01 1359
1586894925440 0.01 1360
1586894930081 0.01 1361
1586894933981 0.01 1362
1586894937541 0.01 1363
1586894941083 0.01 1364
1586894944704 0.01 1365
1586894948465 0.01 1366
1586894952420 0.01 1367
1586894955939 0.01 1368
1586894959027 0.01 1369
1586894962210 0.01 1370
1586894965598 0.01 1371
1586894969019 0.01 1372
1586894980861 0.01 1373
1586894993296 0.01 1374
1586894998783 0.01 1375
1586895002068 0.01 1376
1586895006890 0.01 1377
1586895010305 0.01 1378
1586895014682 0.01 1379
1586895019428 0.01 1380
1586895023526 0.01 1381
1586895027608 0.01 1382
1586895031944 0.01 1383
1586895035939 0.01 1384
1586895039778 0.01 1385
1586895043595 0.01 1386
1586895047451 0.01 1387
1586895051589 0.01 1388
1586895055523 0.01 1389
1586895059645 0.01 1390
1586895063814 0.01 1391
1586895067752 0.01 1392
1586895072187 0.01 1393
1586895076646 0.01 1394
1586895081140 0.01 1395
1586895085399 0.01 1396
1586895089246 0.01 1397
1586895093187 0.01 1398
1586895097195 0.01 1399
1586895101112 0.01 1400
1586895105395 0.01 1401
1586895109362 0.01 1402
1586895113300 0.01 1403
1586895117202 0.01 1404
1586895121178 0.01 1405
1586895125042 0.01 1406
1586895128984 0.01 1407
1586895132906 0.01 1408
1586895136697 0.01 1409
1586895140647 0.01 1410
1586895144738 0.01 1411
1586895148581 0.01 1412
1586895152455 0.01 1413
1586895156306 0.01 1414
1586895160200 0.01 1415
1586895164281 0.01 1416
1586895168793 0.01 1417
1586895174314 0.01 1418
1586895179833 0.01 1419
1586895184738 0.01 1420
1586895188776 0.01 1421
1586895193030 0.01 1422
1586895197214 0.01 1423
1586895201114 0.01 1424
1586895204894 0.01 1425
1586895208591 0.01 1426
1586895212466 0.01 1427
1586895216112 0.01 1428
1586895219853 0.01 1429
1586895223544 0.01 1430
1586895227272 0.01 1431
1586895231167 0.01 1432
1586895234950 0.01 1433
1586895239446 0.01 1434
1586895244334 0.01 1435
1586895248487 0.01 1436
1586895252538 0.01 1437
1586895256568 0.01 1438
1586895260950 0.01 1439
1586895265266 0.01 1440
1586895269122 0.01 1441
1586895273120 0.01 1442
1586895276909 0.01 1443
1586895280627 0.01 1444
1586895284221 0.01 1445
1586895288037 0.01 1446
1586895291743 0.01 1447
1586895295391 0.01 1448
1586895299202 0.01 1449
1586895302922 0.01 1450
1586895306613 0.01 1451
1586895310369 0.01 1452
1586895314057 0.01 1453
1586895317826 0.01 1454
1586895321580 0.01 1455
1586895325283 0.01 1456
1586895328902 0.01 1457
1586895332712 0.01 1458
1586895336446 0.01 1459
1586895340158 0.01 1460
1586895343987 0.01 1461
1586895347776 0.01 1462
1586895351541 0.01 1463
1586895355195 0.01 1464
1586895359020 0.01 1465
1586895362799 0.01 1466
1586895366622 0.01 1467
1586895370269 0.01 1468
1586895374105 0.01 1469
1586895377873 0.01 1470
1586895381615 0.01 1471
1586895385365 0.01 1472
1586895389101 0.01 1473
1586895392971 0.01 1474
1586895396781 0.01 1475
1586895400530 0.01 1476
1586895404751 0.01 1477
1586895408443 0.01 1478
1586895412273 0.01 1479
1586895416197 0.01 1480
1586895420066 0.01 1481
1586895423766 0.01 1482
1586895427554 0.01 1483
1586895431285 0.01 1484
1586895434974 0.01 1485
1586895438708 0.01 1486
1586895442479 0.01 1487
1586895446234 0.01 1488
1586895450003 0.01 1489
1586895453639 0.01 1490
1586895457480 0.01 1491
1586895461173 0.01 1492
1586895464982 0.01 1493
1586895468735 0.01 1494
1586895472458 0.01 1495
1586895476080 0.01 1496
1586895479795 0.01 1497
1586895483517 0.01 1498
1586895487352 0.01 1499
1586895491070 0.01 1500
1586895495753 0.01 1501
1586895499859 0.01 1502
1586895504047 0.01 1503
1586895507916 0.01 1504
1586895511842 0.01 1505
1586895515997 0.01 1506
1586895520212 0.01 1507
1586895524099 0.01 1508
1586895527904 0.01 1509
1586895531755 0.01 1510
1586895535471 0.01 1511
1586895539268 0.01 1512
1586895543083 0.01 1513
1586895546846 0.01 1514
1586895550529 0.01 1515
1586895554240 0.01 1516
1586895557989 0.01 1517
1586895561808 0.01 1518
1586895565728 0.01 1519
1586895569482 0.01 1520
1586895573318 0.01 1521
1586895577164 0.01 1522
1586895580907 0.01 1523
1586895584600 0.01 1524
1586895588469 0.01 1525
1586895592255 0.01 1526
1586895595941 0.01 1527
1586895599842 0.01 1528
1586895603567 0.01 1529
1586895607367 0.01 1530
1586895611271 0.01 1531
1586895614973 0.01 1532
1586895618679 0.01 1533
1586895622523 0.01 1534
1586895626226 0.01 1535
1586895630082 0.01 1536
1586895633636 0.01 1537
1586895637511 0.01 1538
1586895641278 0.01 1539
1586895644943 0.01 1540
1586895648657 0.01 1541
1586895652489 0.01 1542
1586895656185 0.01 1543
1586895660078 0.01 1544
1586895663832 0.01 1545
1586895667603 0.01 1546
1586895671402 0.01 1547
1586895675008 0.01 1548
1586895678763 0.01 1549
1586895682608 0.01 1550
1586895686330 0.01 1551
1586895690070 0.01 1552
1586895693908 0.01 1553
1586895697659 0.01 1554
1586895701362 0.01 1555
1586895705067 0.01 1556
1586895708753 0.01 1557
1586895712428 0.01 1558
1586895716196 0.01 1559
1586895719980 0.01 1560
1586895723743 0.01 1561
1586895727504 0.01 1562
1586895731246 0.01 1563
1586895735062 0.01 1564
1586895738863 0.01 1565
1586895742635 0.01 1566
1586895746366 0.01 1567
1586895750286 0.01 1568
1586895754037 0.01 1569
1586895757757 0.01 1570
1586895761433 0.01 1571
1586895765065 0.01 1572
1586895768835 0.01 1573
1586895772555 0.01 1574
1586895776185 0.01 1575
1586895780184 0.01 1576
1586895783952 0.01 1577
1586895787711 0.01 1578
1586895791472 0.01 1579
1586895795210 0.01 1580
1586895798797 0.01 1581
1586895802651 0.01 1582
1586895806369 0.01 1583
1586895810151 0.01 1584
1586895813921 0.01 1585
1586895817675 0.01 1586
1586895821461 0.01 1587
1586895825048 0.01 1588
1586895828750 0.01 1589
1586895832571 0.01 1590
1586895836326 0.01 1591
1586895840129 0.01 1592
1586895843799 0.01 1593
1586895847532 0.01 1594
1586895851274 0.01 1595
1586895854905 0.01 1596
1586895858613 0.01 1597
1586895862555 0.01 1598
1586895866411 0.01 1599
1586895870236 0.01 1600
1586895875869 0.01 1601
1586895879690 0.01 1602
1586895883345 0.01 1603
1586895886999 0.01 1604
1586895890801 0.01 1605
1586895894575 0.01 1606
1586895898263 0.01 1607
1586895902099 0.01 1608
1586895905880 0.01 1609
1586895910173 0.01 1610
1586895914573 0.01 1611
1586895926814 0.01 1612
1586895931480 0.01 1613
1586895935326 0.01 1614
1586895939739 0.01 1615
1586895943857 0.01 1616
1586895952758 0.01 1617
1586895956808 0.01 1618
1586895960460 0.01 1619
1586895964095 0.01 1620
1586895967382 0.01 1621
1586895970635 0.01 1622
1586895973987 0.01 1623
1586895977192 0.01 1624
1586895980546 0.01 1625
1586895983977 0.01 1626
1586895987470 0.01 1627
1586895990902 0.01 1628
1586895994162 0.01 1629
1586895997544 0.01 1630
1586896000965 0.01 1631
1586896004614 0.01 1632
1586896008043 0.01 1633
1586896011239 0.01 1634
1586896014409 0.01 1635
1586896017827 0.01 1636
1586896021382 0.01 1637
1586896024668 0.01 1638
1586896028297 0.01 1639
1586896032223 0.01 1640
1586896035859 0.01 1641
1586896039683 0.01 1642
1586896043657 0.01 1643
1586896048391 0.01 1644
1586896052269 0.01 1645
1586896056043 0.01 1646
1586896059709 0.01 1647
1586896064023 0.01 1648
1586896068233 0.01 1649
1586896073424 0.01 1650
1586896077358 0.01 1651
1586896081451 0.01 1652
1586896085382 0.01 1653
1586896089619 0.01 1654
1586896093274 0.01 1655
1586896096792 0.01 1656
1586896100428 0.01 1657
1586896103829 0.01 1658
1586896106967 0.01 1659
1586896110320 0.01 1660
1586896113654 0.01 1661
1586896116781 0.01 1662
1586896119977 0.01 1663
1586896123304 0.01 1664
1586896126401 0.01 1665
1586896129673 0.01 1666
1586896133009 0.01 1667
1586896136345 0.01 1668
1586896139581 0.01 1669
1586896142851 0.01 1670
1586896145971 0.01 1671
1586896149227 0.01 1672
1586896152645 0.01 1673
1586896155928 0.01 1674
1586896159152 0.01 1675
1586896162594 0.01 1676
1586896165973 0.01 1677
1586896169180 0.01 1678
1586896172635 0.01 1679
1586896175920 0.01 1680
1586896179984 0.01 1681
1586896183307 0.01 1682
1586896186627 0.01 1683
1586896190246 0.01 1684
1586896194148 0.01 1685
1586896197717 0.01 1686
1586896201405 0.01 1687
1586896206207 0.01 1688
1586896209879 0.01 1689
1586896213449 0.01 1690
1586896216872 0.01 1691
1586896220454 0.01 1692
1586896223858 0.01 1693
1586896227094 0.01 1694
1586896230350 0.01 1695
1586896234566 0.01 1696
1586896239983 0.01 1697
1586896243573 0.01 1698
1586896247280 0.01 1699
1586896250592 0.01 1700
1586896253998 0.01 1701
1586896257334 0.01 1702
1586896260822 0.01 1703
1586896264122 0.01 1704
1586896267375 0.01 1705
1586896270731 0.01 1706
1586896273884 0.01 1707
1586896277320 0.01 1708
1586896280862 0.01 1709
1586896284228 0.01 1710
1586896287396 0.01 1711
1586896290599 0.01 1712
1586896293816 0.01 1713
1586896296996 0.01 1714
1586896300609 0.01 1715
1586896304224 0.01 1716
1586896309548 0.01 1717
1586896314868 0.01 1718
1586896318804 0.01 1719
1586896322440 0.01 1720
1586896326613 0.01 1721
1586896330338 0.01 1722
1586896334086 0.01 1723
1586896337539 0.01 1724
1586896341032 0.01 1725
1586896344456 0.01 1726
1586896348483 0.01 1727
1586896351871 0.01 1728
1586896359163 0.01 1729
1586896363108 0.01 1730
1586896369143 0.01 1731
1586896374809 0.01 1732
1586896379228 0.01 1733
1586896383050 0.01 1734
1586896387103 0.01 1735
1586896394025 0.01 1736
1586896399407 0.01 1737
1586896404821 0.01 1738
1586896409527 0.01 1739
1586896414586 0.01 1740
1586896418297 0.01 1741
1586896422599 0.01 1742
1586896429610 0.01 1743
1586896435364 0.01 1744
1586896439647 0.01 1745
1586896444723 0.01 1746
1586896450157 0.01 1747
1586896453972 0.01 1748
1586896457398 0.01 1749
1586896461071 0.01 1750
1586896466187 0.01 1751
1586896470642 0.01 1752
1586896477093 0.01 1753
1586896481784 0.01 1754
1586896487789 0.01 1755
1586896493062 0.01 1756
1586896497477 0.01 1757
1586896501629 0.01 1758
1586896505298 0.01 1759
1586896508685 0.01 1760
1586896512372 0.01 1761
1586896516306 0.01 1762
1586896520028 0.01 1763
1586896524362 0.01 1764
1586896527900 0.01 1765
1586896531524 0.01 1766
1586896535305 0.01 1767
1586896539942 0.01 1768
1586896548197 0.01 1769
1586896552835 0.01 1770
1586896557500 0.01 1771
1586896561409 0.01 1772
1586896565884 0.01 1773
1586896569593 0.01 1774
1586896573184 0.01 1775
1586896576851 0.01 1776
1586896580809 0.01 1777
1586896585359 0.01 1778
1586896590111 0.01 1779
1586896594652 0.01 1780
1586896599236 0.01 1781
1586896603707 0.01 1782
1586896607609 0.01 1783
1586896611841 0.01 1784
1586896615810 0.01 1785
1586896619697 0.01 1786
1586896623401 0.01 1787
1586896627188 0.01 1788
1586896631107 0.01 1789
1586896634945 0.01 1790
1586896638717 0.01 1791
1586896642990 0.01 1792
1586896648002 0.01 1793
1586896653112 0.01 1794
1586896658772 0.01 1795
1586896663898 0.01 1796
1586896669673 0.01 1797
1586896677000 0.01 1798
1586896684689 0.01 1799
1586896689586 0.01 1800
1586896697444 0.01 1801
1586896702406 0.01 1802
1586896709585 0.01 1803
1586896718197 0.01 1804
1586896724401 0.01 1805
1586896729885 0.01 1806
1586896735901 0.01 1807
1586896743367 0.01 1808
1586896753396 0.01 1809
1586896761421 0.01 1810
1586896767820 0.01 1811
1586896773821 0.01 1812
1586896779900 0.01 1813
1586896784862 0.01 1814
1586896789905 0.01 1815
1586896795560 0.01 1816
1586896801130 0.01 1817
1586896806401 0.01 1818
1586896812521 0.01 1819
1586896819093 0.01 1820
1586896826921 0.01 1821
1586896833519 0.01 1822
1586896839546 0.01 1823
1586896846353 0.01 1824
1586896852516 0.01 1825
1586896857684 0.01 1826
1586896866139 0.01 1827
1586896874799 0.01 1828
1586896882250 0.01 1829
1586896887891 0.01 1830
1586896895771 0.01 1831
1586896901337 0.01 1832
1586896908964 0.01 1833
1586896914717 0.01 1834
1586896921656 0.01 1835
1586896927356 0.01 1836
1586896932652 0.01 1837
1586896937703 0.01 1838
1586896943109 0.01 1839
1586896948326 0.01 1840
1586896954115 0.01 1841
1586896959528 0.01 1842
1586896965062 0.01 1843
1586896971833 0.01 1844
1586896978519 0.01 1845
1586896986330 0.01 1846
1586896991718 0.01 1847
1586896997229 0.01 1848
1586897002377 0.01 1849
1586897007628 0.01 1850
1586897012936 0.01 1851
1586897019750 0.01 1852
1586897026100 0.01 1853
1586897032401 0.01 1854
1586897038054 0.01 1855
1586897043912 0.01 1856
1586897049350 0.01 1857
1586897054567 0.01 1858
1586897060004 0.01 1859
1586897066398 0.01 1860
1586897071990 0.01 1861
1586897078116 0.01 1862
1586897082829 0.01 1863
1586897089434 0.01 1864
1586897094680 0.01 1865
1586897100357 0.01 1866
1586897105722 0.01 1867
1586897111225 0.01 1868
1586897116057 0.01 1869
1586897121007 0.01 1870
1586897125644 0.01 1871
1586897130712 0.01 1872
1586897135158 0.01 1873
1586897139565 0.01 1874
1586897144055 0.01 1875
1586897148574 0.01 1876
1586897153819 0.01 1877
1586897158878 0.01 1878
1586897163085 0.01 1879
1586897167652 0.01 1880
1586897172217 0.01 1881
1586897177570 0.01 1882
1586897182620 0.01 1883
1586897187325 0.01 1884
1586897191744 0.01 1885
1586897195832 0.01 1886
1586897200058 0.01 1887
1586897205115 0.01 1888
1586897209176 0.01 1889
1586897213379 0.01 1890
1586897217584 0.01 1891
1586897222004 0.01 1892
1586897226425 0.01 1893
1586897230813 0.01 1894
1586897235197 0.01 1895
1586897239598 0.01 1896
1586897243880 0.01 1897
1586897248025 0.01 1898
1586897252309 0.01 1899
1586897256370 0.01 1900
1586897261961 0.01 1901
1586897266349 0.01 1902
1586897270639 0.01 1903
1586897274803 0.01 1904
1586897279151 0.01 1905
1586897283564 0.01 1906
1586897287918 0.01 1907
1586897292104 0.01 1908
1586897296393 0.01 1909
1586897300731 0.01 1910
1586897304869 0.01 1911
1586897309128 0.01 1912
1586897313493 0.01 1913
1586897317638 0.01 1914
1586897321746 0.01 1915
1586897325972 0.01 1916
1586897329912 0.01 1917
1586897334082 0.01 1918
1586897338568 0.01 1919
1586897343174 0.01 1920
1586897347728 0.01 1921
1586897352346 0.01 1922
1586897356783 0.01 1923
1586897360905 0.01 1924
1586897365238 0.01 1925
1586897369398 0.01 1926
1586897373798 0.01 1927
1586897377764 0.01 1928
1586897381778 0.01 1929
1586897385673 0.01 1930
1586897389545 0.01 1931
1586897393609 0.01 1932
1586897397776 0.01 1933
1586897402197 0.01 1934
1586897406536 0.01 1935
1586897410904 0.01 1936
1586897415276 0.01 1937
1586897419832 0.01 1938
1586897424201 0.01 1939
1586897428503 0.01 1940
1586897432992 0.01 1941
1586897437244 0.01 1942
1586897441690 0.01 1943
1586897446119 0.01 1944
1586897450485 0.01 1945
1586897454654 0.01 1946
1586897458890 0.01 1947
1586897463449 0.01 1948
1586897467593 0.01 1949
1586897471931 0.01 1950
1586897476351 0.01 1951
1586897480673 0.01 1952
1586897484779 0.01 1953
1586897489229 0.01 1954
1586897493853 0.01 1955
1586897498358 0.01 1956
1586897505385 0.01 1957
1586897511031 0.01 1958
1586897516169 0.01 1959
1586897521171 0.01 1960
1586897525912 0.01 1961
1586897531532 0.01 1962
1586897536067 0.01 1963
1586897540794 0.01 1964
1586897545198 0.01 1965
1586897549759 0.01 1966
1586897554487 0.01 1967
1586897559723 0.01 1968
1586897564515 0.01 1969
1586897569281 0.01 1970
1586897574071 0.01 1971
1586897578935 0.01 1972
1586897585377 0.01 1973
1586897590446 0.01 1974
1586897595874 0.01 1975
1586897601365 0.01 1976
1586897607376 0.01 1977
1586897612352 0.01 1978
1586897617271 0.01 1979
1586897621648 0.01 1980
1586897626052 0.01 1981
1586897631781 0.01 1982
1586897637731 0.01 1983
1586897643605 0.01 1984
1586897650577 0.01 1985
1586897657218 0.01 1986
1586897663668 0.01 1987
1586897669108 0.01 1988
1586897674379 0.01 1989
1586897680425 0.01 1990
1586897686565 0.01 1991
1586897692775 0.01 1992
1586897700190 0.01 1993
1586897707543 0.01 1994
1586897712571 0.01 1995
1586897717732 0.01 1996
1586897722296 0.01 1997
1586897727953 0.01 1998
1586897733007 0.01 1999
1586897738952 0.01 2000
1586897748460 0.01 2001
1586897754983 0.01 2002
1586897761362 0.01 2003
1586897767340 0.01 2004
1586897776035 0.01 2005
1586897782831 0.01 2006
1586897789245 0.01 2007
1586897794584 0.01 2008
1586897799545 0.01 2009
1586897803707 0.01 2010
1586897807810 0.01 2011
1586897811265 0.01 2012
1586897814754 0.01 2013
1586897818489 0.01 2014
1586897822418 0.01 2015
1586897825940 0.01 2016
1586897829327 0.01 2017
1586897832780 0.01 2018
1586897836134 0.01 2019
1586897839569 0.01 2020
1586897842927 0.01 2021
1586897846359 0.01 2022
1586897849694 0.01 2023
1586897853098 0.01 2024
1586897856488 0.01 2025
1586897860492 0.01 2026
1586897864210 0.01 2027
1586897868025 0.01 2028
1586897872427 0.01 2029
1586897876887 0.01 2030
1586897882668 0.01 2031
1586897886683 0.01 2032
1586897890892 0.01 2033
1586897894329 0.01 2034
1586897897698 0.01 2035
1586897901401 0.01 2036
1586897906007 0.01 2037
1586897909815 0.01 2038
1586897913493 0.01 2039
1586897916976 0.01 2040
1586897920624 0.01 2041
1586897924307 0.01 2042
1586897927979 0.01 2043
1586897932547 0.01 2044
1586897937218 0.01 2045
1586897941342 0.01 2046
1586897945102 0.01 2047
1586897948830 0.01 2048
1586897953033 0.01 2049
1586897956958 0.01 2050
1586897960748 0.01 2051
1586897964206 0.01 2052
1586897967961 0.01 2053
1586897971892 0.01 2054
1586897975345 0.01 2055
1586897978847 0.01 2056
1586897982205 0.01 2057
1586897985381 0.01 2058
1586897988839 0.01 2059
1586897992367 0.01 2060
1586897995780 0.01 2061
1586897999002 0.01 2062
1586898004125 0.01 2063
1586898007598 0.01 2064
1586898010929 0.01 2065
1586898014227 0.01 2066
1586898017633 0.01 2067
1586898020785 0.01 2068
1586898023989 0.01 2069
1586898027210 0.01 2070
1586898030478 0.01 2071
1586898033633 0.01 2072
1586898036851 0.01 2073
1586898040038 0.01 2074
1586898042961 0.01 2075
1586898046409 0.01 2076
1586898049663 0.01 2077
1586898052720 0.01 2078
1586898055950 0.01 2079
1586898059139 0.01 2080
1586898062376 0.01 2081
1586898065624 0.01 2082
1586898069065 0.01 2083
1586898072284 0.01 2084
1586898075503 0.01 2085
1586898078740 0.01 2086
1586898081945 0.01 2087
1586898085150 0.01 2088
1586898088367 0.01 2089
1586898091636 0.01 2090
1586898094791 0.01 2091
1586898098012 0.01 2092
1586898101110 0.01 2093
1586898104365 0.01 2094
1586898107403 0.01 2095
1586898110604 0.01 2096
1586898113722 0.01 2097
1586898116829 0.01 2098
1586898120023 0.01 2099
1586898123217 0.01 2100
1586898126686 0.01 2101
1586898129857 0.01 2102
1586898132993 0.01 2103
1586898136213 0.01 2104
1586898139237 0.01 2105
1586898142353 0.01 2106
1586898145640 0.01 2107
1586898148926 0.01 2108
1586898152196 0.01 2109
1586898155350 0.01 2110
1586898158421 0.01 2111
1586898161535 0.01 2112
1586898164486 0.01 2113
1586898167580 0.01 2114
1586898170729 0.01 2115
1586898173786 0.01 2116
1586898177088 0.01 2117
1586898180306 0.01 2118
1586898183375 0.01 2119
1586898186562 0.01 2120
1586898189719 0.01 2121
1586898192920 0.01 2122
1586898196058 0.01 2123
1586898199373 0.01 2124
1586898202527 0.01 2125
1586898205732 0.01 2126
1586898208835 0.01 2127
1586898211984 0.01 2128
1586898215215 0.01 2129
1586898218144 0.01 2130
1586898221420 0.01 2131
1586898224431 0.01 2132
1586898227535 0.01 2133
1586898230739 0.01 2134
1586898233875 0.01 2135
1586898237046 0.01 2136
1586898240381 0.01 2137
1586898243502 0.01 2138
1586898246656 0.01 2139
1586898249890 0.01 2140
1586898253179 0.01 2141
1586898256330 0.01 2142
1586898259504 0.01 2143
1586898262620 0.01 2144
1586898265705 0.01 2145
1586898268835 0.01 2146
1586898271928 0.01 2147
1586898275011 0.01 2148
1586898278218 0.01 2149
1586898281594 0.01 2150
1586898284959 0.01 2151
1586898288012 0.01 2152
1586898291300 0.01 2153
1586898294484 0.01 2154
1586898297888 0.01 2155
1586898301162 0.01 2156
1586898304378 0.01 2157
1586898307731 0.01 2158
1586898310816 0.01 2159
1586898314053 0.01 2160
1586898317058 0.01 2161
1586898320416 0.01 2162
1586898323592 0.01 2163
1586898326818 0.01 2164
1586898330083 0.01 2165
1586898333319 0.01 2166
1586898336527 0.01 2167
1586898339646 0.01 2168
1586898342881 0.01 2169
1586898345986 0.01 2170
1586898349206 0.01 2171
1586898352358 0.01 2172
1586898355561 0.01 2173
1586898358798 0.01 2174
1586898361967 0.01 2175
1586898365019 0.01 2176
1586898368187 0.01 2177
1586898371361 0.01 2178
1586898374616 0.01 2179
1586898377863 0.01 2180
1586898381002 0.01 2181
1586898384229 0.01 2182
1586898387411 0.01 2183
1586898390746 0.01 2184
1586898393963 0.01 2185
1586898397100 0.01 2186
1586898400188 0.01 2187
1586898403492 0.01 2188
1586898406647 0.01 2189
1586898410046 0.01 2190
1586898413103 0.01 2191
1586898416262 0.01 2192
1586898419464 0.01 2193
1586898422684 0.01 2194
1586898426023 0.01 2195
1586898429169 0.01 2196
1586898432434 0.01 2197
1586898435585 0.01 2198
1586898438797 0.01 2199
1586898442043 0.01 2200
1586898445712 0.01 2201
1586898448918 0.01 2202
1586898452205 0.01 2203
1586898455424 0.01 2204
1586898458492 0.01 2205
1586898461701 0.01 2206
1586898464870 0.01 2207
1586898468022 0.01 2208
1586898471303 0.01 2209
1586898474410 0.01 2210
1586898477697 0.01 2211
1586898480781 0.01 2212
1586898483813 0.01 2213
1586898487056 0.01 2214
1586898490287 0.01 2215
1586898493467 0.01 2216
1586898496615 0.01 2217
1586898499833 0.01 2218
1586898503019 0.01 2219
1586898506172 0.01 2220
1586898509263 0.01 2221
1586898512530 0.01 2222
1586898515616 0.01 2223
1586898518821 0.01 2224
1586898522040 0.01 2225
1586898525191 0.01 2226
1586898528323 0.01 2227
1586898531500 0.01 2228
1586898534839 0.01 2229
1586898537801 0.01 2230
1586898540870 0.01 2231
1586898544049 0.01 2232
1586898547304 0.01 2233
1586898550534 0.01 2234
1586898553669 0.01 2235
1586898556904 0.01 2236
1586898560246 0.01 2237
1586898563798 0.01 2238
1586898567399 0.01 2239
1586898570921 0.01 2240
1586898574040 0.01 2241
1586898577098 0.01 2242
1586898580361 0.01 2243
1586898583629 0.01 2244
1586898586901 0.01 2245
1586898590159 0.01 2246
1586898593572 0.01 2247
1586898596743 0.01 2248
1586898599960 0.01 2249
1586898603150 0.01 2250
1586898606336 0.01 2251
1586898609488 0.01 2252
1586898612929 0.01 2253
1586898616397 0.01 2254
1586898619852 0.01 2255
1586898623404 0.01 2256
1586898626769 0.01 2257
1586898629991 0.01 2258
1586898633107 0.01 2259
1586898636267 0.01 2260
1586898639385 0.01 2261
1586898642635 0.01 2262
1586898645791 0.01 2263
1586898648874 0.01 2264
1586898652112 0.01 2265
1586898655339 0.01 2266
1586898658437 0.01 2267
1586898661737 0.01 2268
1586898664957 0.01 2269
1586898668142 0.01 2270
1586898671366 0.01 2271
1586898674552 0.01 2272
1586898677718 0.01 2273
1586898680971 0.01 2274
1586898684269 0.01 2275
1586898687530 0.01 2276
1586898691224 0.01 2277
1586898694990 0.01 2278
1586898698169 0.01 2279
1586898701388 0.01 2280
1586898704591 0.01 2281
1586898707900 0.01 2282
1586898711257 0.01 2283
1586898714373 0.01 2284
1586898717645 0.01 2285
1586898721130 0.01 2286
1586898724635 0.01 2287
1586898727989 0.01 2288
1586898731376 0.01 2289
1586898734712 0.01 2290
1586898737830 0.01 2291
1586898741366 0.01 2292
1586898744639 0.01 2293
1586898747823 0.01 2294
1586898750859 0.01 2295
1586898753990 0.01 2296
1586898757441 0.01 2297
1586898760687 0.01 2298
1586898763742 0.01 2299
1586898766858 0.01 2300
1586898770346 0.01 2301
1586898773819 0.01 2302
1586898777508 0.01 2303
1586898780741 0.01 2304
1586898784094 0.01 2305
1586898787263 0.01 2306
1586898790534 0.01 2307
1586898793684 0.01 2308
1586898796886 0.01 2309
1586898800110 0.01 2310
1586898803347 0.01 2311
1586898806648 0.01 2312
1586898809936 0.01 2313
1586898813139 0.01 2314
1586898816340 0.01 2315
1586898819336 0.01 2316
1586898822548 0.01 2317
1586898825617 0.01 2318
1586898828838 0.01 2319
1586898832040 0.01 2320
1586898835213 0.01 2321
1586898838288 0.01 2322
1586898841516 0.01 2323
1586898844704 0.01 2324
1586898847788 0.01 2325
1586898850894 0.01 2326
1586898854010 0.01 2327
1586898857195 0.01 2328
1586898860442 0.01 2329
1586898863512 0.01 2330
1586898866734 0.01 2331
1586898869861 0.01 2332
1586898873080 0.01 2333
1586898876316 0.01 2334
1586898879352 0.01 2335
1586898882789 0.01 2336
1586898885943 0.01 2337
1586898889047 0.01 2338
1586898892349 0.01 2339
1586898895401 0.01 2340
1586898898503 0.01 2341
1586898901730 0.01 2342
1586898905010 0.01 2343
1586898908198 0.01 2344
1586898911616 0.01 2345
1586898914809 0.01 2346
1586898917905 0.01 2347
1586898921172 0.01 2348
1586898924197 0.01 2349
1586898927415 0.01 2350
1586898930535 0.01 2351
1586898933739 0.01 2352
1586898936791 0.01 2353
1586898939944 0.01 2354
1586898943099 0.01 2355
1586898946134 0.01 2356
1586898949340 0.01 2357
1586898952447 0.01 2358
1586898955575 0.01 2359
1586898958783 0.01 2360
1586898961848 0.01 2361
1586898965034 0.01 2362
1586898968192 0.01 2363
1586898971481 0.01 2364
1586898974476 0.01 2365
1586898977662 0.01 2366
1586898980887 0.01 2367
1586898984024 0.01 2368
1586898987125 0.01 2369
1586898990262 0.01 2370
1586898993483 0.01 2371
1586898996616 0.01 2372
1586898999739 0.01 2373
1586899002888 0.01 2374
1586899006044 0.01 2375
1586899009474 0.01 2376
1586899012634 0.01 2377
1586899015833 0.01 2378
1586899018925 0.01 2379
1586899022242 0.01 2380
1586899025674 0.01 2381
1586899028799 0.01 2382
1586899032036 0.01 2383
1586899035272 0.01 2384
1586899038624 0.01 2385
1586899041760 0.01 2386
1586899045015 0.01 2387
1586899048152 0.01 2388
1586899051385 0.01 2389
1586899054539 0.01 2390
1586899057775 0.01 2391
1586899060963 0.01 2392
1586899064234 0.01 2393
1586899067252 0.01 2394
1586899070438 0.01 2395
1586899073539 0.01 2396
1586899076740 0.01 2397
1586899079898 0.01 2398
1586899083104 0.01 2399
1586899086375 0.01 2400
1586899089706 0.01 2401
1586899093029 0.01 2402
1586899096214 0.01 2403
1586899099365 0.01 2404
1586899102535 0.01 2405
1586899105775 0.01 2406
1586899108807 0.01 2407
1586899112166 0.01 2408
1586899115400 0.01 2409
1586899118627 0.01 2410
1586899121940 0.01 2411
1586899124989 0.01 2412
1586899128162 0.01 2413
1586899131651 0.01 2414
1586899134885 0.01 2415
1586899138133 0.01 2416
1586899141441 0.01 2417
1586899144596 0.01 2418
1586899147746 0.01 2419
1586899150750 0.01 2420
1586899153970 0.01 2421
1586899157207 0.01 2422
1586899160374 0.01 2423
1586899163511 0.01 2424
1586899166770 0.01 2425
1586899169911 0.01 2426
1586899173072 0.01 2427
1586899176154 0.01 2428
1586899179392 0.01 2429
1586899182732 0.01 2430
1586899186000 0.01 2431
1586899189177 0.01 2432
1586899192441 0.01 2433
1586899195559 0.01 2434
1586899198661 0.01 2435
1586899201814 0.01 2436
1586899205020 0.01 2437
1586899208170 0.01 2438
1586899211257 0.01 2439
1586899214476 0.01 2440
1586899217580 0.01 2441
1586899220768 0.01 2442
1586899223893 0.01 2443
1586899227138 0.01 2444
1586899230442 0.01 2445
1586899233651 0.01 2446
1586899236829 0.01 2447
1586899239972 0.01 2448
1586899243155 0.01 2449
1586899246352 0.01 2450
1586899249394 0.01 2451
1586899252533 0.01 2452
1586899255686 0.01 2453
1586899258673 0.01 2454
1586899261974 0.01 2455
1586899265078 0.01 2456
1586899268250 0.01 2457
1586899271284 0.01 2458
1586899274453 0.01 2459
1586899277489 0.01 2460
1586899280708 0.01 2461
1586899283911 0.01 2462
1586899287151 0.01 2463
1586899290368 0.01 2464
1586899293621 0.01 2465
1586899296876 0.01 2466
1586899299975 0.01 2467
1586899303199 0.01 2468
1586899306353 0.01 2469
1586899309638 0.01 2470
1586899312738 0.01 2471
1586899315958 0.01 2472
1586899319029 0.01 2473
1586899322119 0.01 2474
1586899325309 0.01 2475
1586899328459 0.01 2476
1586899331624 0.01 2477
1586899334724 0.01 2478
1586899337863 0.01 2479
1586899341037 0.01 2480
1586899344256 0.01 2481
1586899347375 0.01 2482
1586899350676 0.01 2483
1586899353764 0.01 2484
1586899356900 0.01 2485
1586899360020 0.01 2486
1586899363303 0.01 2487
1586899366544 0.01 2488
1586899369828 0.01 2489
1586899372860 0.01 2490
1586899375969 0.01 2491
1586899379136 0.01 2492
1586899382361 0.01 2493
1586899385644 0.01 2494
1586899388783 0.01 2495
1586899391941 0.01 2496
1586899395088 0.01 2497
1586899398361 0.01 2498
1586899401470 0.01 2499
1586899404454 0.01 2500
