1586889634046 1001 1
1586889638252 1001 2
1586889643454 1001 3
1586889647275 1001 4
1586889652874 1001 5
1586889656962 1001 6
1586889661061 1001 7
1586889665553 1001 8
1586889671236 1001 9
1586889676695 1001 10
1586889681934 1001 11
1586889687626 1001 12
1586889692484 1001 13
1586889697506 1001 14
1586889701748 1001 15
1586889706212 1001 16
1586889710287 1001 17
1586889715108 1001 18
1586889719246 1001 19
1586889723695 1001 20
1586889727717 1001 21
1586889731621 1001 22
1586889735492 1001 23
1586889739277 1001 24
1586889743801 1001 25
1586889747651 1001 26
1586889751305 1001 27
1586889755456 1001 28
1586889759649 1001 29
1586889764500 1001 30
1586889769088 1001 31
1586889773127 1001 32
1586889776779 1001 33
1586889781274 1001 34
1586889785443 1001 35
1586889789647 1001 36
1586889793635 1001 37
1586889797873 1001 38
1586889802730 1001 39
1586889807483 1001 40
1586889811633 1001 41
1586889815304 1001 42
1586889819039 1001 43
1586889823597 1001 44
1586889827651 1001 45
1586889831657 1001 46
1586889835860 1001 47
1586889839623 1001 48
1586889843523 1001 49
1586889847862 1001 50
1586889851759 1001 51
1586889856086 1001 52
1586889860683 1001 53
1586889864408 1001 54
1586889868722 1001 55
1586889872866 1001 56
1586889876834 1001 57
1586889881472 1001 58
1586889885320 1001 59
1586889889078 1001 60
1586889892846 1001 61
1586889897091 1001 62
1586889901202 1001 63
1586889905276 1001 64
1586889909634 1001 65
1586889913393 1001 66
1586889917128 1001 67
1586889920763 1001 68
1586889924366 1001 69
1586889927969 1001 70
1586889931625 1001 71
1586889935211 1001 72
1586889938712 1001 73
1586889942315 1001 74
1586889945871 1001 75
1586889949918 1001 76
1586889954463 1001 77
1586889958628 1001 78
1586889962650 1001 79
1586889966646 1001 80
1586889970837 1001 81
1586889975053 1001 82
1586889978749 1001 83
1586889982418 1001 84
1586889986266 1001 85
1586889990388 1001 86
1586889994493 1001 87
1586889999396 1001 88
1586890003596 1001 89
1586890007586 1001 90
1586890011572 1001 91
1586890016435 1001 92
1586890020559 1001 93
1586890024832 1001 94
1586890028838 1001 95
1586890032981 1001 96
1586890037399 1001 97
1586890041750 1001 98
1586890046139 1001 99
1586890050495 1001 100
1586890057582 1001 101
1586890061621 1001 102
1586890065775 1001 103
1586890069510 1001 104
1586890073119 1001 105
1586890076382 1001 106
1586890079619 1001 107
1586890082738 1001 108
1586890085911 1001 109
1586890089216 1001 110
1586890092347 1001 111
1586890095600 1001 112
1586890098869 1001 113
1586890102016 1001 114
1586890105156 1001 115
1586890108565 1001 116
1586890111667 1001 117
1586890114919 1001 118
1586890118074 1001 119
1586890121208 1001 120
1586890124548 1001 121
1586890127793 1001 122
1586890131055 1001 123
1586890134271 1001 124
1586890137441 1001 125
1586890140508 1001 126
1586890143740 1001 127
1586890147000 1001 128
1586890150091 1001 129
1586890153308 1001 130
1586890156441 1001 131
1586890159579 1001 132
1586890162792 1001 133
1586890166001 1001 134
1586890169321 1001 135
1586890172509 1001 136
1586890175660 1001 137
1586890178748 1001 138
1586890181901 1001 139
1586890185055 1001 140
1586890188264 1001 141
1586890192692 1001 142
1586890197656 1001 143
1586890203267 1001 144
1586890208506 1001 145
1586890213059 1001 146
1586890217575 1001 147
1586890222158 1001 148
1586890226634 1001 149
1586890231284 1001 150
1586890235837 1001 151
1586890239965 1001 152
1586890244129 1001 153
1586890247932 1001 154
1586890251686 1001 155
1586890255526 1001 156
1586890259265 1001 157
1586890263164 1001 158
1586890267435 1001 159
1586890271538 1001 160
1586890275274 1001 161
1586890278914 1001 162
1586890282737 1001 163
1586890286522 1001 164
1586890290260 1001 165
1586890294295 1001 166
1586890298038 1001 167
1586890301942 1001 168
1586890306283 1001 169
1586890310483 1001 170
1586890314860 1001 171
1586890319324 1001 172
1586890323625 1001 173
1586890327739 1001 174
1586890332247 1001 175
1586890336176 1001 176
1586890340530 1001 177
1586890344746 1001 178
1586890348616 1001 179
1586890352566 1001 180
1586890357284 1001 181
1586890361372 1001 182
1586890365296 1001 183
1586890369257 1001 184
1586890373627 1001 185
1586890378315 1001 186
1586890382120 1001 187
1586890385755 1001 188
1586890389509 1001 189
1586890393228 1001 190
1586890397698 1001 191
1586890401635 1001 192
1586890405472 1001 193
1586890409753 1001 194
1586890413883 1001 195
1586890418368 1001 196
1586890422923 1001 197
1586890427925 1001 198
1586890434695 1001 199
1586890439384 1001 200
1586890445260 1001 201
1586890449970 1001 202
1586890454605 1001 203
1586890459556 1001 204
1586890463862 1001 205
1586890468091 1001 206
1586890472278 1001 207
1586890476453 1001 208
1586890480855 1001 209
1586890485215 1001 210
1586890489221 1001 211
1586890493756 1001 212
1586890498020 1001 213
1586890502258 1001 214
1586890506577 1001 215
1586890510875 1001 216
1586890515152 1001 217
1586890519949 1001 218
1586890524303 1001 219
1586890528073 1001 220
1586890531759 1001 221
1586890535428 1001 222
1586890539059 1001 223
1586890542766 1001 224
1586890546404 1001 225
1586890550023 1001 226
1586890553681 1001 227
1586890557433 1001 228
1586890561495 1001 229
1586890565229 1001 230
1586890568879 1001 231
1586890572499 1001 232
1586890576254 1001 233
1586890580098 1001 234
1586890583950 1001 235
1586890587721 1001 236
1586890591624 1001 237
1586890595613 1001 238
1586890600785 1001 239
1586890605670 1001 240
1586890610145 1001 241
1586890614280 1001 242
1586890618933 1001 243
1586890623301 1001 244
1586890627087 1001 245
1586890630843 1001 246
1586890635131 1001 247
1586890639231 1001 248
1586890643790 1001 249
1586890647757 1001 250
1586890652033 1001 251
1586890657104 1001 252
1586890661158 1001 253
1586890664815 1001 254
1586890668716 1001 255
1586890672996 1001 256
1586890677038 1001 257
1586890680843 1001 258
1586890684743 1001 259
1586890689055 1001 260
1586890692972 1001 261
1586890697205 1001 262
1586890701228 1001 263
1586890705346 1001 264
1586890711604 1001 265
1586890716323 1001 266
1586890720684 1001 267
1586890725005 1001 268
1586890729673 1001 269
1586890734345 1001 270
1586890739551 1001 271
1586890744649 1001 272
1586890749452 1001 273
1586890752853 1001 274
1586890756202 1001 275
1586890759895 1001 276
1586890763989 1001 277
1586890768294 1001 278
1586890772228 1001 279
1586890775891 1001 280
1586890779347 1001 281
1586890784845 1001 282
1586890790648 1001 283
1586890795988 1001 284
1586890800256 1001 285
1586890804662 1001 286
1586890809550 1001 287
1586890813635 1001 288
1586890817336 1001 289
1586890820941 1001 290
1586890824462 1001 291
1586890828161 1001 292
1586890832397 1001 293
1586890838691 1001 294
1586890842521 1001 295
1586890846243 1001 296
1586890850377 1001 297
1586890853865 1001 298
1586890859970 1001 299
1586890866837 1001 300
1586890873046 1001 301
1586890877882 1001 302
1586890881951 1001 303
1586890885751 1001 304
1586890889287 1001 305
1586890892609 1001 306
1586890896543 1001 307
1586890902150 1001 308
1586890906630 1001 309
1586890911893 1001 310
1586890917477 1001 311
1586890920981 1001 312
1586890925023 1001 313
1586890928518 1001 314
1586890931917 1001 315
1586890935389 1001 316
1586890938641 1001 317
1586890942128 1001 318
1586890945396 1001 319
1586890949533 1001 320
1586890957371 1001 321
1586890961174 1001 322
1586890966273 1001 323
1586890970010 1001 324
1586890973621 1001 325
1586890977287 1001 326
1586890980841 1001 327
1586890984493 1001 328
1586890988049 1001 329
1586890991598 1001 330
1586890995335 1001 331
1586890998894 1001 332
1586891002360 1001 333
1586891005843 1001 334
1586891009297 1001 335
1586891012767 1001 336
1586891016356 1001 337
1586891019742 1001 338
1586891023293 1001 339
1586891026801 1001 340
1586891030267 1001 341
1586891033652 1001 342
1586891037193 1001 343
1586891040611 1001 344
1586891044129 1001 345
1586891047564 1001 346
1586891051009 1001 347
1586891054622 1001 348
1586891058141 1001 349
1586891061679 1001 350
1586891065178 1001 351
1586891068684 1001 352
1586891072123 1001 353
1586891075639 1001 354
1586891079109 1001 355
1586891082630 1001 356
1586891086116 1001 357
1586891089522 1001 358
1586891092961 1001 359
1586891096566 1001 360
1586891100011 1001 361
1586891103468 1001 362
1586891106935 1001 363
1586891110518 1001 364
1586891114044 1001 365
1586891117508 1001 366
1586891120930 1001 367
1586891124233 1001 368
1586891127653 1001 369
1586891131172 1001 370
1586891134559 1001 371
1586891137961 1001 372
1586891141365 1001 373
1586891144884 1001 374
1586891148306 1001 375
1586891151809 1001 376
1586891155228 1001 377
1586891158729 1001 378
1586891162204 1001 379
1586891165464 1001 380
1586891168889 1001 381
1586891172342 1001 382
1586891175786 1001 383
1586891179165 1001 384
1586891182569 1001 385
1586891186072 1001 386
1586891189543 1001 387
1586891192946 1001 388
1586891196487 1001 389
1586891199951 1001 390
1586891203406 1001 391
1586891206856 1001 392
1586891210277 1001 393
1586891213749 1001 394
1586891217355 1001 395
1586891220789 1001 396
1586891224223 1001 397
1586891227758 1001 398
1586891231100 1001 399
1586891234717 1001 400
1586891238367 1001 401
1586891241688 1001 402
1586891245109 1001 403
1586891248528 1001 404
1586891251947 1001 405
1586891255333 1001 406
1586891258742 1001 407
1586891262174 1001 408
1586891265545 1001 409
1586891268898 1001 410
1586891272234 1001 411
1586891275620 1001 412
1586891279197 1001 413
1586891282582 1001 414
1586891285960 1001 415
1586891289402 1001 416
1586891292819 1001 417
1586891296661 1001 418
1586891300458 1001 419
1586891304294 1001 420
1586891307786 1001 421
1586891311184 1001 422
1586891314603 1001 423
1586891318056 1001 424
1586891321450 1001 425
1586891324831 1001 426
1586891328240 1001 427
1586891331722 1001 428
1586891335140 1001 429
1586891338559 1001 430
1586891342049 1001 431
1586891345530 1001 432
1586891348924 1001 433
1586891352420 1001 434
1586891355858 1001 435
1586891359429 1001 436
1586891362897 1001 437
1586891366235 1001 438
1586891369788 1001 439
1586891373296 1001 440
1586891376728 1001 441
1586891380275 1001 442
1586891383599 1001 443
1586891387054 1001 444
1586891390754 1001 445
1586891394637 1001 446
1586891398541 1001 447
1586891402065 1001 448
1586891405639 1001 449
1586891409515 1001 450
1586891413053 1001 451
1586891416526 1001 452
1586891420012 1001 453
1586891423472 1001 454
1586891426950 1001 455
1586891430407 1001 456
1586891433706 1001 457
1586891437176 1001 458
1586891440570 1001 459
1586891444014 1001 460
1586891447407 1001 461
1586891450891 1001 462
1586891454345 1001 463
1586891457853 1001 464
1586891461338 1001 465
1586891464792 1001 466
1586891468273 1001 467
1586891471809 1001 468
1586891475197 1001 469
1586891478649 1001 470
1586891482140 1001 471
1586891485659 1001 472
1586891488993 1001 473
1586891492467 1001 474
1586891495847 1001 475
1586891499258 1001 476
1586891502639 1001 477
1586891505974 1001 478
1586891509435 1001 479
1586891513009 1001 480
1586891516593 1001 481
1586891520322 1001 482
1586891523732 1001 483
1586891527260 1001 484
1586891530578 1001 485
1586891533884 1001 486
1586891537236 1001 487
1586891540603 1001 488
1586891543926 1001 489
1586891547264 1001 490
1586891550683 1001 491
1586891554070 1001 492
1586891557323 1001 493
1586891560944 1001 494
1586891564367 1001 495
1586891567899 1001 496
1586891571284 1001 497
1586891574571 1001 498
1586891577955 1001 499
1586891581294 1001 500
1586891584746 1001 501
1586891587948 1001 502
1586891591235 1001 503
1586891594640 1001 504
1586891598041 1001 505
1586891601367 1001 506
1586891605014 1001 507
1586891608518 1001 508
1586891611856 1001 509
1586891615198 1001 510
1586891618509 1001 511
1586891621883 1001 512
1586891625230 1001 513
1586891628601 1001 514
1586891632012 1001 515
1586891635227 1001 516
1586891638546 1001 517
1586891641900 1001 518
1586891645134 1001 519
1586891648456 1001 520
1586891651943 1001 521
1586891655212 1001 522
1586891658445 1001 523
1586891661634 1001 524
1586891664837 1001 525
1586891668059 1001 526
1586891671360 1001 527
1586891674617 1001 528
1586891677784 1001 529
1586891681005 1001 530
1586891684202 1001 531
1586891687390 1001 532
1586891690604 1001 533
1586891693864 1001 534
1586891697133 1001 535
1586891700339 1001 536
1586891703477 1001 537
1586891706595 1001 538
1586891709799 1001 539
1586891713022 1001 540
1586891716254 1001 541
1586891719624 1001 542
1586891722663 1001 543
1586891725850 1001 544
1586891729021 1001 545
1586891732283 1001 546
1586891735502 1001 547
1586891738792 1001 548
1586891741976 1001 549
1586891745194 1001 550
1586891748351 1001 551
1586891751639 1001 552
1586891754891 1001 553
1586891758041 1001 554
1586891761316 1001 555
1586891764467 1001 556
1586891767719 1001 557
1586891770972 1001 558
1586891774139 1001 559
1586891777398 1001 560
1586891780578 1001 561
1586891783723 1001 562
1586891786854 1001 563
1586891790080 1001 564
1586891793160 1001 565
1586891796426 1001 566
1586891799818 1001 567
1586891803054 1001 568
1586891806323 1001 569
1586891809578 1001 570
1586891812679 1001 571
1586891815950 1001 572
1586891819211 1001 573
1586891822473 1001 574
1586891825678 1001 575
1586891829035 1001 576
1586891832113 1001 577
1586891835217 1001 578
1586891838319 1001 579
1586891841559 1001 580
1586891844696 1001 581
1586891847795 1001 582
1586891851148 1001 583
1586891854269 1001 584
1586891858388 1001 585
1586891861896 1001 586
1586891865079 1001 587
1586891868283 1001 588
1586891871603 1001 589
1586891874825 1001 590
1586891878114 1001 591
1586891881214 1001 592
1586891884455 1001 593
1586891887701 1001 594
1586891890970 1001 595
1586891894141 1001 596
1586891897257 1001 597
1586891900645 1001 598
1586891903918 1001 599
1586891907122 1001 600
1586891910723 1001 601
1586891913960 1001 602
1586891917193 1001 603
1586891920202 1001 604
1586891923318 1001 605
1586891926657 1001 606
1586891930141 1001 607
1586891933680 1001 608
1586891937168 1001 609
1586891940327 1001 610
1586891943792 1001 611
1586891947276 1001 612
1586891950427 1001 613
1586891953579 1001 614
1586891956853 1001 615
1586891960110 1001 616
1586891963305 1001 617
1586891966424 1001 618
1586891969628 1001 619
1586891972965 1001 620
1586891976153 1001 621
1586891979259 1001 622
1586891982472 1001 623
1586891985594 1001 624
1586891988945 1001 625
1586891992197 1001 626
1586891995475 1001 627
1586891998736 1001 628
1586892001977 1001 629
1586892005035 1001 630
1586892008145 1001 631
1586892011297 1001 632
1586892014492 1001 633
1586892017690 1001 634
1586892020961 1001 635
1586892024151 1001 636
1586892027350 1001 637
1586892030520 1001 638
1586892033646 1001 639
1586892036878 1001 640
1586892040098 1001 641
1586892043365 1001 642
1586892046670 1001 643
1586892049959 1001 644
1586892053073 1001 645
1586892056264 1001 646
1586892059563 1001 647
1586892062783 1001 648
1586892065972 1001 649
1586892069259 1001 650
1586892072510 1001 651
1586892075729 1001 652
1586892078952 1001 653
1586892082052 1001 654
1586892085205 1001 655
1586892088259 1001 656
1586892091493 1001 657
1586892094683 1001 658
1586892097834 1001 659
1586892101074 1001 660
1586892104272 1001 661
1586892107612 1001 662
1586892110850 1001 663
1586892113918 1001 664
1586892117157 1001 665
1586892120562 1001 666
1586892123826 1001 667
1586892126898 1001 668
1586892130234 1001 669
1586892133334 1001 670
1586892136555 1001 671
1586892139811 1001 672
1586892142886 1001 673
1586892146219 1001 674
1586892149586 1001 675
1586892152723 1001 676
1586892155890 1001 677
1586892159150 1001 678
1586892162432 1001 679
1586892165497 1001 680
1586892168737 1001 681
1586892171823 1001 682
1586892175057 1001 683
1586892178311 1001 684
1586892181565 1001 685
1586892184720 1001 686
1586892187823 1001 687
1586892190968 1001 688
1586892194212 1001 689
1586892197453 1001 690
1586892200616 1001 691
1586892203790 1001 692
1586892206872 1001 693
1586892210129 1001 694
1586892213248 1001 695
1586892216419 1001 696
1586892219621 1001 697
1586892222765 1001 698
1586892226067 1001 699
1586892229199 1001 700
1586892232632 1001 701
1586892235902 1001 702
1586892239122 1001 703
1586892242325 1001 704
1586892245512 1001 705
1586892248749 1001 706
1586892251982 1001 707
1586892254961 1001 708
1586892258230 1001 709
1586892261378 1001 710
1586892264615 1001 711
1586892267916 1001 712
1586892271150 1001 713
1586892274293 1001 714
1586892277425 1001 715
1586892280630 1001 716
1586892283865 1001 717
1586892287117 1001 718
1586892290321 1001 719
1586892293558 1001 720
1586892296735 1001 721
1586892300038 1001 722
1586892303316 1001 723
1586892306550 1001 724
1586892309777 1001 725
1586892313070 1001 726
1586892316221 1001 727
1586892319449 1001 728
1586892322636 1001 729
1586892326012 1001 730
1586892329476 1001 731
1586892332646 1001 732
1586892335964 1001 733
1586892339234 1001 734
1586892342504 1001 735
1586892345674 1001 736
1586892349047 1001 737
1586892352019 1001 738
1586892355283 1001 739
1586892358471 1001 740
1586892361606 1001 741
1586892364828 1001 742
1586892368051 1001 743
1586892371384 1001 744
1586892374481 1001 745
1586892377618 1001 746
1586892380837 1001 747
1586892384013 1001 748
1586892387207 1001 749
1586892390470 1001 750
1586892393703 1001 751
1586892397011 1001 752
1586892400429 1001 753
1586892403586 1001 754
1586892406767 1001 755
1586892410071 1001 756
1586892413205 1001 757
1586892416507 1001 758
1586892419945 1001 759
1586892423041 1001 760
1586892426165 1001 761
1586892429452 1001 762
1586892432577 1001 763
1586892435727 1001 764
1586892439033 1001 765
1586892442197 1001 766
1586892445503 1001 767
1586892448556 1001 768
1586892451841 1001 769
1586892455110 1001 770
1586892458320 1001 771
1586892461667 1001 772
1586892464840 1001 773
1586892468173 1001 774
1586892471393 1001 775
1586892474498 1001 776
1586892477669 1001 777
1586892480818 1001 778
1586892484050 1001 779
1586892487314 1001 780
1586892490548 1001 781
1586892493821 1001 782
1586892496963 1001 783
1586892500111 1001 784
1586892503481 1001 785
1586892506669 1001 786
1586892509921 1001 787
1586892512909 1001 788
1586892516161 1001 789
1586892519267 1001 790
1586892522285 1001 791
1586892525493 1001 792
1586892528808 1001 793
1586892531997 1001 794
1586892535099 1001 795
1586892538162 1001 796
1586892541505 1001 797
1586892544704 1001 798
1586892547848 1001 799
1586892551046 1001 800
1586892554648 1001 801
1586892557836 1001 802
1586892561039 1001 803
1586892564207 1001 804
1586892567393 1001 805
1586892570614 1001 806
1586892573855 1001 807
1586892577069 1001 808
1586892580061 1001 809
1586892583312 1001 810
1586892586447 1001 811
1586892589665 1001 812
1586892592802 1001 813
1586892596082 1001 814
1586892599414 1001 815
1586892602676 1001 816
1586892605917 1001 817
1586892609018 1001 818
1586892612239 1001 819
1586892615510 1001 820
1586892618806 1001 821
1586892622033 1001 822
1586892625301 1001 823
1586892628622 1001 824
1586892631823 1001 825
1586892634946 1001 826
1586892638145 1001 827
1586892641333 1001 828
1586892644570 1001 829
1586892647607 1001 830
1586892650841 1001 831
1586892654041 1001 832
1586892657264 1001 833
1586892660570 1001 834
1586892663587 1001 835
1586892666808 1001 836
1586892669978 1001 837
1586892673349 1001 838
1586892676685 1001 839
1586892680006 1001 840
1586892683224 1001 841
1586892686358 1001 842
1586892689661 1001 843
1586892692704 1001 844
1586892695818 1001 845
1586892698970 1001 846
1586892702069 1001 847
1586892705262 1001 848
1586892708538 1001 849
1586892711844 1001 850
1586892715103 1001 851
1586892718359 1001 852
1586892721649 1001 853
1586892724898 1001 854
1586892728167 1001 855
1586892731355 1001 856
1586892734511 1001 857
1586892737759 1001 858
1586892740913 1001 859
1586892744254 1001 860
1586892747459 1001 861
1586892750690 1001 862
1586892753842 1001 863
1586892757051 1001 864
1586892760178 1001 865
1586892763265 1001 866
1586892766321 1001 867
1586892769590 1001 868
1586892772827 1001 869
1586892775964 1001 870
1586892779151 1001 871
1586892782468 1001 872
1586892785571 1001 873
1586892788756 1001 874
1586892791861 1001 875
1586892795071 1001 876
1586892798351 1001 877
1586892801604 1001 878
1586892804728 1001 879
1586892807909 1001 880
1586892811196 1001 881
1586892814283 1001 882
1586892817437 1001 883
1586892820640 1001 884
1586892823910 1001 885
1586892827181 1001 886
1586892830334 1001 887
1586892833740 1001 888
1586892837874 1001 889
1586892841176 1001 890
1586892844298 1001 891
1586892847431 1001 892
1586892850704 1001 893
1586892853857 1001 894
1586892857067 1001 895
1586892860297 1001 896
1586892863529 1001 897
1586892866881 1001 898
1586892870239 1001 899
1586892873342 1001 900
1586892876759 1001 901
1586892880056 1001 902
1586892883116 1001 903
1586892886368 1001 904
1586892889374 1001 905
1586892892658 1001 906
1586892895996 1001 907
1586892899300 1001 908
1586892902614 1001 909
1586892905707 1001 910
1586892908809 1001 911
1586892912024 1001 912
1586892915165 1001 913
1586892918416 1001 914
1586892921574 1001 915
1586892924814 1001 916
1586892927893 1001 917
1586892931096 1001 918
1586892934297 1001 919
1586892937419 1001 920
1586892940721 1001 921
1586892943706 1001 922
1586892946875 1001 923
1586892950083 1001 924
1586892953249 1001 925
1586892956452 1001 926
1586892959737 1001 927
1586892962910 1001 928
1586892966238 1001 929
1586892969440 1001 930
1586892972506 1001 931
1586892975661 1001 932
1586892978865 1001 933
1586892982103 1001 934
1586892985447 1001 935
1586892988619 1001 936
1586892991971 1001 937
1586892995189 1001 938
1586892998576 1001 939
1586893001815 1001 940
1586893005000 1001 941
1586893008183 1001 942
1586893011346 1001 943
1586893014368 1001 944
1586893017495 1001 945
1586893020931 1001 946
1586893024109 1001 947
1586893027302 1001 948
1586893030745 1001 949
1586893033950 1001 950
1586893037214 1001 951
1586893040519 1001 952
1586893043570 1001 953
1586893046838 1001 954
1586893050011 1001 955
1586893053263 1001 956
1586893056394 1001 957
1586893059640 1001 958
1586893062788 1001 959
1586893065925 1001 960
1586893069125 1001 961
1586893072329 1001 962
1586893075464 1001 963
1586893078616 1001 964
1586893081993 1001 965
1586893085143 1001 966
1586893088347 1001 967
1586893091550 1001 968
1586893094771 1001 969
1586893098079 1001 970
1586893101242 1001 971
1586893104311 1001 972
1586893107850 1001 973
1586893111654 1001 974
1586893115260 1001 975
1586893118673 1001 976
1586893121927 1001 977
1586893125168 1001 978
1586893128316 1001 979
1586893131487 1001 980
1586893134692 1001 981
1586893137933 1001 982
1586893141129 1001 983
1586893144248 1001 984
1586893147320 1001 985
1586893150655 1001 986
1586893153741 1001 987
1586893156814 1001 988
1586893160131 1001 989
1586893163353 1001 990
1586893166471 1001 991
1586893169642 1001 992
1586893172843 1001 993
1586893176032 1001 994
1586893179249 1001 995
1586893182407 1001 996
1586893185463 1001 997
1586893188712 1001 998
1586893192107 1001 999
1586893195373 1001 1000
1586893198802 1001 1001
1586893202004 1001 1002
1586893205207 1001 1003
1586893208414 1001 1004
1586893211665 1001 1005
1586893214819 1001 1006
1586893217904 1001 1007
1586893221076 1001 1008
1586893224294 1001 1009
1586893227415 1001 1010
1586893230722 1001 1011
1586893234003 1001 1012
1586893237202 1001 1013
1586893240442 1001 1014
1586893243901 1001 1015
1586893247389 1001 1016
1586893250853 1001 1017
1586893253923 1001 1018
1586893257174 1001 1019
1586893260326 1001 1020
1586893263364 1001 1021
1586893266451 1001 1022
1586893269605 1001 1023
1586893272822 1001 1024
1586893275859 1001 1025
1586893278997 1001 1026
1586893282119 1001 1027
1586893285437 1001 1028
1586893288657 1001 1029
1586893291667 1001 1030
1586893295055 1001 1031
1586893298281 1001 1032
1586893301500 1001 1033
1586893304538 1001 1034
1586893307706 1001 1035
1586893310912 1001 1036
1586893313982 1001 1037
1586893317175 1001 1038
1586893320490 1001 1039
1586893323596 1001 1040
1586893326757 1001 1041
1586893330048 1001 1042
1586893333216 1001 1043
1586893336250 1001 1044
1586893339468 1001 1045
1586893342643 1001 1046
1586893345927 1001 1047
1586893349093 1001 1048
1586893352232 1001 1049
1586893355396 1001 1050
1586893358574 1001 1051
1586893361961 1001 1052
1586893365265 1001 1053
1586893368818 1001 1054
1586893371968 1001 1055
1586893375244 1001 1056
1586893378406 1001 1057
1586893381697 1001 1058
1586893385033 1001 1059
1586893388167 1001 1060
1586893391337 1001 1061
1586893394604 1001 1062
1586893397733 1001 1063
1586893400895 1001 1064
1586893404130 1001 1065
1586893407334 1001 1066
1586893410507 1001 1067
1586893413792 1001 1068
1586893417063 1001 1069
1586893420247 1001 1070
1586893423601 1001 1071
1586893426923 1001 1072
1586893430042 1001 1073
1586893433099 1001 1074
1586893436224 1001 1075
1586893439436 1001 1076
1586893442535 1001 1077
1586893445772 1001 1078
1586893449041 1001 1079
1586893452145 1001 1080
1586893455418 1001 1081
1586893458589 1001 1082
1586893461740 1001 1083
1586893464960 1001 1084
1586893468112 1001 1085
1586893471260 1001 1086
1586893474351 1001 1087
1586893477369 1001 1088
1586893480591 1001 1089
1586893483633 1001 1090
1586893486886 1001 1091
1586893490084 1001 1092
1586893493302 1001 1093
1586893496610 1001 1094
1586893499793 1001 1095
1586893502964 1001 1096
1586893506232 1001 1097
1586893509500 1001 1098
1586893512611 1001 1099
1586893515672 1001 1100
1586893519093 1001 1101
1586893522282 1001 1102
1586893525552 1001 1103
1586893528623 1001 1104
1586893531939 1001 1105
1586893535178 1001 1106
1586893538347 1001 1107
1586893541481 1001 1108
1586893544669 1001 1109
1586893547808 1001 1110
1586893551126 1001 1111
1586893554344 1001 1112
1586893557600 1001 1113
1586893560756 1001 1114
1586893563925 1001 1115
1586893567131 1001 1116
1586893570399 1001 1117
1586893573468 1001 1118
1586893576572 1001 1119
1586893579692 1001 1120
1586893582717 1001 1121
1586893585831 1001 1122
1586893588985 1001 1123
1586893592188 1001 1124
1586893595423 1001 1125
1586893598517 1001 1126
1586893601885 1001 1127
1586893605069 1001 1128
1586893608122 1001 1129
1586893611338 1001 1130
1586893614649 1001 1131
1586893617978 1001 1132
1586893621316 1001 1133
1586893624635 1001 1134
1586893627787 1001 1135
1586893630977 1001 1136
1586893634143 1001 1137
1586893637351 1001 1138
1586893640639 1001 1139
1586893643739 1001 1140
1586893646989 1001 1141
1586893650243 1001 1142
1586893653381 1001 1143
1586893656668 1001 1144
1586893659868 1001 1145
1586893662903 1001 1146
1586893666104 1001 1147
1586893669274 1001 1148
1586893672567 1001 1149
1586893675867 1001 1150
1586893679006 1001 1151
1586893682425 1001 1152
1586893685627 1001 1153
1586893688780 1001 1154
1586893691998 1001 1155
1586893694991 1001 1156
1586893698208 1001 1157
1586893701478 1001 1158
1586893704761 1001 1159
1586893707891 1001 1160
1586893711108 1001 1161
1586893714342 1001 1162
1586893717445 1001 1163
1586893723727 1001 1164
1586893727031 1001 1165
1586893730168 1001 1166
1586893733388 1001 1167
1586893736608 1001 1168
1586893740061 1001 1169
1586893743480 1001 1170
1586893746736 1001 1171
1586893750721 1001 1172
1586893756819 1001 1173
1586893767363 1001 1174
1586893776403 1001 1175
1586893780374 1001 1176
1586893784307 1001 1177
1586893788231 1001 1178
1586893792144 1001 1179
1586893795812 1001 1180
1586893799704 1001 1181
1586893803223 1001 1182
1586893806745 1001 1183
1586893810307 1001 1184
1586893813877 1001 1185
1586893818083 1001 1186
1586893822187 1001 1187
1586893831707 1001 1188
1586893835625 1001 1189
1586893839247 1001 1190
1586893843267 1001 1191
1586893847236 1001 1192
1586893854977 1001 1193
1586893863363 1001 1194
1586893867248 1001 1195
1586893873154 1001 1196
1586893879560 1001 1197
1586893884762 1001 1198
1586893888887 1001 1199
1586893893521 1001 1200
1586893897561 1001 1201
1586893901365 1001 1202
1586893905288 1001 1203
1586893909123 1001 1204
1586893912723 1001 1205
1586893916311 1001 1206
1586893919933 1001 1207
1586893923485 1001 1208
1586893926954 1001 1209
1586893930583 1001 1210
1586893934102 1001 1211
1586893937601 1001 1212
1586893941233 1001 1213
1586893944791 1001 1214
1586893948278 1001 1215
1586893951910 1001 1216
1586893955561 1001 1217
1586893959131 1001 1218
1586893962937 1001 1219
1586893967370 1001 1220
1586893971677 1001 1221
1586893979184 1001 1222
1586893983713 1001 1223
1586893987250 1001 1224
1586893990490 1001 1225
1586893993671 1001 1226
1586893997056 1001 1227
1586894000159 1001 1228
1586894003383 1001 1229
1586894006633 1001 1230
1586894009943 1001 1231
1586894013225 1001 1232
1586894016342 1001 1233
1586894019380 1001 1234
1586894022566 1001 1235
1586894026336 1001 1236
1586894030265 1001 1237
1586894035928 1001 1238
1586894044771 1001 1239
1586894053479 1001 1240
1586894062472 1001 1241
1586894073593 1001 1242
1586894080642 1001 1243
1586894085360 1001 1244
1586894088957 1001 1245
1586894093826 1001 1246
1586894098324 1001 1247
1586894103898 1001 1248
1586894107898 1001 1249
1586894112437 1001 1250
1586894116933 1001 1251
1586894121639 1001 1252
1586894126110 1001 1253
1586894134030 1001 1254
1586894141914 1001 1255
1586894150326 1001 1256
1586894158283 1001 1257
1586894165846 1001 1258
1586894173568 1001 1259
1586894181425 1001 1260
1586894189997 1001 1261
1586894198687 1001 1262
1586894207807 1001 1263
1586894215470 1001 1264
1586894223171 1001 1265
1586894230461 1001 1266
1586894238487 1001 1267
1586894246662 1001 1268
1586894254363 1001 1269
1586894262322 1001 1270
1586894272183 1001 1271
1586894284862 1001 1272
1586894294671 1001 1273
1586894303652 1001 1274
1586894312874 1001 1275
1586894321053 1001 1276
1586894328459 1001 1277
1586894336937 1001 1278
1586894345674 1001 1279
1586894353963 1001 1280
1586894362232 1001 1281
1586894371315 1001 1282
1586894379259 1001 1283
1586894386293 1001 1284
1586894393547 1001 1285
1586894401709 1001 1286
1586894409141 1001 1287
1586894416869 1001 1288
1586894424046 1001 1289
1586894431436 1001 1290
1586894439324 1001 1291
1586894447088 1001 1292
1586894455055 1001 1293
1586894463359 1001 1294
1586894471058 1001 1295
1586894479175 1001 1296
1586894487080 1001 1297
1586894496112 1001 1298
1586894504273 1001 1299
1586894511849 1001 1300
1586894520929 1001 1301
1586894528769 1001 1302
1586894537317 1001 1303
1586894545072 1001 1304
1586894552769 1001 1305
1586894560384 1001 1306
1586894568091 1001 1307
1586894576576 1001 1308
1586894586422 1001 1309
1586894598578 1001 1310
1586894609053 1001 1311
1586894619176 1001 1312
1586894626736 1001 1313
1586894633864 1001 1314
1586894642429 1001 1315
1586894649989 1001 1316
1586894658578 1001 1317
1586894667117 1001 1318
1586894675620 1001 1319
1586894683303 1001 1320
1586894691925 1001 1321
1586894702013 1001 1322
1586894710161 1001 1323
1586894717690 1001 1324
1586894726003 1001 1325
1586894733941 1001 1326
1586894742825 1001 1327
1586894751410 1001 1328
1586894758430 1001 1329
1586894764634 1001 1330
1586894770773 1001 1331
1586894774800 1001 1332
1586894778890 1001 1333
1586894783764 1001 1334
1586894788171 1001 1335
1586894794074 1001 1336
1586894800546 1001 1337
1586894806229 1001 1338
1586894810683 1001 1339
1586894815556 1001 1340
1586894820560 1001 1341
1586894824624 1001 1342
1586894828169 1001 1343
1586894832422 1001 1344
1586894836414 1001 1345
1586894841030 1001 1346
1586894848131 1001 1347
1586894857241 1001 1348
1586894865715 1001 1349
1586894873635 1001 1350
1586894882337 1001 1351
1586894888563 1001 1352
1586894894302 1001 1353
1586894902332 1001 1354
1586894906431 1001 1355
1586894910113 1001 1356
1586894913757 1001 1357
1586894917274 1001 1358
1586894921114 1001 1359
1586894925440 1001 1360
1586894930081 1001 1361
1586894933981 1001 1362
1586894937541 1001 1363
1586894941083 1001 1364
1586894944704 1001 1365
1586894948465 1001 1366
1586894952420 1001 1367
1586894955939 1001 1368
1586894959027 1001 1369
1586894962210 1001 1370
1586894965598 1001 1371
1586894969019 1001 1372
1586894980861 1001 1373
1586894993296 1001 1374
1586894998783 1001 1375
1586895002068 1001 1376
1586895006890 1001 1377
1586895010305 1001 1378
1586895014682 1001 1379
1586895019428 1001 1380
1586895023526 1001 1381
1586895027608 1001 1382
1586895031944 1001 1383
1586895035939 1001 1384
1586895039778 1001 1385
1586895043595 1001 1386
1586895047451 1001 1387
1586895051589 1001 1388
1586895055523 1001 1389
1586895059645 1001 1390
1586895063814 1001 1391
1586895067752 1001 1392
1586895072187 1001 1393
1586895076646 1001 1394
1586895081140 1001 1395
1586895085399 1001 1396
1586895089246 1001 1397
1586895093187 1001 1398
1586895097195 1001 1399
1586895101112 1001 1400
1586895105395 1001 1401
1586895109362 1001 1402
1586895113300 1001 1403
1586895117202 1001 1404
1586895121178 1001 1405
1586895125042 1001 1406
1586895128984 1001 1407
1586895132906 1001 1408
1586895136697 1001 1409
1586895140647 1001 1410
1586895144738 1001 1411
1586895148581 1001 1412
1586895152455 1001 1413
1586895156306 1001 1414
1586895160200 1001 1415
1586895164281 1001 1416
1586895168793 1001 1417
1586895174314 1001 1418
1586895179833 1001 1419
1586895184738 1001 1420
1586895188776 1001 1421
1586895193030 1001 1422
1586895197214 1001 1423
1586895201114 1001 1424
1586895204894 1001 1425
1586895208591 1001 1426
1586895212466 1001 1427
1586895216112 1001 1428
1586895219853 1001 1429
1586895223544 1001 1430
1586895227272 1001 1431
1586895231167 1001 1432
1586895234950 1001 1433
1586895239446 1001 1434
1586895244334 1001 1435
1586895248487 1001 1436
1586895252538 1001 1437
1586895256568 1001 1438
1586895260950 1001 1439
1586895265266 1001 1440
1586895269122 1001 1441
1586895273120 1001 1442
1586895276909 1001 1443
1586895280627 1001 1444
1586895284221 1001 1445
1586895288037 1001 1446
1586895291743 1001 1447
1586895295391 1001 1448
1586895299202 1001 1449
1586895302922 1001 1450
1586895306613 1001 1451
1586895310369 1001 1452
1586895314057 1001 1453
1586895317826 1001 1454
1586895321580 1001 1455
1586895325283 1001 1456
1586895328902 1001 1457
1586895332712 1001 1458
1586895336446 1001 1459
1586895340158 1001 1460
1586895343987 1001 1461
1586895347776 1001 1462
1586895351541 1001 1463
1586895355195 1001 1464
1586895359020 1001 1465
1586895362799 1001 1466
1586895366622 1001 1467
1586895370269 1001 1468
1586895374105 1001 1469
1586895377873 1001 1470
1586895381615 1001 1471
1586895385365 1001 1472
1586895389101 1001 1473
1586895392971 1001 1474
1586895396781 1001 1475
1586895400530 1001 1476
1586895404751 1001 1477
1586895408443 1001 1478
1586895412273 1001 1479
1586895416197 1001 1480
1586895420066 1001 1481
1586895423766 1001 1482
1586895427554 1001 1483
1586895431285 1001 1484
1586895434974 1001 1485
1586895438708 1001 1486
1586895442479 1001 1487
1586895446234 1001 1488
1586895450003 1001 1489
1586895453639 1001 1490
1586895457480 1001 1491
1586895461173 1001 1492
1586895464982 1001 1493
1586895468735 1001 1494
1586895472458 1001 1495
1586895476080 1001 1496
1586895479795 1001 1497
1586895483517 1001 1498
1586895487352 1001 1499
1586895491070 1001 1500
1586895495753 1001 1501
1586895499859 1001 1502
1586895504047 1001 1503
1586895507916 1001 1504
1586895511842 1001 1505
1586895515997 1001 1506
1586895520212 1001 1507
1586895524099 1001 1508
1586895527904 1001 1509
1586895531755 1001 1510
1586895535471 1001 1511
1586895539268 1001 1512
1586895543083 1001 1513
1586895546846 1001 1514
1586895550529 1001 1515
1586895554240 1001 1516
1586895557989 1001 1517
1586895561808 1001 1518
1586895565728 1001 1519
1586895569482 1001 1520
1586895573318 1001 1521
1586895577164 1001 1522
1586895580907 1001 1523
1586895584600 1001 1524
1586895588469 1001 1525
1586895592255 1001 1526
1586895595941 1001 1527
1586895599842 1001 1528
1586895603567 1001 1529
1586895607367 1001 1530
1586895611271 1001 1531
1586895614973 1001 1532
1586895618679 1001 1533
1586895622523 1001 1534
1586895626226 1001 1535
1586895630082 1001 1536
1586895633636 1001 1537
1586895637511 1001 1538
1586895641278 1001 1539
1586895644943 1001 1540
1586895648657 1001 1541
1586895652489 1001 1542
1586895656185 1001 1543
1586895660078 1001 1544
1586895663832 1001 1545
1586895667603 1001 1546
1586895671402 1001 1547
1586895675008 1001 1548
1586895678763 1001 1549
1586895682608 1001 1550
1586895686330 1001 1551
1586895690070 1001 1552
1586895693908 1001 1553
1586895697659 1001 1554
1586895701362 1001 1555
1586895705067 1001 1556
1586895708753 1001 1557
1586895712428 1001 1558
1586895716196 1001 1559
1586895719980 1001 1560
1586895723743 1001 1561
1586895727504 1001 1562
1586895731246 1001 1563
1586895735062 1001 1564
1586895738863 1001 1565
1586895742635 1001 1566
1586895746366 1001 1567
1586895750286 1001 1568
1586895754037 1001 1569
1586895757757 1001 1570
1586895761433 1001 1571
1586895765065 1001 1572
1586895768835 1001 1573
1586895772555 1001 1574
1586895776185 1001 1575
1586895780184 1001 1576
1586895783952 1001 1577
1586895787711 1001 1578
1586895791472 1001 1579
1586895795210 1001 1580
1586895798797 1001 1581
1586895802651 1001 1582
1586895806369 1001 1583
1586895810151 1001 1584
1586895813921 1001 1585
1586895817675 1001 1586
1586895821461 1001 1587
1586895825048 1001 1588
1586895828750 1001 1589
1586895832571 1001 1590
1586895836326 1001 1591
1586895840129 1001 1592
1586895843799 1001 1593
1586895847532 1001 1594
1586895851274 1001 1595
1586895854905 1001 1596
1586895858613 1001 1597
1586895862555 1001 1598
1586895866411 1001 1599
1586895870236 1001 1600
1586895875869 1001 1601
1586895879690 1001 1602
1586895883345 1001 1603
1586895886999 1001 1604
1586895890801 1001 1605
1586895894575 1001 1606
1586895898263 1001 1607
1586895902099 1001 1608
1586895905880 1001 1609
1586895910173 1001 1610
1586895914573 1001 1611
1586895926814 1001 1612
1586895931480 1001 1613
1586895935326 1001 1614
1586895939739 1001 1615
1586895943857 1001 1616
1586895952758 1001 1617
1586895956808 1001 1618
1586895960460 1001 1619
1586895964095 1001 1620
1586895967382 1001 1621
1586895970635 1001 1622
1586895973987 1001 1623
1586895977192 1001 1624
1586895980546 1001 1625
1586895983977 1001 1626
1586895987470 1001 1627
1586895990902 1001 1628
1586895994162 1001 1629
1586895997544 1001 1630
1586896000965 1001 1631
1586896004614 1001 1632
1586896008043 1001 1633
1586896011239 1001 1634
1586896014409 1001 1635
1586896017827 1001 1636
1586896021382 1001 1637
1586896024668 1001 1638
1586896028297 1001 1639
1586896032223 1001 1640
1586896035859 1001 1641
1586896039683 1001 1642
1586896043657 1001 1643
1586896048391 1001 1644
1586896052269 1001 1645
1586896056043 1001 1646
1586896059709 1001 1647
1586896064023 1001 1648
1586896068233 1001 1649
1586896073424 1001 1650
1586896077358 1001 1651
1586896081451 1001 1652
1586896085382 1001 1653
1586896089619 1001 1654
1586896093274 1001 1655
1586896096792 1001 1656
1586896100428 1001 1657
1586896103829 1001 1658
1586896106967 1001 1659
1586896110320 1001 1660
1586896113654 1001 1661
1586896116781 1001 1662
1586896119977 1001 1663
1586896123304 1001 1664
1586896126401 1001 1665
1586896129673 1001 1666
1586896133009 1001 1667
1586896136345 1001 1668
1586896139581 1001 1669
1586896142851 1001 1670
1586896145971 1001 1671
1586896149227 1001 1672
1586896152645 1001 1673
1586896155928 1001 1674
1586896159152 1001 1675
1586896162594 1001 1676
1586896165973 1001 1677
1586896169180 1001 1678
1586896172635 1001 1679
1586896175920 1001 1680
1586896179984 1001 1681
1586896183307 1001 1682
1586896186627 1001 1683
1586896190246 1001 1684
1586896194148 1001 1685
1586896197717 1001 1686
1586896201405 1001 1687
1586896206207 1001 1688
1586896209879 1001 1689
1586896213449 1001 1690
1586896216872 1001 1691
1586896220454 1001 1692
1586896223858 1001 1693
1586896227094 1001 1694
1586896230350 1001 1695
1586896234566 1001 1696
1586896239983 1001 1697
1586896243573 1001 1698
1586896247280 1001 1699
1586896250592 1001 1700
1586896253998 1001 1701
1586896257334 1001 1702
1586896260822 1001 1703
1586896264122 1001 1704
1586896267375 1001 1705
1586896270731 1001 1706
1586896273884 1001 1707
1586896277320 1001 1708
1586896280862 1001 1709
1586896284228 1001 1710
1586896287396 1001 1711
1586896290599 1001 1712
1586896293816 1001 1713
1586896296996 1001 1714
1586896300609 1001 1715
1586896304224 1001 1716
1586896309548 1001 1717
1586896314868 1001 1718
1586896318804 1001 1719
1586896322440 1001 1720
1586896326613 1001 1721
1586896330338 1001 1722
1586896334086 1001 1723
1586896337539 1001 1724
1586896341032 1001 1725
1586896344456 1001 1726
1586896348483 1001 1727
1586896351871 1001 1728
1586896359163 1001 1729
1586896363108 1001 1730
1586896369143 1001 1731
1586896374809 1001 1732
1586896379228 1001 1733
1586896383050 1001 1734
1586896387103 1001 1735
1586896394025 1001 1736
1586896399407 1001 1737
1586896404821 1001 1738
1586896409527 1001 1739
1586896414586 1001 1740
1586896418297 1001 1741
1586896422599 1001 1742
1586896429610 1001 1743
1586896435364 1001 1744
1586896439647 1001 1745
1586896444723 1001 1746
1586896450157 1001 1747
1586896453972 1001 1748
1586896457398 1001 1749
1586896461071 1001 1750
1586896466187 1001 1751
1586896470642 1001 1752
1586896477093 1001 1753
1586896481784 1001 1754
1586896487789 1001 1755
1586896493062 1001 1756
1586896497477 1001 1757
1586896501629 1001 1758
1586896505298 1001 1759
1586896508685 1001 1760
1586896512372 1001 1761
1586896516306 1001 1762
1586896520028 1001 1763
1586896524362 1001 1764
1586896527900 1001 1765
1586896531524 1001 1766
1586896535305 1001 1767
1586896539942 1001 1768
1586896548197 1001 1769
1586896552835 1001 1770
1586896557500 1001 1771
1586896561409 1001 1772
1586896565884 1001 1773
1586896569593 1001 1774
1586896573184 1001 1775
1586896576851 1001 1776
1586896580809 1001 1777
1586896585359 1001 1778
1586896590111 1001 1779
1586896594652 1001 1780
1586896599236 1001 1781
1586896603707 1001 1782
1586896607609 1001 1783
1586896611841 1001 1784
1586896615810 1001 1785
1586896619697 1001 1786
1586896623401 1001 1787
1586896627188 1001 1788
1586896631107 1001 1789
1586896634945 1001 1790
1586896638717 1001 1791
1586896642990 1001 1792
1586896648002 1001 1793
1586896653112 1001 1794
1586896658772 1001 1795
1586896663898 1001 1796
1586896669673 1001 1797
1586896677000 1001 1798
1586896684689 1001 1799
1586896689586 1001 1800
1586896697444 1001 1801
1586896702406 1001 1802
1586896709585 1001 1803
1586896718197 1001 1804
1586896724401 1001 1805
1586896729885 1001 1806
1586896735901 1001 1807
1586896743367 1001 1808
1586896753396 1001 1809
1586896761421 1001 1810
1586896767820 1001 1811
1586896773821 1001 1812
1586896779900 1001 1813
1586896784862 1001 1814
1586896789905 1001 1815
1586896795560 1001 1816
1586896801130 1001 1817
1586896806401 1001 1818
1586896812521 1001 1819
1586896819093 1001 1820
1586896826921 1001 1821
1586896833519 1001 1822
1586896839546 1001 1823
1586896846353 1001 1824
1586896852516 1001 1825
1586896857684 1001 1826
1586896866139 1001 1827
1586896874799 1001 1828
1586896882250 1001 1829
1586896887891 1001 1830
1586896895771 1001 1831
1586896901337 1001 1832
1586896908964 1001 1833
1586896914717 1001 1834
1586896921656 1001 1835
1586896927356 1001 1836
1586896932652 1001 1837
1586896937703 1001 1838
1586896943109 1001 1839
1586896948326 1001 1840
1586896954115 1001 1841
1586896959528 1001 1842
1586896965062 1001 1843
1586896971833 1001 1844
1586896978519 1001 1845
1586896986330 1001 1846
1586896991718 1001 1847
1586896997229 1001 1848
1586897002377 1001 1849
1586897007628 1001 1850
1586897012936 1001 1851
1586897019750 1001 1852
1586897026100 1001 1853
1586897032401 1001 1854
1586897038054 1001 1855
1586897043912 1001 1856
1586897049350 1001 1857
1586897054567 1001 1858
1586897060004 1001 1859
1586897066398 1001 1860
1586897071990 1001 1861
1586897078116 1001 1862
1586897082829 1001 1863
1586897089434 1001 1864
1586897094680 1001 1865
1586897100357 1001 1866
1586897105722 1001 1867
1586897111225 1001 1868
1586897116057 1001 1869
1586897121007 1001 1870
1586897125644 1001 1871
1586897130712 1001 1872
1586897135158 1001 1873
1586897139565 1001 1874
1586897144055 1001 1875
1586897148574 1001 1876
1586897153819 1001 1877
1586897158878 1001 1878
1586897163085 1001 1879
1586897167652 1001 1880
1586897172217 1001 1881
1586897177570 1001 1882
1586897182620 1001 1883
1586897187325 1001 1884
1586897191744 1001 1885
1586897195832 1001 1886
1586897200058 1001 1887
1586897205115 1001 1888
1586897209176 1001 1889
1586897213379 1001 1890
1586897217584 1001 1891
1586897222004 1001 1892
1586897226425 1001 1893
1586897230813 1001 1894
1586897235197 1001 1895
1586897239598 1001 1896
1586897243880 1001 1897
1586897248025 1001 1898
1586897252309 1001 1899
1586897256370 1001 1900
1586897261961 1001 1901
1586897266349 1001 1902
1586897270639 1001 1903
1586897274803 1001 1904
1586897279151 1001 1905
1586897283564 1001 1906
1586897287918 1001 1907
1586897292104 1001 1908
1586897296393 1001 1909
1586897300731 1001 1910
1586897304869 1001 1911
1586897309128 1001 1912
1586897313493 1001 1913
1586897317638 1001 1914
1586897321746 1001 1915
1586897325972 1001 1916
1586897329912 1001 1917
1586897334082 1001 1918
1586897338568 1001 1919
1586897343174 1001 1920
1586897347728 1001 1921
1586897352346 1001 1922
1586897356783 1001 1923
1586897360905 1001 1924
1586897365238 1001 1925
1586897369398 1001 1926
1586897373798 1001 1927
1586897377764 1001 1928
1586897381778 1001 1929
1586897385673 1001 1930
1586897389545 1001 1931
1586897393609 1001 1932
1586897397776 1001 1933
1586897402197 1001 1934
1586897406536 1001 1935
1586897410904 1001 1936
1586897415276 1001 1937
1586897419832 1001 1938
1586897424201 1001 1939
1586897428503 1001 1940
1586897432992 1001 1941
1586897437244 1001 1942
1586897441690 1001 1943
1586897446119 1001 1944
1586897450485 1001 1945
1586897454654 1001 1946
1586897458890 1001 1947
1586897463449 1001 1948
1586897467593 1001 1949
1586897471931 1001 1950
1586897476351 1001 1951
1586897480673 1001 1952
1586897484779 1001 1953
1586897489229 1001 1954
1586897493853 1001 1955
1586897498358 1001 1956
1586897505385 1001 1957
1586897511031 1001 1958
1586897516169 1001 1959
1586897521171 1001 1960
1586897525912 1001 1961
1586897531532 1001 1962
1586897536067 1001 1963
1586897540794 1001 1964
1586897545198 1001 1965
1586897549759 1001 1966
1586897554487 1001 1967
1586897559723 1001 1968
1586897564515 1001 1969
1586897569281 1001 1970
1586897574071 1001 1971
1586897578935 1001 1972
1586897585377 1001 1973
1586897590446 1001 1974
1586897595874 1001 1975
1586897601365 1001 1976
1586897607376 1001 1977
1586897612352 1001 1978
1586897617271 1001 1979
1586897621648 1001 1980
1586897626052 1001 1981
1586897631781 1001 1982
1586897637731 1001 1983
1586897643605 1001 1984
1586897650577 1001 1985
1586897657218 1001 1986
1586897663668 1001 1987
1586897669108 1001 1988
1586897674379 1001 1989
1586897680425 1001 1990
1586897686565 1001 1991
1586897692775 1001 1992
1586897700190 1001 1993
1586897707543 1001 1994
1586897712571 1001 1995
1586897717732 1001 1996
1586897722296 1001 1997
1586897727953 1001 1998
1586897733007 1001 1999
1586897738952 1001 2000
1586897748460 1001 2001
1586897754983 1001 2002
1586897761362 1001 2003
1586897767340 1001 2004
1586897776035 1001 2005
1586897782831 1001 2006
1586897789245 1001 2007
1586897794584 1001 2008
1586897799545 1001 2009
1586897803707 1001 2010
1586897807810 1001 2011
1586897811265 1001 2012
1586897814754 1001 2013
1586897818489 1001 2014
1586897822418 1001 2015
1586897825940 1001 2016
1586897829327 1001 2017
1586897832780 1001 2018
1586897836134 1001 2019
1586897839569 1001 2020
1586897842927 1001 2021
1586897846359 1001 2022
1586897849694 1001 2023
1586897853098 1001 2024
1586897856488 1001 2025
1586897860492 1001 2026
1586897864210 1001 2027
1586897868025 1001 2028
1586897872427 1001 2029
1586897876887 1001 2030
1586897882668 1001 2031
1586897886683 1001 2032
1586897890892 1001 2033
1586897894329 1001 2034
1586897897698 1001 2035
1586897901401 1001 2036
1586897906007 1001 2037
1586897909815 1001 2038
1586897913493 1001 2039
1586897916976 1001 2040
1586897920624 1001 2041
1586897924307 1001 2042
1586897927979 1001 2043
1586897932547 1001 2044
1586897937218 1001 2045
1586897941342 1001 2046
1586897945102 1001 2047
1586897948830 1001 2048
1586897953033 1001 2049
1586897956958 1001 2050
1586897960748 1001 2051
1586897964206 1001 2052
1586897967961 1001 2053
1586897971892 1001 2054
1586897975345 1001 2055
1586897978847 1001 2056
1586897982205 1001 2057
1586897985381 1001 2058
1586897988839 1001 2059
1586897992367 1001 2060
1586897995780 1001 2061
1586897999002 1001 2062
1586898004125 1001 2063
1586898007598 1001 2064
1586898010929 1001 2065
1586898014227 1001 2066
1586898017633 1001 2067
1586898020785 1001 2068
1586898023989 1001 2069
1586898027210 1001 2070
1586898030478 1001 2071
1586898033633 1001 2072
1586898036851 1001 2073
1586898040038 1001 2074
1586898042961 1001 2075
1586898046409 1001 2076
1586898049663 1001 2077
1586898052720 1001 2078
1586898055950 1001 2079
1586898059139 1001 2080
1586898062376 1001 2081
1586898065624 1001 2082
1586898069065 1001 2083
1586898072284 1001 2084
1586898075503 1001 2085
1586898078740 1001 2086
1586898081945 1001 2087
1586898085150 1001 2088
1586898088367 1001 2089
1586898091636 1001 2090
1586898094791 1001 2091
1586898098012 1001 2092
1586898101110 1001 2093
1586898104365 1001 2094
1586898107403 1001 2095
1586898110604 1001 2096
1586898113722 1001 2097
1586898116829 1001 2098
1586898120023 1001 2099
1586898123217 1001 2100
1586898126686 1001 2101
1586898129857 1001 2102
1586898132993 1001 2103
1586898136213 1001 2104
1586898139237 1001 2105
1586898142353 1001 2106
1586898145640 1001 2107
1586898148926 1001 2108
1586898152196 1001 2109
1586898155350 1001 2110
1586898158421 1001 2111
1586898161535 1001 2112
1586898164486 1001 2113
1586898167580 1001 2114
1586898170729 1001 2115
1586898173786 1001 2116
1586898177088 1001 2117
1586898180306 1001 2118
1586898183375 1001 2119
1586898186562 1001 2120
1586898189719 1001 2121
1586898192920 1001 2122
1586898196058 1001 2123
1586898199373 1001 2124
1586898202527 1001 2125
1586898205732 1001 2126
1586898208835 1001 2127
1586898211984 1001 2128
1586898215215 1001 2129
1586898218144 1001 2130
1586898221420 1001 2131
1586898224431 1001 2132
1586898227535 1001 2133
1586898230739 1001 2134
1586898233875 1001 2135
1586898237046 1001 2136
1586898240381 1001 2137
1586898243502 1001 2138
1586898246656 1001 2139
1586898249890 1001 2140
1586898253179 1001 2141
1586898256330 1001 2142
1586898259504 1001 2143
1586898262620 1001 2144
1586898265705 1001 2145
1586898268835 1001 2146
1586898271928 1001 2147
1586898275011 1001 2148
1586898278218 1001 2149
1586898281594 1001 2150
1586898284959 1001 2151
1586898288012 1001 2152
1586898291300 1001 2153
1586898294484 1001 2154
1586898297888 1001 2155
1586898301162 1001 2156
1586898304378 1001 2157
1586898307731 1001 2158
1586898310816 1001 2159
1586898314053 1001 2160
1586898317058 1001 2161
1586898320416 1001 2162
1586898323592 1001 2163
1586898326818 1001 2164
1586898330083 1001 2165
1586898333319 1001 2166
1586898336527 1001 2167
1586898339646 1001 2168
1586898342881 1001 2169
1586898345986 1001 2170
1586898349206 1001 2171
1586898352358 1001 2172
1586898355561 1001 2173
1586898358798 1001 2174
1586898361967 1001 2175
1586898365019 1001 2176
1586898368187 1001 2177
1586898371361 1001 2178
1586898374616 1001 2179
1586898377863 1001 2180
1586898381002 1001 2181
1586898384229 1001 2182
1586898387411 1001 2183
1586898390746 1001 2184
1586898393963 1001 2185
1586898397100 1001 2186
1586898400188 1001 2187
1586898403492 1001 2188
1586898406647 1001 2189
1586898410046 1001 2190
1586898413103 1001 2191
1586898416262 1001 2192
1586898419464 1001 2193
1586898422684 1001 2194
1586898426023 1001 2195
1586898429169 1001 2196
1586898432434 1001 2197
1586898435585 1001 2198
1586898438797 1001 2199
1586898442043 1001 2200
1586898445712 1001 2201
1586898448918 1001 2202
1586898452205 1001 2203
1586898455424 1001 2204
1586898458492 1001 2205
1586898461701 1001 2206
1586898464870 1001 2207
1586898468022 1001 2208
1586898471303 1001 2209
1586898474410 1001 2210
1586898477697 1001 2211
1586898480781 1001 2212
1586898483813 1001 2213
1586898487056 1001 2214
1586898490287 1001 2215
1586898493467 1001 2216
1586898496615 1001 2217
1586898499833 1001 2218
1586898503019 1001 2219
1586898506172 1001 2220
1586898509263 1001 2221
1586898512530 1001 2222
1586898515616 1001 2223
1586898518821 1001 2224
1586898522040 1001 2225
1586898525191 1001 2226
1586898528323 1001 2227
1586898531500 1001 2228
1586898534839 1001 2229
1586898537801 1001 2230
1586898540870 1001 2231
1586898544049 1001 2232
1586898547304 1001 2233
1586898550534 1001 2234
1586898553669 1001 2235
1586898556904 1001 2236
1586898560246 1001 2237
1586898563798 1001 2238
1586898567399 1001 2239
1586898570921 1001 2240
1586898574040 1001 2241
1586898577098 1001 2242
1586898580361 1001 2243
1586898583629 1001 2244
1586898586901 1001 2245
1586898590159 1001 2246
1586898593572 1001 2247
1586898596743 1001 2248
1586898599960 1001 2249
1586898603150 1001 2250
1586898606336 1001 2251
1586898609488 1001 2252
1586898612929 1001 2253
1586898616397 1001 2254
1586898619852 1001 2255
1586898623404 1001 2256
1586898626769 1001 2257
1586898629991 1001 2258
1586898633107 1001 2259
1586898636267 1001 2260
1586898639385 1001 2261
1586898642635 1001 2262
1586898645791 1001 2263
1586898648874 1001 2264
1586898652112 1001 2265
1586898655339 1001 2266
1586898658437 1001 2267
1586898661737 1001 2268
1586898664957 1001 2269
1586898668142 1001 2270
1586898671366 1001 2271
1586898674552 1001 2272
1586898677718 1001 2273
1586898680971 1001 2274
1586898684269 1001 2275
1586898687530 1001 2276
1586898691224 1001 2277
1586898694990 1001 2278
1586898698169 1001 2279
1586898701388 1001 2280
1586898704591 1001 2281
1586898707900 1001 2282
1586898711257 1001 2283
1586898714373 1001 2284
1586898717645 1001 2285
1586898721130 1001 2286
1586898724635 1001 2287
1586898727989 1001 2288
1586898731376 1001 2289
1586898734712 1001 2290
1586898737830 1001 2291
1586898741366 1001 2292
1586898744639 1001 2293
1586898747823 1001 2294
1586898750859 1001 2295
1586898753990 1001 2296
1586898757441 1001 2297
1586898760687 1001 2298
1586898763742 1001 2299
1586898766858 1001 2300
1586898770346 1001 2301
1586898773819 1001 2302
1586898777508 1001 2303
1586898780741 1001 2304
1586898784094 1001 2305
1586898787263 1001 2306
1586898790534 1001 2307
1586898793684 1001 2308
1586898796886 1001 2309
1586898800110 1001 2310
1586898803347 1001 2311
1586898806648 1001 2312
1586898809936 1001 2313
1586898813139 1001 2314
1586898816340 1001 2315
1586898819336 1001 2316
1586898822548 1001 2317
1586898825617 1001 2318
1586898828838 1001 2319
1586898832040 1001 2320
1586898835213 1001 2321
1586898838288 1001 2322
1586898841516 1001 2323
1586898844704 1001 2324
1586898847788 1001 2325
1586898850894 1001 2326
1586898854010 1001 2327
1586898857195 1001 2328
1586898860442 1001 2329
1586898863512 1001 2330
1586898866734 1001 2331
1586898869861 1001 2332
1586898873080 1001 2333
1586898876316 1001 2334
1586898879352 1001 2335
1586898882789 1001 2336
1586898885943 1001 2337
1586898889047 1001 2338
1586898892349 1001 2339
1586898895401 1001 2340
1586898898503 1001 2341
1586898901730 1001 2342
1586898905010 1001 2343
1586898908198 1001 2344
1586898911616 1001 2345
1586898914809 1001 2346
1586898917905 1001 2347
1586898921172 1001 2348
1586898924197 1001 2349
1586898927415 1001 2350
1586898930535 1001 2351
1586898933739 1001 2352
1586898936791 1001 2353
1586898939944 1001 2354
1586898943099 1001 2355
1586898946134 1001 2356
1586898949340 1001 2357
1586898952447 1001 2358
1586898955575 1001 2359
1586898958783 1001 2360
1586898961848 1001 2361
1586898965034 1001 2362
1586898968192 1001 2363
1586898971481 1001 2364
1586898974476 1001 2365
1586898977662 1001 2366
1586898980887 1001 2367
1586898984024 1001 2368
1586898987125 1001 2369
1586898990262 1001 2370
1586898993483 1001 2371
1586898996616 1001 2372
1586898999739 1001 2373
1586899002888 1001 2374
1586899006044 1001 2375
1586899009474 1001 2376
1586899012634 1001 2377
1586899015833 1001 2378
1586899018925 1001 2379
1586899022242 1001 2380
1586899025674 1001 2381
1586899028799 1001 2382
1586899032036 1001 2383
1586899035272 1001 2384
1586899038624 1001 2385
1586899041760 1001 2386
1586899045015 1001 2387
1586899048152 1001 2388
1586899051385 1001 2389
1586899054539 1001 2390
1586899057775 1001 2391
1586899060963 1001 2392
1586899064234 1001 2393
1586899067252 1001 2394
1586899070438 1001 2395
1586899073539 1001 2396
1586899076740 1001 2397
1586899079898 1001 2398
1586899083104 1001 2399
1586899086375 1001 2400
1586899089706 1001 2401
1586899093029 1001 2402
1586899096214 1001 2403
1586899099365 1001 2404
1586899102535 1001 2405
1586899105775 1001 2406
1586899108807 1001 2407
1586899112166 1001 2408
1586899115400 1001 2409
1586899118627 1001 2410
1586899121940 1001 2411
1586899124989 1001 2412
1586899128162 1001 2413
1586899131651 1001 2414
1586899134885 1001 2415
1586899138133 1001 2416
1586899141441 1001 2417
1586899144596 1001 2418
1586899147746 1001 2419
1586899150750 1001 2420
1586899153970 1001 2421
1586899157207 1001 2422
1586899160374 1001 2423
1586899163511 1001 2424
1586899166770 1001 2425
1586899169911 1001 2426
1586899173072 1001 2427
1586899176154 1001 2428
1586899179392 1001 2429
1586899182732 1001 2430
1586899186000 1001 2431
1586899189177 1001 2432
1586899192441 1001 2433
1586899195559 1001 2434
1586899198661 1001 2435
1586899201814 1001 2436
1586899205020 1001 2437
1586899208170 1001 2438
1586899211257 1001 2439
1586899214476 1001 2440
1586899217580 1001 2441
1586899220768 1001 2442
1586899223893 1001 2443
1586899227138 1001 2444
1586899230442 1001 2445
1586899233651 1001 2446
1586899236829 1001 2447
1586899239972 1001 2448
1586899243155 1001 2449
1586899246352 1001 2450
1586899249394 1001 2451
1586899252533 1001 2452
1586899255686 1001 2453
1586899258673 1001 2454
1586899261974 1001 2455
1586899265078 1001 2456
1586899268250 1001 2457
1586899271284 1001 2458
1586899274453 1001 2459
1586899277489 1001 2460
1586899280708 1001 2461
1586899283911 1001 2462
1586899287151 1001 2463
1586899290368 1001 2464
1586899293621 1001 2465
1586899296876 1001 2466
1586899299975 1001 2467
1586899303199 1001 2468
1586899306353 1001 2469
1586899309638 1001 2470
1586899312738 1001 2471
1586899315958 1001 2472
1586899319029 1001 2473
1586899322119 1001 2474
1586899325309 1001 2475
1586899328459 1001 2476
1586899331624 1001 2477
1586899334724 1001 2478
1586899337863 1001 2479
1586899341037 1001 2480
1586899344256 1001 2481
1586899347375 1001 2482
1586899350676 1001 2483
1586899353764 1001 2484
1586899356900 1001 2485
1586899360020 1001 2486
1586899363303 1001 2487
1586899366544 1001 2488
1586899369828 1001 2489
1586899372860 1001 2490
1586899375969 1001 2491
1586899379136 1001 2492
1586899382361 1001 2493
1586899385644 1001 2494
1586899388783 1001 2495
1586899391941 1001 2496
1586899395088 1001 2497
1586899398361 1001 2498
1586899401470 1001 2499
1586899404454 1001 2500
