1586889634046 0.0 1
1586889638252 0.0 2
1586889643454 0.0 3
1586889647275 0.0 4
1586889652874 0.0 5
1586889656962 0.0 6
1586889661061 0.0 7
1586889665553 0.0 8
1586889671236 0.11999999731779099 9
1586889676695 0.0 10
1586889681934 0.0 11
1586889687626 0.0 12
1586889692484 0.11999999731779099 13
1586889697506 0.0 14
1586889701748 0.0 15
1586889706212 0.0 16
1586889710287 0.0 17
1586889715108 0.0 18
1586889719246 0.0 19
1586889723695 0.14999999664723873 20
1586889727717 0.0 21
1586889731621 0.0 22
1586889735492 0.0 23
1586889739277 0.0 24
1586889743801 0.1699999962002039 25
1586889747651 0.0 26
1586889751305 0.0 27
1586889755456 0.0 28
1586889759649 0.0 29
1586889764500 0.0 30
1586889769088 0.0 31
1586889773127 0.0 32
1586889776779 0.0 33
1586889781274 0.0 34
1586889785443 0.0 35
1586889789647 0.019999999552965164 36
1586889793635 0.03999999910593033 37
1586889797873 0.0 38
1586889802730 0.1099999975413084 39
1586889807483 0.0 40
1586889811633 0.0 41
1586889815304 0.0 42
1586889819039 0.0 43
1586889823597 0.0 44
1586889827651 0.05999999865889549 45
1586889831657 0.11999999731779099 46
1586889835860 0.0 47
1586889839623 0.0 48
1586889843523 0.0 49
1586889847862 0.0 50
1586889851759 0.0 51
1586889856086 0.0 52
1586889860683 0.0 53
1586889864408 0.0 54
1586889868722 0.0 55
1586889872866 0.0 56
1586889876834 0.0 57
1586889881472 0.0 58
1586889885320 0.0 59
1586889889078 0.0 60
1586889892846 0.0 61
1586889897091 0.0 62
1586889901202 0.0 63
1586889905276 0.0 64
1586889909634 0.05999999865889549 65
1586889913393 0.0 66
1586889917128 0.0 67
1586889920763 0.0 68
1586889924366 0.0 69
1586889927969 0.1099999975413084 70
1586889931625 0.0 71
1586889935211 0.0 72
1586889938712 0.0 73
1586889942315 0.0 74
1586889945871 0.13999999687075615 75
1586889949918 0.18999999575316906 76
1586889954463 0.0 77
1586889958628 0.0 78
1586889962650 0.0 79
1586889966646 0.0 80
1586889970837 0.0 81
1586889975053 0.0 82
1586889978749 0.0 83
1586889982418 0.0 84
1586889986266 0.0 85
1586889990388 0.13999999687075615 86
1586889994493 0.0 87
1586889999396 0.0 88
1586890003596 0.0 89
1586890007586 0.0 90
1586890011572 0.0 91
1586890016435 0.0 92
1586890020559 0.0 93
1586890024832 0.0 94
1586890028838 0.0 95
1586890032981 0.0 96
1586890037399 0.0 97
1586890041750 0.0 98
1586890046139 0.0 99
1586890050495 0.0 100
1586890057582 0.0 101
1586890061621 0.0 102
1586890065775 0.0 103
1586890069510 0.0 104
1586890073119 0.1099999975413084 105
1586890076382 0.11999999731779099 106
1586890079619 0.0 107
1586890082738 0.0 108
1586890085911 0.0 109
1586890089216 0.0 110
1586890092347 0.0 111
1586890095600 0.0 112
1586890098869 0.0 113
1586890102016 0.0 114
1586890105156 0.0 115
1586890108565 0.0 116
1586890111667 0.0 117
1586890114919 0.0 118
1586890118074 0.0 119
1586890121208 0.0 120
1586890124548 0.0 121
1586890127793 0.0 122
1586890131055 0.0 123
1586890134271 0.0 124
1586890137441 0.0 125
1586890140508 0.0 126
1586890143740 0.0 127
1586890147000 0.0 128
1586890150091 0.0 129
1586890153308 0.0 130
1586890156441 0.0 131
1586890159579 0.0 132
1586890162792 0.0 133
1586890166001 0.0 134
1586890169321 0.0 135
1586890172509 0.0 136
1586890175660 0.11999999731779099 137
1586890178748 0.0 138
1586890181901 0.0 139
1586890185055 0.0 140
1586890188264 0.0 141
1586890192692 0.0 142
1586890197656 0.0 143
1586890203267 0.0 144
1586890208506 0.0 145
1586890213059 0.0 146
1586890217575 0.0 147
1586890222158 0.0 148
1586890226634 0.0 149
1586890231284 0.0 150
1586890235837 0.0 151
1586890239965 0.0 152
1586890244129 0.0 153
1586890247932 0.11999999731779099 154
1586890251686 0.0 155
1586890255526 0.0 156
1586890259265 0.0 157
1586890263164 0.0 158
1586890267435 0.0 159
1586890271538 0.0 160
1586890275274 0.05999999865889549 161
1586890278914 0.0 162
1586890282737 0.0 163
1586890286522 0.0 164
1586890290260 0.0 165
1586890294295 0.09999999776482582 166
1586890298038 0.0 167
1586890301942 0.0 168
1586890306283 0.0 169
1586890310483 0.11999999731779099 170
1586890314860 0.0 171
1586890319324 0.0 172
1586890323625 0.0 173
1586890327739 0.0 174
1586890332247 0.0 175
1586890336176 0.0 176
1586890340530 0.0 177
1586890344746 0.0 178
1586890348616 0.0 179
1586890352566 0.0 180
1586890357284 0.0 181
1586890361372 0.0 182
1586890365296 0.0 183
1586890369257 0.0 184
1586890373627 0.0 185
1586890378315 0.0 186
1586890382120 0.0 187
1586890385755 0.0 188
1586890389509 0.0 189
1586890393228 0.13999999687075615 190
1586890397698 0.0 191
1586890401635 0.12999999709427357 192
1586890405472 0.0 193
1586890409753 0.0 194
1586890413883 0.0 195
1586890418368 0.0 196
1586890422923 0.0 197
1586890427925 0.0 198
1586890434695 0.0 199
1586890439384 0.0 200
1586890445260 0.0 201
1586890449970 0.0 202
1586890454605 0.1599999964237213 203
1586890459556 0.13999999687075615 204
1586890463862 0.0 205
1586890468091 0.0 206
1586890472278 0.0 207
1586890476453 0.0 208
1586890480855 0.0 209
1586890485215 0.0 210
1586890489221 0.0 211
1586890493756 0.0 212
1586890498020 0.0 213
1586890502258 0.0 214
1586890506577 0.14999999664723873 215
1586890510875 0.0 216
1586890515152 0.0 217
1586890519949 0.0 218
1586890524303 0.0 219
1586890528073 0.0 220
1586890531759 0.09999999776482582 221
1586890535428 0.06999999843537807 222
1586890539059 0.0 223
1586890542766 0.0 224
1586890546404 0.0 225
1586890550023 0.0 226
1586890553681 0.0 227
1586890557433 0.0 228
1586890561495 0.0 229
1586890565229 0.08999999798834324 230
1586890568879 0.0 231
1586890572499 0.0 232
1586890576254 0.06999999843537807 233
1586890580098 0.0 234
1586890583950 0.0 235
1586890587721 0.0 236
1586890591624 0.0 237
1586890595613 0.0 238
1586890600785 0.0 239
1586890605670 0.0 240
1586890610145 0.0 241
1586890614280 0.0 242
1586890618933 0.0 243
1586890623301 0.0 244
1586890627087 0.0 245
1586890630843 0.0 246
1586890635131 0.0 247
1586890639231 0.0 248
1586890643790 0.0 249
1586890647757 0.0 250
1586890652033 0.0 251
1586890657104 0.0 252
1586890661158 0.0 253
1586890664815 0.0 254
1586890668716 0.0 255
1586890672996 0.0 256
1586890677038 0.0 257
1586890680843 0.0 258
1586890684743 0.0 259
1586890689055 0.0 260
1586890692972 0.0 261
1586890697205 0.0 262
1586890701228 0.09999999776482582 263
1586890705346 0.12999999709427357 264
1586890711604 0.0 265
1586890716323 0.0 266
1586890720684 0.0 267
1586890725005 0.0 268
1586890729673 0.07999999821186066 269
1586890734345 0.0 270
1586890739551 0.0 271
1586890744649 0.0 272
1586890749452 0.0 273
1586890752853 0.0 274
1586890756202 0.12999999709427357 275
1586890759895 0.05999999865889549 276
1586890763989 0.0 277
1586890768294 0.0 278
1586890772228 0.0 279
1586890775891 0.0 280
1586890779347 0.0 281
1586890784845 0.0 282
1586890790648 0.0 283
1586890795988 0.0 284
1586890800256 0.0 285
1586890804662 0.0 286
1586890809550 0.0 287
1586890813635 0.0 288
1586890817336 0.1599999964237213 289
1586890820941 0.0 290
1586890824462 0.07999999821186066 291
1586890828161 0.0 292
1586890832397 0.0 293
1586890838691 0.0 294
1586890842521 0.0 295
1586890846243 0.0 296
1586890850377 0.08999999798834324 297
1586890853865 0.0 298
1586890859970 0.0 299
1586890866837 0.0 300
1586890873046 0.0 301
1586890877882 0.0 302
1586890881951 0.0 303
1586890885751 0.0 304
1586890889287 0.0 305
1586890892609 0.0 306
1586890896543 0.0 307
1586890902150 0.0 308
1586890906630 0.0 309
1586890911893 0.0 310
1586890917477 0.0 311
1586890920981 0.0 312
1586890925023 0.0 313
1586890928518 0.0 314
1586890931917 0.0 315
1586890935389 0.0 316
1586890938641 0.0 317
1586890942128 0.0 318
1586890945396 0.1099999975413084 319
1586890949533 0.0 320
1586890957371 0.0 321
1586890961174 0.0 322
1586890966273 0.0 323
1586890970010 0.0 324
1586890973621 0.0 325
1586890977287 0.0 326
1586890980841 0.0 327
1586890984493 0.12999999709427357 328
1586890988049 0.0 329
1586890991598 0.0 330
1586890995335 0.0 331
1586890998894 0.0 332
1586891002360 0.0 333
1586891005843 0.0 334
1586891009297 0.0 335
1586891012767 0.0 336
1586891016356 0.11999999731779099 337
1586891019742 0.0 338
1586891023293 0.0 339
1586891026801 0.0 340
1586891030267 0.0 341
1586891033652 0.0 342
1586891037193 0.0 343
1586891040611 0.0 344
1586891044129 0.0 345
1586891047564 0.0 346
1586891051009 0.0 347
1586891054622 0.0 348
1586891058141 0.0 349
1586891061679 0.12999999709427357 350
1586891065178 0.0 351
1586891068684 0.0 352
1586891072123 0.0 353
1586891075639 0.0 354
1586891079109 0.0 355
1586891082630 0.0 356
1586891086116 0.0 357
1586891089522 0.0 358
1586891092961 0.0 359
1586891096566 0.0 360
1586891100011 0.0 361
1586891103468 0.0 362
1586891106935 0.0 363
1586891110518 0.0 364
1586891114044 0.0 365
1586891117508 0.0 366
1586891120930 0.1099999975413084 367
1586891124233 0.0 368
1586891127653 0.0 369
1586891131172 0.0 370
1586891134559 0.0 371
1586891137961 0.0 372
1586891141365 0.0 373
1586891144884 0.0 374
1586891148306 0.0 375
1586891151809 0.09999999776482582 376
1586891155228 0.0 377
1586891158729 0.0 378
1586891162204 0.0 379
1586891165464 0.0 380
1586891168889 0.0 381
1586891172342 0.0 382
1586891175786 0.0 383
1586891179165 0.0 384
1586891182569 0.0 385
1586891186072 0.0 386
1586891189543 0.0 387
1586891192946 0.0 388
1586891196487 0.0 389
1586891199951 0.0 390
1586891203406 0.0 391
1586891206856 0.0 392
1586891210277 0.0 393
1586891213749 0.0 394
1586891217355 0.0 395
1586891220789 0.0 396
1586891224223 0.0 397
1586891227758 0.0 398
1586891231100 0.0 399
1586891234717 0.11999999731779099 400
1586891238367 0.0 401
1586891241688 0.0 402
1586891245109 0.0 403
1586891248528 0.0 404
1586891251947 0.0 405
1586891255333 0.0 406
1586891258742 0.09999999776482582 407
1586891262174 0.0 408
1586891265545 0.0 409
1586891268898 0.0 410
1586891272234 0.0 411
1586891275620 0.0 412
1586891279197 0.0 413
1586891282582 0.0 414
1586891285960 0.0 415
1586891289402 0.0 416
1586891292819 0.0 417
1586891296661 0.0 418
1586891300458 0.0 419
1586891304294 0.0 420
1586891307786 0.0 421
1586891311184 0.0 422
1586891314603 0.0 423
1586891318056 0.0 424
1586891321450 0.0 425
1586891324831 0.0 426
1586891328240 0.0 427
1586891331722 0.0 428
1586891335140 0.0 429
1586891338559 0.0 430
1586891342049 0.0 431
1586891345530 0.0 432
1586891348924 0.0 433
1586891352420 0.0 434
1586891355858 0.0 435
1586891359429 0.0 436
1586891362897 0.0 437
1586891366235 0.0 438
1586891369788 0.0 439
1586891373296 0.0 440
1586891376728 0.0 441
1586891380275 0.0 442
1586891383599 0.0 443
1586891387054 0.0 444
1586891390754 0.0 445
1586891394637 0.0 446
1586891398541 0.11999999731779099 447
1586891402065 0.0 448
1586891405639 0.0 449
1586891409515 0.0 450
1586891413053 0.0 451
1586891416526 0.0 452
1586891420012 0.0 453
1586891423472 0.0 454
1586891426950 0.0 455
1586891430407 0.0 456
1586891433706 0.0 457
1586891437176 0.0 458
1586891440570 0.0 459
1586891444014 0.0 460
1586891447407 0.0 461
1586891450891 0.0 462
1586891454345 0.0 463
1586891457853 0.0 464
1586891461338 0.0 465
1586891464792 0.0 466
1586891468273 0.0 467
1586891471809 0.0 468
1586891475197 0.0 469
1586891478649 0.0 470
1586891482140 0.0 471
1586891485659 0.0 472
1586891488993 0.0 473
1586891492467 0.0 474
1586891495847 0.0 475
1586891499258 0.0 476
1586891502639 0.0 477
1586891505974 0.0 478
1586891509435 0.0 479
1586891513009 0.0 480
1586891516593 0.0 481
1586891520322 0.0 482
1586891523732 0.0 483
1586891527260 0.08999999798834324 484
1586891530578 0.0 485
1586891533884 0.0 486
1586891537236 0.0 487
1586891540603 0.0 488
1586891543926 0.0 489
1586891547264 0.0 490
1586891550683 0.0 491
1586891554070 0.0 492
1586891557323 0.0 493
1586891560944 0.0 494
1586891564367 0.0 495
1586891567899 0.1599999964237213 496
1586891571284 0.0 497
1586891574571 0.0 498
1586891577955 0.07999999821186066 499
1586891581294 0.0 500
1586891584746 0.14999999664723873 501
1586891587948 0.0 502
1586891591235 0.0 503
1586891594640 0.0 504
1586891598041 0.12999999709427357 505
1586891601367 0.0 506
1586891605014 0.0 507
1586891608518 0.0 508
1586891611856 0.0 509
1586891615198 0.0 510
1586891618509 0.0 511
1586891621883 0.0 512
1586891625230 0.0 513
1586891628601 0.0 514
1586891632012 0.0 515
1586891635227 0.0 516
1586891638546 0.09999999776482582 517
1586891641900 0.0 518
1586891645134 0.0 519
1586891648456 0.03999999910593033 520
1586891651943 0.0 521
1586891655212 0.0 522
1586891658445 0.08999999798834324 523
1586891661634 0.0 524
1586891664837 0.0 525
1586891668059 0.0 526
1586891671360 0.0 527
1586891674617 0.0 528
1586891677784 0.0 529
1586891681005 0.0 530
1586891684202 0.0 531
1586891687390 0.0 532
1586891690604 0.0 533
1586891693864 0.0 534
1586891697133 0.0 535
1586891700339 0.0 536
1586891703477 0.0 537
1586891706595 0.0 538
1586891709799 0.0 539
1586891713022 0.0 540
1586891716254 0.12999999709427357 541
1586891719624 0.0 542
1586891722663 0.08999999798834324 543
1586891725850 0.0 544
1586891729021 0.04999999888241291 545
1586891732283 0.0 546
1586891735502 0.0 547
1586891738792 0.0 548
1586891741976 0.0 549
1586891745194 0.0 550
1586891748351 0.0 551
1586891751639 0.0 552
1586891754891 0.0 553
1586891758041 0.0 554
1586891761316 0.0 555
1586891764467 0.0 556
1586891767719 0.0 557
1586891770972 0.0 558
1586891774139 0.1099999975413084 559
1586891777398 0.0 560
1586891780578 0.0 561
1586891783723 0.0 562
1586891786854 0.0 563
1586891790080 0.0 564
1586891793160 0.0 565
1586891796426 0.0 566
1586891799818 0.0 567
1586891803054 0.12999999709427357 568
1586891806323 0.0 569
1586891809578 0.0 570
1586891812679 0.0 571
1586891815950 0.0 572
1586891819211 0.0 573
1586891822473 0.0 574
1586891825678 0.0 575
1586891829035 0.0 576
1586891832113 0.0 577
1586891835217 0.0 578
1586891838319 0.0 579
1586891841559 0.0 580
1586891844696 0.0 581
1586891847795 0.08999999798834324 582
1586891851148 0.0 583
1586891854269 0.0 584
1586891858388 0.0 585
1586891861896 0.0 586
1586891865079 0.0 587
1586891868283 0.1099999975413084 588
1586891871603 0.0 589
1586891874825 0.09999999776482582 590
1586891878114 0.0 591
1586891881214 0.0 592
1586891884455 0.0 593
1586891887701 0.0 594
1586891890970 0.0 595
1586891894141 0.0 596
1586891897257 0.0 597
1586891900645 0.0 598
1586891903918 0.0 599
1586891907122 0.0 600
1586891910723 0.0 601
1586891913960 0.07999999821186066 602
1586891917193 0.0 603
1586891920202 0.0 604
1586891923318 0.0 605
1586891926657 0.0 606
1586891930141 0.0 607
1586891933680 0.0 608
1586891937168 0.0 609
1586891940327 0.0 610
1586891943792 0.0 611
1586891947276 0.0 612
1586891950427 0.0 613
1586891953579 0.0 614
1586891956853 0.0 615
1586891960110 0.0 616
1586891963305 0.0 617
1586891966424 0.0 618
1586891969628 0.0 619
1586891972965 0.0 620
1586891976153 0.0 621
1586891979259 0.0 622
1586891982472 0.0 623
1586891985594 0.0 624
1586891988945 0.0 625
1586891992197 0.0 626
1586891995475 0.0 627
1586891998736 0.0 628
1586892001977 0.0 629
1586892005035 0.0 630
1586892008145 0.0 631
1586892011297 0.0 632
1586892014492 0.0 633
1586892017690 0.11999999731779099 634
1586892020961 0.0 635
1586892024151 0.0 636
1586892027350 0.0 637
1586892030520 0.0 638
1586892033646 0.0 639
1586892036878 0.0 640
1586892040098 0.0 641
1586892043365 0.0 642
1586892046670 0.0 643
1586892049959 0.0 644
1586892053073 0.0 645
1586892056264 0.0 646
1586892059563 0.0 647
1586892062783 0.0 648
1586892065972 0.0 649
1586892069259 0.0 650
1586892072510 0.0 651
1586892075729 0.0 652
1586892078952 0.1599999964237213 653
1586892082052 0.0 654
1586892085205 0.0 655
1586892088259 0.0 656
1586892091493 0.0 657
1586892094683 0.0 658
1586892097834 0.1699999962002039 659
1586892101074 0.0 660
1586892104272 0.0 661
1586892107612 0.0 662
1586892110850 0.0 663
1586892113918 0.0 664
1586892117157 0.0 665
1586892120562 0.0 666
1586892123826 0.0 667
1586892126898 0.0 668
1586892130234 0.0 669
1586892133334 0.0 670
1586892136555 0.0 671
1586892139811 0.0 672
1586892142886 0.0 673
1586892146219 0.0 674
1586892149586 0.0 675
1586892152723 0.0 676
1586892155890 0.0 677
1586892159150 0.0 678
1586892162432 0.0 679
1586892165497 0.0 680
1586892168737 0.0 681
1586892171823 0.0 682
1586892175057 0.0 683
1586892178311 0.0 684
1586892181565 0.0 685
1586892184720 0.0 686
1586892187823 0.13999999687075615 687
1586892190968 0.0 688
1586892194212 0.0 689
1586892197453 0.0 690
1586892200616 0.0 691
1586892203790 0.0 692
1586892206872 0.0 693
1586892210129 0.13999999687075615 694
1586892213248 0.0 695
1586892216419 0.0 696
1586892219621 0.11999999731779099 697
1586892222765 0.0 698
1586892226067 0.0 699
1586892229199 0.0 700
1586892232632 0.1099999975413084 701
1586892235902 0.0 702
1586892239122 0.0 703
1586892242325 0.0 704
1586892245512 0.0 705
1586892248749 0.0 706
1586892251982 0.0 707
1586892254961 0.0 708
1586892258230 0.0 709
1586892261378 0.0 710
1586892264615 0.0 711
1586892267916 0.0 712
1586892271150 0.0 713
1586892274293 0.12999999709427357 714
1586892277425 0.0 715
1586892280630 0.0 716
1586892283865 0.0 717
1586892287117 0.0 718
1586892290321 0.0 719
1586892293558 0.0 720
1586892296735 0.0 721
1586892300038 0.0 722
1586892303316 0.0 723
1586892306550 0.0 724
1586892309777 0.0 725
1586892313070 0.0 726
1586892316221 0.0 727
1586892319449 0.0 728
1586892322636 0.0 729
1586892326012 0.0 730
1586892329476 0.0 731
1586892332646 0.0 732
1586892335964 0.0 733
1586892339234 0.0 734
1586892342504 0.0 735
1586892345674 0.06999999843537807 736
1586892349047 0.0 737
1586892352019 0.0 738
1586892355283 0.0 739
1586892358471 0.0 740
1586892361606 0.0 741
1586892364828 0.0 742
1586892368051 0.0 743
1586892371384 0.0 744
1586892374481 0.0 745
1586892377618 0.0 746
1586892380837 0.0 747
1586892384013 0.0 748
1586892387207 0.0 749
1586892390470 0.0 750
1586892393703 0.0 751
1586892397011 0.0 752
1586892400429 0.0 753
1586892403586 0.0 754
1586892406767 0.0 755
1586892410071 0.0 756
1586892413205 0.0 757
1586892416507 0.0 758
1586892419945 0.0 759
1586892423041 0.0 760
1586892426165 0.0 761
1586892429452 0.0 762
1586892432577 0.0 763
1586892435727 0.0 764
1586892439033 0.0 765
1586892442197 0.0 766
1586892445503 0.0 767
1586892448556 0.0 768
1586892451841 0.0 769
1586892455110 0.0 770
1586892458320 0.0 771
1586892461667 0.0 772
1586892464840 0.0 773
1586892468173 0.0 774
1586892471393 0.0 775
1586892474498 0.0 776
1586892477669 0.0 777
1586892480818 0.0 778
1586892484050 0.0 779
1586892487314 0.0 780
1586892490548 0.0 781
1586892493821 0.0 782
1586892496963 0.0 783
1586892500111 0.0 784
1586892503481 0.0 785
1586892506669 0.0 786
1586892509921 0.0 787
1586892512909 0.0 788
1586892516161 0.0 789
1586892519267 0.0 790
1586892522285 0.0 791
1586892525493 0.0 792
1586892528808 0.0 793
1586892531997 0.07999999821186066 794
1586892535099 0.0 795
1586892538162 0.0 796
1586892541505 0.0 797
1586892544704 0.12999999709427357 798
1586892547848 0.11999999731779099 799
1586892551046 0.0 800
1586892554648 0.0 801
1586892557836 0.0 802
1586892561039 0.0 803
1586892564207 0.0 804
1586892567393 0.0 805
1586892570614 0.1099999975413084 806
1586892573855 0.05999999865889549 807
1586892577069 0.0 808
1586892580061 0.07999999821186066 809
1586892583312 0.0 810
1586892586447 0.0 811
1586892589665 0.0 812
1586892592802 0.0 813
1586892596082 0.0 814
1586892599414 0.0 815
1586892602676 0.0 816
1586892605917 0.0 817
1586892609018 0.11999999731779099 818
1586892612239 0.0 819
1586892615510 0.04999999888241291 820
1586892618806 0.0 821
1586892622033 0.12999999709427357 822
1586892625301 0.0 823
1586892628622 0.0 824
1586892631823 0.0 825
1586892634946 0.0 826
1586892638145 0.0 827
1586892641333 0.0 828
1586892644570 0.0 829
1586892647607 0.0 830
1586892650841 0.0 831
1586892654041 0.1699999962002039 832
1586892657264 0.0 833
1586892660570 0.0 834
1586892663587 0.0 835
1586892666808 0.0 836
1586892669978 0.0 837
1586892673349 0.0 838
1586892676685 0.0 839
1586892680006 0.0 840
1586892683224 0.0 841
1586892686358 0.0 842
1586892689661 0.0 843
1586892692704 0.0 844
1586892695818 0.0 845
1586892698970 0.0 846
1586892702069 0.0 847
1586892705262 0.0 848
1586892708538 0.0 849
1586892711844 0.0 850
1586892715103 0.0 851
1586892718359 0.0 852
1586892721649 0.0 853
1586892724898 0.0 854
1586892728167 0.08999999798834324 855
1586892731355 0.0 856
1586892734511 0.0 857
1586892737759 0.0 858
1586892740913 0.0 859
1586892744254 0.0 860
1586892747459 0.0 861
1586892750690 0.0 862
1586892753842 0.0 863
1586892757051 0.0 864
1586892760178 0.0 865
1586892763265 0.0 866
1586892766321 0.009999999776482582 867
1586892769590 0.0 868
1586892772827 0.0 869
1586892775964 0.0 870
1586892779151 0.13999999687075615 871
1586892782468 0.0 872
1586892785571 0.0 873
1586892788756 0.0 874
1586892791861 0.0 875
1586892795071 0.0 876
1586892798351 0.0 877
1586892801604 0.0 878
1586892804728 0.0 879
1586892807909 0.0 880
1586892811196 0.0 881
1586892814283 0.0 882
1586892817437 0.0 883
1586892820640 0.0 884
1586892823910 0.0 885
1586892827181 0.0 886
1586892830334 0.0 887
1586892833740 0.11999999731779099 888
1586892837874 0.0 889
1586892841176 0.0 890
1586892844298 0.0 891
1586892847431 0.07999999821186066 892
1586892850704 0.0 893
1586892853857 0.0 894
1586892857067 0.0 895
1586892860297 0.0 896
1586892863529 0.0 897
1586892866881 0.0 898
1586892870239 0.0 899
1586892873342 0.0 900
1586892876759 0.0 901
1586892880056 0.0 902
1586892883116 0.0 903
1586892886368 0.0 904
1586892889374 0.1599999964237213 905
1586892892658 0.0 906
1586892895996 0.0 907
1586892899300 0.0 908
1586892902614 0.0 909
1586892905707 0.0 910
1586892908809 0.0 911
1586892912024 0.0 912
1586892915165 0.06999999843537807 913
1586892918416 0.0 914
1586892921574 0.0 915
1586892924814 0.0 916
1586892927893 0.0 917
1586892931096 0.0 918
1586892934297 0.0 919
1586892937419 0.0 920
1586892940721 0.0 921
1586892943706 0.0 922
1586892946875 0.0 923
1586892950083 0.0 924
1586892953249 0.0 925
1586892956452 0.0 926
1586892959737 0.0 927
1586892962910 0.0 928
1586892966238 0.0 929
1586892969440 0.0 930
1586892972506 0.12999999709427357 931
1586892975661 0.0 932
1586892978865 0.08999999798834324 933
1586892982103 0.0 934
1586892985447 0.0 935
1586892988619 0.0 936
1586892991971 0.0 937
1586892995189 0.0 938
1586892998576 0.0 939
1586893001815 0.0 940
1586893005000 0.0 941
1586893008183 0.0 942
1586893011346 0.0 943
1586893014368 0.0 944
1586893017495 0.0 945
1586893020931 0.0 946
1586893024109 0.0 947
1586893027302 0.0 948
1586893030745 0.0 949
1586893033950 0.0 950
1586893037214 0.0 951
1586893040519 0.0 952
1586893043570 0.0 953
1586893046838 0.0 954
1586893050011 0.0 955
1586893053263 0.0 956
1586893056394 0.0 957
1586893059640 0.1099999975413084 958
1586893062788 0.0 959
1586893065925 0.0 960
1586893069125 0.0 961
1586893072329 0.0 962
1586893075464 0.0 963
1586893078616 0.0 964
1586893081993 0.0 965
1586893085143 0.0 966
1586893088347 0.0 967
1586893091550 0.0 968
1586893094771 0.0 969
1586893098079 0.0 970
1586893101242 0.0 971
1586893104311 0.0 972
1586893107850 0.0 973
1586893111654 0.0 974
1586893115260 0.0 975
1586893118673 0.0 976
1586893121927 0.0 977
1586893125168 0.0 978
1586893128316 0.0 979
1586893131487 0.0 980
1586893134692 0.0 981
1586893137933 0.0 982
1586893141129 0.0 983
1586893144248 0.0 984
1586893147320 0.0 985
1586893150655 0.0 986
1586893153741 0.0 987
1586893156814 0.0 988
1586893160131 0.0 989
1586893163353 0.0 990
1586893166471 0.0 991
1586893169642 0.0 992
1586893172843 0.0 993
1586893176032 0.0 994
1586893179249 0.0 995
1586893182407 0.0 996
1586893185463 0.0 997
1586893188712 0.0 998
1586893192107 0.0 999
1586893195373 0.0 1000
1586893198802 0.0 1001
1586893202004 0.0 1002
1586893205207 0.1099999975413084 1003
1586893208414 0.0 1004
1586893211665 0.0 1005
1586893214819 0.0 1006
1586893217904 0.0 1007
1586893221076 0.0 1008
1586893224294 0.0 1009
1586893227415 0.0 1010
1586893230722 0.0 1011
1586893234003 0.0 1012
1586893237202 0.0 1013
1586893240442 0.0 1014
1586893243901 0.0 1015
1586893247389 0.0 1016
1586893250853 0.0 1017
1586893253923 0.0 1018
1586893257174 0.0 1019
1586893260326 0.0 1020
1586893263364 0.0 1021
1586893266451 0.09999999776482582 1022
1586893269605 0.0 1023
1586893272822 0.0 1024
1586893275859 0.06999999843537807 1025
1586893278997 0.0 1026
1586893282119 0.0 1027
1586893285437 0.0 1028
1586893288657 0.0 1029
1586893291667 0.0 1030
1586893295055 0.0 1031
1586893298281 0.0 1032
1586893301500 0.0 1033
1586893304538 0.0 1034
1586893307706 0.0 1035
1586893310912 0.0 1036
1586893313982 0.0 1037
1586893317175 0.0 1038
1586893320490 0.0 1039
1586893323596 0.07999999821186066 1040
1586893326757 0.0 1041
1586893330048 0.0 1042
1586893333216 0.0 1043
1586893336250 0.0 1044
1586893339468 0.04999999888241291 1045
1586893342643 0.0 1046
1586893345927 0.0 1047
1586893349093 0.0 1048
1586893352232 0.0 1049
1586893355396 0.0 1050
1586893358574 0.0 1051
1586893361961 0.0 1052
1586893365265 0.0 1053
1586893368818 0.0 1054
1586893371968 0.0 1055
1586893375244 0.0 1056
1586893378406 0.0 1057
1586893381697 0.0 1058
1586893385033 0.0 1059
1586893388167 0.1099999975413084 1060
1586893391337 0.0 1061
1586893394604 0.12999999709427357 1062
1586893397733 0.0 1063
1586893400895 0.0 1064
1586893404130 0.0 1065
1586893407334 0.03999999910593033 1066
1586893410507 0.0 1067
1586893413792 0.06999999843537807 1068
1586893417063 0.0 1069
1586893420247 0.0 1070
1586893423601 0.0 1071
1586893426923 0.0 1072
1586893430042 0.0 1073
1586893433099 0.0 1074
1586893436224 0.0 1075
1586893439436 0.0 1076
1586893442535 0.0 1077
1586893445772 0.0 1078
1586893449041 0.0 1079
1586893452145 0.0 1080
1586893455418 0.0 1081
1586893458589 0.0 1082
1586893461740 0.08999999798834324 1083
1586893464960 0.0 1084
1586893468112 0.0 1085
1586893471260 0.0 1086
1586893474351 0.0 1087
1586893477369 0.0 1088
1586893480591 0.0 1089
1586893483633 0.0 1090
1586893486886 0.05999999865889549 1091
1586893490084 0.0 1092
1586893493302 0.0 1093
1586893496610 0.0 1094
1586893499793 0.0 1095
1586893502964 0.0 1096
1586893506232 0.0 1097
1586893509500 0.0 1098
1586893512611 0.0 1099
1586893515672 0.1099999975413084 1100
1586893519093 0.07999999821186066 1101
1586893522282 0.0 1102
1586893525552 0.0 1103
1586893528623 0.0 1104
1586893531939 0.0 1105
1586893535178 0.0 1106
1586893538347 0.1599999964237213 1107
1586893541481 0.0 1108
1586893544669 0.0 1109
1586893547808 0.0 1110
1586893551126 0.0 1111
1586893554344 0.0 1112
1586893557600 0.0 1113
1586893560756 0.0 1114
1586893563925 0.0 1115
1586893567131 0.0 1116
1586893570399 0.0 1117
1586893573468 0.0 1118
1586893576572 0.11999999731779099 1119
1586893579692 0.0 1120
1586893582717 0.0 1121
1586893585831 0.0 1122
1586893588985 0.0 1123
1586893592188 0.0 1124
1586893595423 0.0 1125
1586893598517 0.0 1126
1586893601885 0.13999999687075615 1127
1586893605069 0.0 1128
1586893608122 0.0 1129
1586893611338 0.0 1130
1586893614649 0.0 1131
1586893617978 0.0 1132
1586893621316 0.0 1133
1586893624635 0.0 1134
1586893627787 0.0 1135
1586893630977 0.08999999798834324 1136
1586893634143 0.0 1137
1586893637351 0.0 1138
1586893640639 0.0 1139
1586893643739 0.0 1140
1586893646989 0.0 1141
1586893650243 0.0 1142
1586893653381 0.0 1143
1586893656668 0.0 1144
1586893659868 0.0 1145
1586893662903 0.0 1146
1586893666104 0.0 1147
1586893669274 0.0 1148
1586893672567 0.0 1149
1586893675867 0.11999999731779099 1150
1586893679006 0.0 1151
1586893682425 0.0 1152
1586893685627 0.0 1153
1586893688780 0.0 1154
1586893691998 0.0 1155
1586893694991 0.12999999709427357 1156
1586893698208 0.0 1157
1586893701478 0.0 1158
1586893704761 0.0 1159
1586893707891 0.0 1160
1586893711108 0.0 1161
1586893714342 0.0 1162
1586893717445 0.0 1163
1586893723727 0.0 1164
1586893727031 0.0 1165
1586893730168 0.019999999552965164 1166
1586893733388 0.11999999731779099 1167
1586893736608 0.0 1168
1586893740061 0.0 1169
1586893743480 0.0 1170
1586893746736 0.0 1171
1586893750721 0.0 1172
1586893756819 0.0 1173
1586893767363 0.0 1174
1586893776403 0.0 1175
1586893780374 0.0 1176
1586893784307 0.0 1177
1586893788231 0.0 1178
1586893792144 0.11999999731779099 1179
1586893795812 0.0 1180
1586893799704 0.12999999709427357 1181
1586893803223 0.0 1182
1586893806745 0.0 1183
1586893810307 0.0 1184
1586893813877 0.0 1185
1586893818083 0.0 1186
1586893822187 0.0 1187
1586893831707 0.0 1188
1586893835625 0.09999999776482582 1189
1586893839247 0.0 1190
1586893843267 0.0 1191
1586893847236 0.0 1192
1586893854977 0.0 1193
1586893863363 0.0 1194
1586893867248 0.0 1195
1586893873154 0.20999999530613422 1196
1586893879560 0.0 1197
1586893884762 0.0 1198
1586893888887 0.12999999709427357 1199
1586893893521 0.0 1200
1586893897561 0.0 1201
1586893901365 0.0 1202
1586893905288 0.0 1203
1586893909123 0.0 1204
1586893912723 0.0 1205
1586893916311 0.06999999843537807 1206
1586893919933 0.0 1207
1586893923485 0.0 1208
1586893926954 0.09999999776482582 1209
1586893930583 0.0 1210
1586893934102 0.0 1211
1586893937601 0.1099999975413084 1212
1586893941233 0.0 1213
1586893944791 0.0 1214
1586893948278 0.0 1215
1586893951910 0.0 1216
1586893955561 0.0 1217
1586893959131 0.09999999776482582 1218
1586893962937 0.0 1219
1586893967370 0.0 1220
1586893971677 0.0 1221
1586893979184 0.0 1222
1586893983713 0.0 1223
1586893987250 0.0 1224
1586893990490 0.0 1225
1586893993671 0.0 1226
1586893997056 0.0 1227
1586894000159 0.0 1228
1586894003383 0.0 1229
1586894006633 0.0 1230
1586894009943 0.0 1231
1586894013225 0.0 1232
1586894016342 0.0 1233
1586894019380 0.0 1234
1586894022566 0.0 1235
1586894026336 0.0 1236
1586894030265 0.0 1237
1586894035928 0.0 1238
1586894044771 0.0 1239
1586894053479 0.0 1240
1586894062472 0.12999999709427357 1241
1586894073593 0.0 1242
1586894080642 0.0 1243
1586894085360 0.0 1244
1586894088957 0.14999999664723873 1245
1586894093826 0.0 1246
1586894098324 0.0 1247
1586894103898 0.0 1248
1586894107898 0.0 1249
1586894112437 0.0 1250
1586894116933 0.0 1251
1586894121639 0.13999999687075615 1252
1586894126110 0.0 1253
1586894134030 0.0 1254
1586894141914 0.0 1255
1586894150326 0.0 1256
1586894158283 0.0 1257
1586894165846 0.0 1258
1586894173568 0.0 1259
1586894181425 0.11999999731779099 1260
1586894189997 0.0 1261
1586894198687 0.0 1262
1586894207807 0.0 1263
1586894215470 0.05999999865889549 1264
1586894223171 0.0 1265
1586894230461 0.0 1266
1586894238487 0.0 1267
1586894246662 0.0 1268
1586894254363 0.0 1269
1586894262322 0.0 1270
1586894272183 0.0 1271
1586894284862 0.0 1272
1586894294671 0.0 1273
1586894303652 0.0 1274
1586894312874 0.0 1275
1586894321053 0.12999999709427357 1276
1586894328459 0.0 1277
1586894336937 0.0 1278
1586894345674 0.0 1279
1586894353963 0.0 1280
1586894362232 0.0 1281
1586894371315 0.0 1282
1586894379259 0.0 1283
1586894386293 0.0 1284
1586894393547 0.0 1285
1586894401709 0.0 1286
1586894409141 0.09999999776482582 1287
1586894416869 0.0 1288
1586894424046 0.0 1289
1586894431436 0.0 1290
1586894439324 0.0 1291
1586894447088 0.0 1292
1586894455055 0.0 1293
1586894463359 0.0 1294
1586894471058 0.0 1295
1586894479175 0.0 1296
1586894487080 0.12999999709427357 1297
1586894496112 0.0 1298
1586894504273 0.0 1299
1586894511849 0.0 1300
1586894520929 0.11999999731779099 1301
1586894528769 0.0 1302
1586894537317 0.1099999975413084 1303
1586894545072 0.0 1304
1586894552769 0.0 1305
1586894560384 0.0 1306
1586894568091 0.0 1307
1586894576576 0.11999999731779099 1308
1586894586422 0.0 1309
1586894598578 0.0 1310
1586894609053 0.0 1311
1586894619176 0.0 1312
1586894626736 0.0 1313
1586894633864 0.0 1314
1586894642429 0.0 1315
1586894649989 0.0 1316
1586894658578 0.0 1317
1586894667117 0.0 1318
1586894675620 0.0 1319
1586894683303 0.12999999709427357 1320
1586894691925 0.0 1321
1586894702013 0.0 1322
1586894710161 0.0 1323
1586894717690 0.0 1324
1586894726003 0.0 1325
1586894733941 0.0 1326
1586894742825 0.04999999888241291 1327
1586894751410 0.0 1328
1586894758430 0.0 1329
1586894764634 0.0 1330
1586894770773 0.0 1331
1586894774800 0.0 1332
1586894778890 0.0 1333
1586894783764 0.0 1334
1586894788171 0.0 1335
1586894794074 0.0 1336
1586894800546 0.0 1337
1586894806229 0.0 1338
1586894810683 0.0 1339
1586894815556 0.0 1340
1586894820560 0.0 1341
1586894824624 0.0 1342
1586894828169 0.0 1343
1586894832422 0.0 1344
1586894836414 0.0 1345
1586894841030 0.0 1346
1586894848131 0.0 1347
1586894857241 0.0 1348
1586894865715 0.0 1349
1586894873635 0.0 1350
1586894882337 0.0 1351
1586894888563 0.0 1352
1586894894302 0.0 1353
1586894902332 0.0 1354
1586894906431 0.0 1355
1586894910113 0.0 1356
1586894913757 0.0 1357
1586894917274 0.0 1358
1586894921114 0.0 1359
1586894925440 0.03999999910593033 1360
1586894930081 0.0 1361
1586894933981 0.0 1362
1586894937541 0.0 1363
1586894941083 0.0 1364
1586894944704 0.0 1365
1586894948465 0.0 1366
1586894952420 0.0 1367
1586894955939 0.0 1368
1586894959027 0.0 1369
1586894962210 0.0 1370
1586894965598 0.0 1371
1586894969019 0.0 1372
1586894980861 0.0 1373
1586894993296 0.0 1374
1586894998783 0.0 1375
1586895002068 0.05999999865889549 1376
1586895006890 0.0 1377
1586895010305 0.0 1378
1586895014682 0.0 1379
1586895019428 0.0 1380
1586895023526 0.0 1381
1586895027608 0.0 1382
1586895031944 0.0 1383
1586895035939 0.0 1384
1586895039778 0.0 1385
1586895043595 0.0 1386
1586895047451 0.2299999948590994 1387
1586895051589 0.0 1388
1586895055523 0.0 1389
1586895059645 0.0 1390
1586895063814 0.0 1391
1586895067752 0.0 1392
1586895072187 0.0 1393
1586895076646 0.0 1394
1586895081140 0.0 1395
1586895085399 0.0 1396
1586895089246 0.0 1397
1586895093187 0.0 1398
1586895097195 0.0 1399
1586895101112 0.0 1400
1586895105395 0.0 1401
1586895109362 0.0 1402
1586895113300 0.0 1403
1586895117202 0.07999999821186066 1404
1586895121178 0.0 1405
1586895125042 0.0 1406
1586895128984 0.0 1407
1586895132906 0.0 1408
1586895136697 0.0 1409
1586895140647 0.0 1410
1586895144738 0.0 1411
1586895148581 0.0 1412
1586895152455 0.04999999888241291 1413
1586895156306 0.0 1414
1586895160200 0.0 1415
1586895164281 0.0 1416
1586895168793 0.0 1417
1586895174314 0.0 1418
1586895179833 0.0 1419
1586895184738 0.0 1420
1586895188776 0.0 1421
1586895193030 0.0 1422
1586895197214 0.0 1423
1586895201114 0.0 1424
1586895204894 0.0 1425
1586895208591 0.0 1426
1586895212466 0.0 1427
1586895216112 0.0 1428
1586895219853 0.0 1429
1586895223544 0.0 1430
1586895227272 0.0 1431
1586895231167 0.0 1432
1586895234950 0.0 1433
1586895239446 0.0 1434
1586895244334 0.0 1435
1586895248487 0.09999999776482582 1436
1586895252538 0.0 1437
1586895256568 0.0 1438
1586895260950 0.0 1439
1586895265266 0.0 1440
1586895269122 0.1599999964237213 1441
1586895273120 0.0 1442
1586895276909 0.0 1443
1586895280627 0.0 1444
1586895284221 0.0 1445
1586895288037 0.0 1446
1586895291743 0.12999999709427357 1447
1586895295391 0.0 1448
1586895299202 0.0 1449
1586895302922 0.0 1450
1586895306613 0.0 1451
1586895310369 0.0 1452
1586895314057 0.0 1453
1586895317826 0.0 1454
1586895321580 0.0 1455
1586895325283 0.0 1456
1586895328902 0.18999999575316906 1457
1586895332712 0.0 1458
1586895336446 0.0 1459
1586895340158 0.0 1460
1586895343987 0.0 1461
1586895347776 0.0 1462
1586895351541 0.0 1463
1586895355195 0.0 1464
1586895359020 0.11999999731779099 1465
1586895362799 0.0 1466
1586895366622 0.0 1467
1586895370269 0.0 1468
1586895374105 0.1099999975413084 1469
1586895377873 0.0 1470
1586895381615 0.0 1471
1586895385365 0.0 1472
1586895389101 0.0 1473
1586895392971 0.0 1474
1586895396781 0.0 1475
1586895400530 0.0 1476
1586895404751 0.17999999597668648 1477
1586895408443 0.0 1478
1586895412273 0.0 1479
1586895416197 0.0 1480
1586895420066 0.12999999709427357 1481
1586895423766 0.0 1482
1586895427554 0.0 1483
1586895431285 0.0 1484
1586895434974 0.0 1485
1586895438708 0.0 1486
1586895442479 0.06999999843537807 1487
1586895446234 0.0 1488
1586895450003 0.0 1489
1586895453639 0.05999999865889549 1490
1586895457480 0.0 1491
1586895461173 0.0 1492
1586895464982 0.0 1493
1586895468735 0.1099999975413084 1494
1586895472458 0.0 1495
1586895476080 0.0 1496
1586895479795 0.0 1497
1586895483517 0.0 1498
1586895487352 0.0 1499
1586895491070 0.0 1500
1586895495753 0.0 1501
1586895499859 0.0 1502
1586895504047 0.0 1503
1586895507916 0.0 1504
1586895511842 0.0 1505
1586895515997 0.0 1506
1586895520212 0.09999999776482582 1507
1586895524099 0.0 1508
1586895527904 0.0 1509
1586895531755 0.0 1510
1586895535471 0.0 1511
1586895539268 0.0 1512
1586895543083 0.0 1513
1586895546846 0.12999999709427357 1514
1586895550529 0.0 1515
1586895554240 0.0 1516
1586895557989 0.0 1517
1586895561808 0.0 1518
1586895565728 0.0 1519
1586895569482 0.0 1520
1586895573318 0.0 1521
1586895577164 0.0 1522
1586895580907 0.0 1523
1586895584600 0.0 1524
1586895588469 0.0 1525
1586895592255 0.0 1526
1586895595941 0.0 1527
1586895599842 0.0 1528
1586895603567 0.0 1529
1586895607367 0.0 1530
1586895611271 0.09999999776482582 1531
1586895614973 0.0 1532
1586895618679 0.0 1533
1586895622523 0.0 1534
1586895626226 0.0 1535
1586895630082 0.0 1536
1586895633636 0.0 1537
1586895637511 0.0 1538
1586895641278 0.0 1539
1586895644943 0.0 1540
1586895648657 0.0 1541
1586895652489 0.0 1542
1586895656185 0.0 1543
1586895660078 0.0 1544
1586895663832 0.0 1545
1586895667603 0.0 1546
1586895671402 0.0 1547
1586895675008 0.0 1548
1586895678763 0.0 1549
1586895682608 0.0 1550
1586895686330 0.0 1551
1586895690070 0.06999999843537807 1552
1586895693908 0.0 1553
1586895697659 0.0 1554
1586895701362 0.0 1555
1586895705067 0.0 1556
1586895708753 0.0 1557
1586895712428 0.0 1558
1586895716196 0.0 1559
1586895719980 0.0 1560
1586895723743 0.0 1561
1586895727504 0.0 1562
1586895731246 0.1099999975413084 1563
1586895735062 0.0 1564
1586895738863 0.0 1565
1586895742635 0.0 1566
1586895746366 0.0 1567
1586895750286 0.0 1568
1586895754037 0.0 1569
1586895757757 0.0 1570
1586895761433 0.1099999975413084 1571
1586895765065 0.0 1572
1586895768835 0.0 1573
1586895772555 0.0 1574
1586895776185 0.0 1575
1586895780184 0.0 1576
1586895783952 0.0 1577
1586895787711 0.0 1578
1586895791472 0.0 1579
1586895795210 0.09999999776482582 1580
1586895798797 0.0 1581
1586895802651 0.0 1582
1586895806369 0.0 1583
1586895810151 0.0 1584
1586895813921 0.0 1585
1586895817675 0.0 1586
1586895821461 0.0 1587
1586895825048 0.0 1588
1586895828750 0.0 1589
1586895832571 0.0 1590
1586895836326 0.0 1591
1586895840129 0.0 1592
1586895843799 0.0 1593
1586895847532 0.0 1594
1586895851274 0.0 1595
1586895854905 0.0 1596
1586895858613 0.0 1597
1586895862555 0.04999999888241291 1598
1586895866411 0.0 1599
1586895870236 0.0 1600
1586895875869 0.0 1601
1586895879690 0.0 1602
1586895883345 0.0 1603
1586895886999 0.0 1604
1586895890801 0.0 1605
1586895894575 0.0 1606
1586895898263 0.0 1607
1586895902099 0.0 1608
1586895905880 0.0 1609
1586895910173 0.0 1610
1586895914573 0.0 1611
1586895926814 0.0 1612
1586895931480 0.0 1613
1586895935326 0.0 1614
1586895939739 0.0 1615
1586895943857 0.0 1616
1586895952758 0.0 1617
1586895956808 0.0 1618
1586895960460 0.0 1619
1586895964095 0.0 1620
1586895967382 0.13999999687075615 1621
1586895970635 0.0 1622
1586895973987 0.0 1623
1586895977192 0.0 1624
1586895980546 0.0 1625
1586895983977 0.08999999798834324 1626
1586895987470 0.08999999798834324 1627
1586895990902 0.1099999975413084 1628
1586895994162 0.0 1629
1586895997544 0.0 1630
1586896000965 0.0 1631
1586896004614 0.0 1632
1586896008043 0.17999999597668648 1633
1586896011239 0.0 1634
1586896014409 0.0 1635
1586896017827 0.11999999731779099 1636
1586896021382 0.0 1637
1586896024668 0.11999999731779099 1638
1586896028297 0.08999999798834324 1639
1586896032223 0.0 1640
1586896035859 0.0 1641
1586896039683 0.0 1642
1586896043657 0.0 1643
1586896048391 0.0 1644
1586896052269 0.0 1645
1586896056043 0.0 1646
1586896059709 0.0 1647
1586896064023 0.0 1648
1586896068233 0.0 1649
1586896073424 0.0 1650
1586896077358 0.0 1651
1586896081451 0.0 1652
1586896085382 0.09999999776482582 1653
1586896089619 0.0 1654
1586896093274 0.0 1655
1586896096792 0.0 1656
1586896100428 0.0 1657
1586896103829 0.14999999664723873 1658
1586896106967 0.0 1659
1586896110320 0.0 1660
1586896113654 0.0 1661
1586896116781 0.0 1662
1586896119977 0.0 1663
1586896123304 0.0 1664
1586896126401 0.0 1665
1586896129673 0.13999999687075615 1666
1586896133009 0.0 1667
1586896136345 0.0 1668
1586896139581 0.0 1669
1586896142851 0.0 1670
1586896145971 0.07999999821186066 1671
1586896149227 0.0 1672
1586896152645 0.0 1673
1586896155928 0.0 1674
1586896159152 0.0 1675
1586896162594 0.0 1676
1586896165973 0.029999999329447746 1677
1586896169180 0.0 1678
1586896172635 0.0 1679
1586896175920 0.11999999731779099 1680
1586896179984 0.0 1681
1586896183307 0.0 1682
1586896186627 0.0 1683
1586896190246 0.0 1684
1586896194148 0.0 1685
1586896197717 0.0 1686
1586896201405 0.0 1687
1586896206207 0.0 1688
1586896209879 0.0 1689
1586896213449 0.0 1690
1586896216872 0.0 1691
1586896220454 0.0 1692
1586896223858 0.0 1693
1586896227094 0.0 1694
1586896230350 0.0 1695
1586896234566 0.0 1696
1586896239983 0.0 1697
1586896243573 0.0 1698
1586896247280 0.0 1699
1586896250592 0.0 1700
1586896253998 0.0 1701
1586896257334 0.0 1702
1586896260822 0.0 1703
1586896264122 0.0 1704
1586896267375 0.0 1705
1586896270731 0.0 1706
1586896273884 0.0 1707
1586896277320 0.0 1708
1586896280862 0.0 1709
1586896284228 0.0 1710
1586896287396 0.12999999709427357 1711
1586896290599 0.0 1712
1586896293816 0.0 1713
1586896296996 0.0 1714
1586896300609 0.0 1715
1586896304224 0.03999999910593033 1716
1586896309548 0.0 1717
1586896314868 0.0 1718
1586896318804 0.0 1719
1586896322440 0.0 1720
1586896326613 0.0 1721
1586896330338 0.0 1722
1586896334086 0.0 1723
1586896337539 0.0 1724
1586896341032 0.0 1725
1586896344456 0.0 1726
1586896348483 0.0 1727
1586896351871 0.0 1728
1586896359163 0.0 1729
1586896363108 0.0 1730
1586896369143 0.0 1731
1586896374809 0.0 1732
1586896379228 0.0 1733
1586896383050 0.0 1734
1586896387103 0.04999999888241291 1735
1586896394025 0.07999999821186066 1736
1586896399407 0.0 1737
1586896404821 0.0 1738
1586896409527 0.0 1739
1586896414586 0.0 1740
1586896418297 0.0 1741
1586896422599 0.0 1742
1586896429610 0.0 1743
1586896435364 0.0 1744
1586896439647 0.0 1745
1586896444723 0.0 1746
1586896450157 0.0 1747
1586896453972 0.0 1748
1586896457398 0.06999999843537807 1749
1586896461071 0.0 1750
1586896466187 0.0 1751
1586896470642 0.1099999975413084 1752
1586896477093 0.0 1753
1586896481784 0.04999999888241291 1754
1586896487789 0.0 1755
1586896493062 0.0 1756
1586896497477 0.0 1757
1586896501629 0.0 1758
1586896505298 0.0 1759
1586896508685 0.0 1760
1586896512372 0.0 1761
1586896516306 0.0 1762
1586896520028 0.0 1763
1586896524362 0.13999999687075615 1764
1586896527900 0.0 1765
1586896531524 0.0 1766
1586896535305 0.0 1767
1586896539942 0.0 1768
1586896548197 0.0 1769
1586896552835 0.0 1770
1586896557500 0.07999999821186066 1771
1586896561409 0.11999999731779099 1772
1586896565884 0.0 1773
1586896569593 0.0 1774
1586896573184 0.0 1775
1586896576851 0.0 1776
1586896580809 0.0 1777
1586896585359 0.0 1778
1586896590111 0.0 1779
1586896594652 0.0 1780
1586896599236 0.0 1781
1586896603707 0.0 1782
1586896607609 0.0 1783
1586896611841 0.0 1784
1586896615810 0.0 1785
1586896619697 0.0 1786
1586896623401 0.0 1787
1586896627188 0.0 1788
1586896631107 0.0 1789
1586896634945 0.0 1790
1586896638717 0.0 1791
1586896642990 0.0 1792
1586896648002 0.0 1793
1586896653112 0.0 1794
1586896658772 0.0 1795
1586896663898 0.0 1796
1586896669673 0.0 1797
1586896677000 0.0 1798
1586896684689 0.0 1799
1586896689586 0.0 1800
1586896697444 0.0 1801
1586896702406 0.0 1802
1586896709585 0.0 1803
1586896718197 0.0 1804
1586896724401 0.0 1805
1586896729885 0.0 1806
1586896735901 0.0 1807
1586896743367 0.0 1808
1586896753396 0.0 1809
1586896761421 0.0 1810
1586896767820 0.0 1811
1586896773821 0.0 1812
1586896779900 0.0 1813
1586896784862 0.0 1814
1586896789905 0.0 1815
1586896795560 0.0 1816
1586896801130 0.0 1817
1586896806401 0.0 1818
1586896812521 0.0 1819
1586896819093 0.0 1820
1586896826921 0.0 1821
1586896833519 0.0 1822
1586896839546 0.0 1823
1586896846353 0.0 1824
1586896852516 0.13999999687075615 1825
1586896857684 0.0 1826
1586896866139 0.0 1827
1586896874799 0.0 1828
1586896882250 0.0 1829
1586896887891 0.0 1830
1586896895771 0.0 1831
1586896901337 0.0 1832
1586896908964 0.0 1833
1586896914717 0.0 1834
1586896921656 0.0 1835
1586896927356 0.0 1836
1586896932652 0.0 1837
1586896937703 0.0 1838
1586896943109 0.0 1839
1586896948326 0.0 1840
1586896954115 0.18999999575316906 1841
1586896959528 0.0 1842
1586896965062 0.0 1843
1586896971833 0.0 1844
1586896978519 0.0 1845
1586896986330 0.0 1846
1586896991718 0.0 1847
1586896997229 0.0 1848
1586897002377 0.0 1849
1586897007628 0.0 1850
1586897012936 0.0 1851
1586897019750 0.0 1852
1586897026100 0.0 1853
1586897032401 0.0 1854
1586897038054 0.0 1855
1586897043912 0.0 1856
1586897049350 0.0 1857
1586897054567 0.0 1858
1586897060004 0.0 1859
1586897066398 0.0 1860
1586897071990 0.0 1861
1586897078116 0.0 1862
1586897082829 0.0 1863
1586897089434 0.0 1864
1586897094680 0.0 1865
1586897100357 0.0 1866
1586897105722 0.0 1867
1586897111225 0.0 1868
1586897116057 0.0 1869
1586897121007 0.0 1870
1586897125644 0.0 1871
1586897130712 0.0 1872
1586897135158 0.0 1873
1586897139565 0.13999999687075615 1874
1586897144055 0.07999999821186066 1875
1586897148574 0.0 1876
1586897153819 0.0 1877
1586897158878 0.0 1878
1586897163085 0.0 1879
1586897167652 0.0 1880
1586897172217 0.0 1881
1586897177570 0.0 1882
1586897182620 0.0 1883
1586897187325 0.0 1884
1586897191744 0.0 1885
1586897195832 0.0 1886
1586897200058 0.0 1887
1586897205115 0.0 1888
1586897209176 0.0 1889
1586897213379 0.0 1890
1586897217584 0.0 1891
1586897222004 0.0 1892
1586897226425 0.03999999910593033 1893
1586897230813 0.0 1894
1586897235197 0.0 1895
1586897239598 0.0 1896
1586897243880 0.0 1897
1586897248025 0.0 1898
1586897252309 0.0 1899
1586897256370 0.0 1900
1586897261961 0.05999999865889549 1901
1586897266349 0.0 1902
1586897270639 0.0 1903
1586897274803 0.0 1904
1586897279151 0.1599999964237213 1905
1586897283564 0.0 1906
1586897287918 0.0 1907
1586897292104 0.0 1908
1586897296393 0.0 1909
1586897300731 0.0 1910
1586897304869 0.0 1911
1586897309128 0.09999999776482582 1912
1586897313493 0.0 1913
1586897317638 0.0 1914
1586897321746 0.0 1915
1586897325972 0.0 1916
1586897329912 0.0 1917
1586897334082 0.0 1918
1586897338568 0.0 1919
1586897343174 0.0 1920
1586897347728 0.0 1921
1586897352346 0.0 1922
1586897356783 0.0 1923
1586897360905 0.1699999962002039 1924
1586897365238 0.0 1925
1586897369398 0.0 1926
1586897373798 0.0 1927
1586897377764 0.0 1928
1586897381778 0.0 1929
1586897385673 0.0 1930
1586897389545 0.0 1931
1586897393609 0.0 1932
1586897397776 0.0 1933
1586897402197 0.0 1934
1586897406536 0.0 1935
1586897410904 0.0 1936
1586897415276 0.0 1937
1586897419832 0.0 1938
1586897424201 0.13999999687075615 1939
1586897428503 0.11999999731779099 1940
1586897432992 0.0 1941
1586897437244 0.0 1942
1586897441690 0.0 1943
1586897446119 0.0 1944
1586897450485 0.0 1945
1586897454654 0.0 1946
1586897458890 0.0 1947
1586897463449 0.0 1948
1586897467593 0.0 1949
1586897471931 0.0 1950
1586897476351 0.0 1951
1586897480673 0.0 1952
1586897484779 0.14999999664723873 1953
1586897489229 0.0 1954
1586897493853 0.0 1955
1586897498358 0.0 1956
1586897505385 0.0 1957
1586897511031 0.0 1958
1586897516169 0.0 1959
1586897521171 0.0 1960
1586897525912 0.06999999843537807 1961
1586897531532 0.0 1962
1586897536067 0.0 1963
1586897540794 0.0 1964
1586897545198 0.09999999776482582 1965
1586897549759 0.0 1966
1586897554487 0.0 1967
1586897559723 0.0 1968
1586897564515 0.0 1969
1586897569281 0.0 1970
1586897574071 0.0 1971
1586897578935 0.0 1972
1586897585377 0.0 1973
1586897590446 0.0 1974
1586897595874 0.0 1975
1586897601365 0.0 1976
1586897607376 0.0 1977
1586897612352 0.14999999664723873 1978
1586897617271 0.0 1979
1586897621648 0.0 1980
1586897626052 0.06999999843537807 1981
1586897631781 0.0 1982
1586897637731 0.0 1983
1586897643605 0.0 1984
1586897650577 0.0 1985
1586897657218 0.0 1986
1586897663668 0.0 1987
1586897669108 0.0 1988
1586897674379 0.0 1989
1586897680425 0.0 1990
1586897686565 0.0 1991
1586897692775 0.0 1992
1586897700190 0.08999999798834324 1993
1586897707543 0.0 1994
1586897712571 0.0 1995
1586897717732 0.0 1996
1586897722296 0.0 1997
1586897727953 0.0 1998
1586897733007 0.0 1999
1586897738952 0.0 2000
1586897748460 0.0 2001
1586897754983 0.12999999709427357 2002
1586897761362 0.11999999731779099 2003
1586897767340 0.0 2004
1586897776035 0.0 2005
1586897782831 0.0 2006
1586897789245 0.0 2007
1586897794584 0.0 2008
1586897799545 0.0 2009
1586897803707 0.0 2010
1586897807810 0.0 2011
1586897811265 0.1599999964237213 2012
1586897814754 0.0 2013
1586897818489 0.0 2014
1586897822418 0.0 2015
1586897825940 0.0 2016
1586897829327 0.05999999865889549 2017
1586897832780 0.05999999865889549 2018
1586897836134 0.0 2019
1586897839569 0.0 2020
1586897842927 0.0 2021
1586897846359 0.0 2022
1586897849694 0.0 2023
1586897853098 0.0 2024
1586897856488 0.0 2025
1586897860492 0.0 2026
1586897864210 0.0 2027
1586897868025 0.0 2028
1586897872427 0.0 2029
1586897876887 0.06999999843537807 2030
1586897882668 0.0 2031
1586897886683 0.0 2032
1586897890892 0.0 2033
1586897894329 0.0 2034
1586897897698 0.0 2035
1586897901401 0.0 2036
1586897906007 0.0 2037
1586897909815 0.0 2038
1586897913493 0.0 2039
1586897916976 0.0 2040
1586897920624 0.0 2041
1586897924307 0.0 2042
1586897927979 0.0 2043
1586897932547 0.0 2044
1586897937218 0.0 2045
1586897941342 0.0 2046
1586897945102 0.0 2047
1586897948830 0.0 2048
1586897953033 0.13999999687075615 2049
1586897956958 0.06999999843537807 2050
1586897960748 0.0 2051
1586897964206 0.0 2052
1586897967961 0.0 2053
1586897971892 0.0 2054
1586897975345 0.0 2055
1586897978847 0.0 2056
1586897982205 0.0 2057
1586897985381 0.0 2058
1586897988839 0.0 2059
1586897992367 0.0 2060
1586897995780 0.0 2061
1586897999002 0.0 2062
1586898004125 0.0 2063
1586898007598 0.0 2064
1586898010929 0.0 2065
1586898014227 0.0 2066
1586898017633 0.0 2067
1586898020785 0.0 2068
1586898023989 0.0 2069
1586898027210 0.0 2070
1586898030478 0.0 2071
1586898033633 0.0 2072
1586898036851 0.029999999329447746 2073
1586898040038 0.0 2074
1586898042961 0.0 2075
1586898046409 0.09999999776482582 2076
1586898049663 0.0 2077
1586898052720 0.0 2078
1586898055950 0.0 2079
1586898059139 0.0 2080
1586898062376 0.0 2081
1586898065624 0.0 2082
1586898069065 0.0 2083
1586898072284 0.0 2084
1586898075503 0.0 2085
1586898078740 0.0 2086
1586898081945 0.0 2087
1586898085150 0.0 2088
1586898088367 0.0 2089
1586898091636 0.0 2090
1586898094791 0.11999999731779099 2091
1586898098012 0.0 2092
1586898101110 0.0 2093
1586898104365 0.0 2094
1586898107403 0.0 2095
1586898110604 0.0 2096
1586898113722 0.0 2097
1586898116829 0.0 2098
1586898120023 0.0 2099
1586898123217 0.0 2100
1586898126686 0.0 2101
1586898129857 0.12999999709427357 2102
1586898132993 0.0 2103
1586898136213 0.0 2104
1586898139237 0.0 2105
1586898142353 0.12999999709427357 2106
1586898145640 0.0 2107
1586898148926 0.0 2108
1586898152196 0.0 2109
1586898155350 0.11999999731779099 2110
1586898158421 0.0 2111
1586898161535 0.0 2112
1586898164486 0.0 2113
1586898167580 0.0 2114
1586898170729 0.0 2115
1586898173786 0.0 2116
1586898177088 0.12999999709427357 2117
1586898180306 0.0 2118
1586898183375 0.0 2119
1586898186562 0.07999999821186066 2120
1586898189719 0.0 2121
1586898192920 0.0 2122
1586898196058 0.04999999888241291 2123
1586898199373 0.0 2124
1586898202527 0.0 2125
1586898205732 0.0 2126
1586898208835 0.0 2127
1586898211984 0.0 2128
1586898215215 0.0 2129
1586898218144 0.0 2130
1586898221420 0.0 2131
1586898224431 0.0 2132
1586898227535 0.0 2133
1586898230739 0.0 2134
1586898233875 0.0 2135
1586898237046 0.0 2136
1586898240381 0.0 2137
1586898243502 0.06999999843537807 2138
1586898246656 0.0 2139
1586898249890 0.0 2140
1586898253179 0.0 2141
1586898256330 0.0 2142
1586898259504 0.0 2143
1586898262620 0.0 2144
1586898265705 0.0 2145
1586898268835 0.0 2146
1586898271928 0.0 2147
1586898275011 0.0 2148
1586898278218 0.09999999776482582 2149
1586898281594 0.0 2150
1586898284959 0.0 2151
1586898288012 0.0 2152
1586898291300 0.0 2153
1586898294484 0.0 2154
1586898297888 0.0 2155
1586898301162 0.0 2156
1586898304378 0.0 2157
1586898307731 0.0 2158
1586898310816 0.0 2159
1586898314053 0.0 2160
1586898317058 0.0 2161
1586898320416 0.0 2162
1586898323592 0.0 2163
1586898326818 0.0 2164
1586898330083 0.0 2165
1586898333319 0.0 2166
1586898336527 0.0 2167
1586898339646 0.0 2168
1586898342881 0.0 2169
1586898345986 0.0 2170
1586898349206 0.0 2171
1586898352358 0.0 2172
1586898355561 0.0 2173
1586898358798 0.0 2174
1586898361967 0.0 2175
1586898365019 0.0 2176
1586898368187 0.0 2177
1586898371361 0.0 2178
1586898374616 0.0 2179
1586898377863 0.14999999664723873 2180
1586898381002 0.0 2181
1586898384229 0.0 2182
1586898387411 0.0 2183
1586898390746 0.0 2184
1586898393963 0.0 2185
1586898397100 0.0 2186
1586898400188 0.0 2187
1586898403492 0.0 2188
1586898406647 0.0 2189
1586898410046 0.0 2190
1586898413103 0.0 2191
1586898416262 0.0 2192
1586898419464 0.0 2193
1586898422684 0.0 2194
1586898426023 0.08999999798834324 2195
1586898429169 0.0 2196
1586898432434 0.019999999552965164 2197
1586898435585 0.0 2198
1586898438797 0.0 2199
1586898442043 0.0 2200
1586898445712 0.25999999418854713 2201
1586898448918 0.0 2202
1586898452205 0.0 2203
1586898455424 0.0 2204
1586898458492 0.0 2205
1586898461701 0.0 2206
1586898464870 0.0 2207
1586898468022 0.0 2208
1586898471303 0.0 2209
1586898474410 0.0 2210
1586898477697 0.0 2211
1586898480781 0.0 2212
1586898483813 0.0 2213
1586898487056 0.0 2214
1586898490287 0.0 2215
1586898493467 0.029999999329447746 2216
1586898496615 0.0 2217
1586898499833 0.0 2218
1586898503019 0.0 2219
1586898506172 0.0 2220
1586898509263 0.0 2221
1586898512530 0.0 2222
1586898515616 0.0 2223
1586898518821 0.0 2224
1586898522040 0.0 2225
1586898525191 0.0 2226
1586898528323 0.0 2227
1586898531500 0.0 2228
1586898534839 0.0 2229
1586898537801 0.0 2230
1586898540870 0.11999999731779099 2231
1586898544049 0.11999999731779099 2232
1586898547304 0.0 2233
1586898550534 0.05999999865889549 2234
1586898553669 0.0 2235
1586898556904 0.0 2236
1586898560246 0.0 2237
1586898563798 0.0 2238
1586898567399 0.0 2239
1586898570921 0.0 2240
1586898574040 0.0 2241
1586898577098 0.0 2242
1586898580361 0.0 2243
1586898583629 0.0 2244
1586898586901 0.0 2245
1586898590159 0.0 2246
1586898593572 0.0 2247
1586898596743 0.0 2248
1586898599960 0.0 2249
1586898603150 0.0 2250
1586898606336 0.0 2251
1586898609488 0.0 2252
1586898612929 0.0 2253
1586898616397 0.0 2254
1586898619852 0.0 2255
1586898623404 0.0 2256
1586898626769 0.0 2257
1586898629991 0.0 2258
1586898633107 0.0 2259
1586898636267 0.0 2260
1586898639385 0.0 2261
1586898642635 0.11999999731779099 2262
1586898645791 0.0 2263
1586898648874 0.0 2264
1586898652112 0.0 2265
1586898655339 0.0 2266
1586898658437 0.0 2267
1586898661737 0.0 2268
1586898664957 0.0 2269
1586898668142 0.0 2270
1586898671366 0.0 2271
1586898674552 0.0 2272
1586898677718 0.0 2273
1586898680971 0.0 2274
1586898684269 0.0 2275
1586898687530 0.0 2276
1586898691224 0.0 2277
1586898694990 0.0 2278
1586898698169 0.11999999731779099 2279
1586898701388 0.0 2280
1586898704591 0.0 2281
1586898707900 0.1699999962002039 2282
1586898711257 0.0 2283
1586898714373 0.0 2284
1586898717645 0.0 2285
1586898721130 0.0 2286
1586898724635 0.0 2287
1586898727989 0.0 2288
1586898731376 0.24999999441206455 2289
1586898734712 0.0 2290
1586898737830 0.0 2291
1586898741366 0.0 2292
1586898744639 0.0 2293
1586898747823 0.0 2294
1586898750859 0.0 2295
1586898753990 0.0 2296
1586898757441 0.0 2297
1586898760687 0.0 2298
1586898763742 0.0 2299
1586898766858 0.0 2300
1586898770346 0.0 2301
1586898773819 0.12999999709427357 2302
1586898777508 0.1099999975413084 2303
1586898780741 0.0 2304
1586898784094 0.0 2305
1586898787263 0.0 2306
1586898790534 0.0 2307
1586898793684 0.0 2308
1586898796886 0.0 2309
1586898800110 0.0 2310
1586898803347 0.0 2311
1586898806648 0.0 2312
1586898809936 0.0 2313
1586898813139 0.0 2314
1586898816340 0.0 2315
1586898819336 0.0 2316
1586898822548 0.0 2317
1586898825617 0.0 2318
1586898828838 0.0 2319
1586898832040 0.0 2320
1586898835213 0.0 2321
1586898838288 0.0 2322
1586898841516 0.09999999776482582 2323
1586898844704 0.0 2324
1586898847788 0.0 2325
1586898850894 0.0 2326
1586898854010 0.0 2327
1586898857195 0.0 2328
1586898860442 0.05999999865889549 2329
1586898863512 0.0 2330
1586898866734 0.0 2331
1586898869861 0.0 2332
1586898873080 0.0 2333
1586898876316 0.0 2334
1586898879352 0.12999999709427357 2335
1586898882789 0.0 2336
1586898885943 0.0 2337
1586898889047 0.13999999687075615 2338
1586898892349 0.0 2339
1586898895401 0.0 2340
1586898898503 0.0 2341
1586898901730 0.0 2342
1586898905010 0.0 2343
1586898908198 0.0 2344
1586898911616 0.0 2345
1586898914809 0.0 2346
1586898917905 0.0 2347
1586898921172 0.0 2348
1586898924197 0.0 2349
1586898927415 0.0 2350
1586898930535 0.0 2351
1586898933739 0.0 2352
1586898936791 0.0 2353
1586898939944 0.08999999798834324 2354
1586898943099 0.0 2355
1586898946134 0.0 2356
1586898949340 0.0 2357
1586898952447 0.0 2358
1586898955575 0.0 2359
1586898958783 0.029999999329447746 2360
1586898961848 0.0 2361
1586898965034 0.0 2362
1586898968192 0.0 2363
1586898971481 0.0 2364
1586898974476 0.14999999664723873 2365
1586898977662 0.0 2366
1586898980887 0.0 2367
1586898984024 0.0 2368
1586898987125 0.0 2369
1586898990262 0.0 2370
1586898993483 0.0 2371
1586898996616 0.0 2372
1586898999739 0.0 2373
1586899002888 0.0 2374
1586899006044 0.0 2375
1586899009474 0.03999999910593033 2376
1586899012634 0.0 2377
1586899015833 0.0 2378
1586899018925 0.0 2379
1586899022242 0.0 2380
1586899025674 0.0 2381
1586899028799 0.0 2382
1586899032036 0.0 2383
1586899035272 0.0 2384
1586899038624 0.1099999975413084 2385
1586899041760 0.0 2386
1586899045015 0.0 2387
1586899048152 0.0 2388
1586899051385 0.09999999776482582 2389
1586899054539 0.0 2390
1586899057775 0.0 2391
1586899060963 0.0 2392
1586899064234 0.0 2393
1586899067252 0.0 2394
1586899070438 0.0 2395
1586899073539 0.0 2396
1586899076740 0.0 2397
1586899079898 0.0 2398
1586899083104 0.0 2399
1586899086375 0.0 2400
1586899089706 0.0 2401
1586899093029 0.0 2402
1586899096214 0.0 2403
1586899099365 0.0 2404
1586899102535 0.0 2405
1586899105775 0.0 2406
1586899108807 0.0 2407
1586899112166 0.0 2408
1586899115400 0.0 2409
1586899118627 0.0 2410
1586899121940 0.0 2411
1586899124989 0.0 2412
1586899128162 0.0 2413
1586899131651 0.0 2414
1586899134885 0.0 2415
1586899138133 0.0 2416
1586899141441 0.0 2417
1586899144596 0.0 2418
1586899147746 0.0 2419
1586899150750 0.0 2420
1586899153970 0.0 2421
1586899157207 0.0 2422
1586899160374 0.0 2423
1586899163511 0.0 2424
1586899166770 0.0 2425
1586899169911 0.0 2426
1586899173072 0.0 2427
1586899176154 0.07999999821186066 2428
1586899179392 0.0 2429
1586899182732 0.0 2430
1586899186000 0.0 2431
1586899189177 0.0 2432
1586899192441 0.0 2433
1586899195559 0.0 2434
1586899198661 0.0 2435
1586899201814 0.0 2436
1586899205020 0.0 2437
1586899208170 0.0 2438
1586899211257 0.0 2439
1586899214476 0.0 2440
1586899217580 0.0 2441
1586899220768 0.0 2442
1586899223893 0.0 2443
1586899227138 0.0 2444
1586899230442 0.0 2445
1586899233651 0.0 2446
1586899236829 0.0 2447
1586899239972 0.0 2448
1586899243155 0.0 2449
1586899246352 0.0 2450
1586899249394 0.0 2451
1586899252533 0.0 2452
1586899255686 0.0 2453
1586899258673 0.0 2454
1586899261974 0.0 2455
1586899265078 0.0 2456
1586899268250 0.0 2457
1586899271284 0.0 2458
1586899274453 0.0 2459
1586899277489 0.0 2460
1586899280708 0.0 2461
1586899283911 0.0 2462
1586899287151 0.0 2463
1586899290368 0.0 2464
1586899293621 0.0 2465
1586899296876 0.0 2466
1586899299975 0.0 2467
1586899303199 0.0 2468
1586899306353 0.0 2469
1586899309638 0.0 2470
1586899312738 0.0 2471
1586899315958 0.0 2472
1586899319029 0.0 2473
1586899322119 0.12999999709427357 2474
1586899325309 0.0 2475
1586899328459 0.0 2476
1586899331624 0.0 2477
1586899334724 0.0 2478
1586899337863 0.0 2479
1586899341037 0.13999999687075615 2480
1586899344256 0.04999999888241291 2481
1586899347375 0.0 2482
1586899350676 0.0 2483
1586899353764 0.0 2484
1586899356900 0.0 2485
1586899360020 0.0 2486
1586899363303 0.0 2487
1586899366544 0.0 2488
1586899369828 0.0 2489
1586899372860 0.0 2490
1586899375969 0.14999999664723873 2491
1586899379136 0.0 2492
1586899382361 0.0 2493
1586899385644 0.0 2494
1586899388783 0.0 2495
1586899391941 0.0 2496
1586899395088 0.0 2497
1586899398361 0.0 2498
1586899401470 0.13999999687075615 2499
1586899404454 0.0 2500
