1587809130828 1 1
1587809136715 0.995 2
1587809142612 0.990025 3
1587809148548 0.985074875 4
1587809154543 0.9801495006250001 5
1587809161094 0.9752487531218751 6
1587809167051 0.9703725093562657 7
1587809173001 0.9655206468094844 8
1587809178945 0.960693043575437 9
1587809184888 0.9558895783575597 10
1587809190858 0.9511101304657719 11
1587809196808 0.946354579813443 12
1587809202777 0.9416228069143757 13
1587809208744 0.9369146928798039 14
1587809214699 0.9322301194154049 15
1587809220653 0.9275689688183278 16
1587809226622 0.9229311239742362 17
1587809232587 0.918316468354365 18
1587809238551 0.9137248860125932 19
1587809244599 0.9091562615825302 20
1587809250567 0.9046104802746175 21
1587809256531 0.9000874278732445 22
1587809262502 0.8955869907338783 23
1587809268471 0.8911090557802088 24
1587809274434 0.8866535105013078 25
1587809280392 0.8822202429488013 26
1587809286379 0.8778091417340573 27
1587809292346 0.8734200960253871 28
1587809298307 0.8690529955452602 29
1587809304268 0.8647077305675338 30
1587809310317 0.8603841919146962 31
1587809316295 0.8560822709551227 32
1587809322263 0.851801859600347 33
1587809328264 0.8475428503023453 34
1587809334286 0.8433051360508336 35
1587809340749 0.8390886103705794 36
1587809346773 0.8348931673187264 37
1587809352760 0.8307187014821328 38
1587809358755 0.8265651079747222 39
1587809364810 0.8224322824348486 40
1587809370805 0.8183201210226743 41
1587809376814 0.8142285204175609 42
1587809382806 0.810157377815473 43
1587809388802 0.8061065909263957 44
1587809394811 0.8020760579717637 45
1587809400821 0.798065677681905 46
1587809406847 0.7940753492934954 47
1587809412854 0.7901049725470279 48
1587809418862 0.7861544476842928 49
1587809424868 0.7822236754458713 50
1587809430881 0.778312557068642 51
1587809436888 0.7744209942832988 52
1587809442894 0.7705488893118823 53
1587809448921 0.7666961448653229 54
1587809454925 0.7628626641409962 55
1587809460942 0.7590483508202912 56
1587809467012 0.7552531090661897 57
1587809473031 0.7514768435208588 58
1587809479054 0.7477194593032545 59
1587809485159 0.7439808620067382 60
1587809491184 0.7402609576967045 61
1587809497212 0.736559652908221 62
1587809503235 0.7328768546436799 63
1587809509272 0.7292124703704616 64
1587809515558 0.7255664080186093 65
1587809521897 0.7219385759785162 66
1587809527933 0.7183288830986236 67
1587809533970 0.7147372386831305 68
1587809540013 0.7111635524897149 69
1587809546047 0.7076077347272662 70
1587809552087 0.7040696960536299 71
1587809558126 0.7005493475733617 72
1587809564170 0.697046600835495 73
1587809570237 0.6935613678313175 74
1587809576277 0.6900935609921609 75
1587809582355 0.6866430931872001 76
1587809588421 0.6832098777212641 77
1587809594492 0.6797938283326578 78
1587809600589 0.6763948591909945 79
1587809606739 0.6730128848950395 80
1587809612803 0.6696478204705644 81
1587809618865 0.6662995813682115 82
1587809624920 0.6629680834613705 83
1587809630977 0.6596532430440636 84
1587809637045 0.6563549768288433 85
1587809643131 0.653073201944699 86
1587809649214 0.6498078359349755 87
1587809655292 0.6465587967553006 88
1587809661363 0.6433260027715241 89
1587809667445 0.6401093727576664 90
1587809673517 0.6369088258938781 91
1587809679576 0.6337242817644086 92
1587809685647 0.6305556603555866 93
1587809691732 0.6274028820538087 94
1587809698360 0.6242658676435396 95
1587809704479 0.6211445383053219 96
1587809710566 0.6180388156137953 97
1587809716663 0.6149486215357263 98
1587809722793 0.6118738784280476 99
1587809728971 0.6088145090359074 100
1587809735108 0.6057704364907278 101
1587809741222 0.6027415843082742 102
1587809747332 0.5997278763867329 103
1587809753452 0.5967292370047992 104
1587809759570 0.5937455908197752 105
1587809765706 0.5907768628656763 106
1587809771829 0.5878229785513479 107
1587809777964 0.5848838636585911 108
1587809784080 0.5819594443402982 109
1587809790196 0.5790496471185967 110
1587809796291 0.5761543988830038 111
1587809802375 0.5732736268885887 112
1587809808475 0.5704072587541458 113
1587809814573 0.567555222460375 114
1587809820672 0.5647174463480732 115
1587809826794 0.5618938591163328 116
1587809832976 0.5590843898207511 117
1587809839070 0.5562889678716474 118
1587809845179 0.5535075230322891 119
1587809851357 0.5507399854171277 120
1587809857458 0.547986285490042 121
1587809863559 0.5452463540625918 122
1587809869662 0.5425201222922789 123
1587809876062 0.5398075216808175 124
1587809882437 0.5371084840724134 125
1587809888557 0.5344229416520513 126
1587809894687 0.531750826943791 127
1587809900796 0.5290920728090721 128
1587809906946 0.5264466124450268 129
1587809913100 0.5238143793828016 130
1587809919225 0.5211953074858876 131
1587809925359 0.5185893309484582 132
1587809931518 0.5159963842937159 133
1587809937665 0.5134164023722473 134
1587809943841 0.510849320360386 135
1587809949982 0.5082950737585841 136
1587809956116 0.5057535983897912 137
1587809962251 0.5032248303978422 138
1587809968400 0.500708706245853 139
1587809974615 0.4982051627146237 140
1587809980767 0.49571413690105054 141
1587809986917 0.4932355662165453 142
1587809993064 0.4907693883854626 143
1587809999205 0.4883155414435353 144
1587810005384 0.4858739637363176 145
1587810011554 0.483444593917636 146
1587810017700 0.4810273709480478 147
1587810023846 0.47862223409330756 148
1587810030000 0.47622912292284103 149
1587810036179 0.4738479773082268 150
1587810042326 0.47147873742168567 151
1587810048462 0.46912134373457726 152
1587810054712 0.46677573701590436 153
1587810061499 0.46444185833082485 154
1587810067700 0.46211964903917074 155
1587810073879 0.4598090507939749 156
1587810080060 0.457510005540005 157
1587810086228 0.45522245551230495 158
1587810092406 0.4529463432347434 159
1587810098661 0.4506816115185697 160
1587810104848 0.4484282034609769 161
1587810111042 0.446186062443672 162
1587810117248 0.4439551321314536 163
1587810123467 0.4417353564707963 164
1587810129680 0.43952667968844233 165
1587810135881 0.43732904629000013 166
1587810142069 0.4351424010585501 167
1587810148280 0.43296668905325736 168
1587810154487 0.43080185560799106 169
1587810160678 0.4286478463299511 170
1587810166880 0.42650460709830135 171
1587810173101 0.42437208406280985 172
1587810179318 0.4222502236424958 173
1587810185585 0.42013897252428334 174
1587810191841 0.4180382776616619 175
1587810198058 0.4159480862733536 176
1587810204272 0.41386834584198684 177
1587810210485 0.4117990041127769 178
1587810216706 0.40974000909221303 179
1587810223000 0.40769130904675194 180
1587810229223 0.40565285250151817 181
1587810235667 0.4036245882390106 182
1587810242201 0.4016064652978155 183
1587810248474 0.3995984329713264 184
1587810254701 0.3976004408064698 185
1587810260918 0.39561243860243744 186
1587810267143 0.3936343764094253 187
1587810273350 0.39166620452737816 188
1587810279581 0.3897078735047413 189
1587810285808 0.3877593341372176 190
1587810292031 0.3858205374665315 191
1587810298260 0.38389143477919885 192
1587810304517 0.3819719776053028 193
1587810310781 0.3800621177172763 194
1587810317024 0.37816180712868996 195
1587810323279 0.37627099809304654 196
1587810329561 0.3743896431025813 197
1587810335811 0.37251769488706843 198
1587810342066 0.3706551064126331 199
1587810348399 0.36880183088056995 200
1587810354680 0.3669578217261671 201
1587810361029 0.36512303261753626 202
1587810367349 0.3632974174544486 203
1587810373620 0.3614809303671764 204
1587810379884 0.3596735257153405 205
1587810386182 0.3578751580867638 206
1587810392456 0.35608578229633 207
1587810398736 0.3543053533848483 208
1587810405016 0.35253382661792404 209
1587810411280 0.3507711574848344 210
1587810418046 0.34901730169741024 211
1587810424353 0.3472722151889232 212
1587810430647 0.3455358541129786 213
1587810436930 0.3438081748424137 214
1587810443225 0.3420891339682016 215
1587810449526 0.3403786882983606 216
1587810455829 0.3386767948568688 217
1587810462126 0.33698341088258443 218
1587810468433 0.3352984938281715 219
1587810474817 0.33362200135903064 220
1587810481120 0.33195389135223546 221
1587810487475 0.3302941218954743 222
1587810493793 0.32864265128599696 223
1587810500102 0.326999438029567 224
1587810506433 0.3253644408394192 225
1587810512766 0.3237376186352221 226
1587810519093 0.322118930542046 227
1587810525406 0.32050833588933575 228
1587810531735 0.31890579420988907 229
1587810538059 0.3173112652388396 230
1587810544593 0.3157247089126454 231
1587810551589 0.3141460853680822 232
1587810558965 0.3125753549412418 233
1587810566375 0.31101247816653554 234
1587810573471 0.30945741577570285 235
1587810580314 0.3079101286968243 236
1587810586895 0.3063705780533402 237
1587810593560 0.30483872516307353 238
1587810600702 0.3033145315372582 239
1587810607456 0.3017979588795719 240
1587810614098 0.30028896908517405 241
1587810620711 0.2987875242397482 242
1587810627225 0.29729358661854943 243
1587810633890 0.29580711868545667 244
1587810640504 0.2943280830920294 245
1587810647192 0.29285644267656924 246
1587810653952 0.2913921604631864 247
1587810660630 0.28993519966087045 248
1587810667326 0.2884855236625661 249
1587810674078 0.28704309604425327 250
1587810680814 0.285607880564032 251
1587810687480 0.28417984116121187 252
1587810694113 0.2827589419554058 253
1587810700868 0.28134514724562876 254
1587810707702 0.2799384215094006 255
1587810714362 0.27853872940185365 256
1587810721041 0.27714603575484437 257
1587810727477 0.2757603055760701 258
1587810733893 0.2743815040481898 259
1587810740373 0.2730095965279488 260
1587810746793 0.27164454854530906 261
1587810753222 0.2702863258025825 262
1587810759652 0.2689348941735696 263
1587810766085 0.26759021970270175 264
1587810772525 0.2662522686041882 265
1587810779463 0.2649210072611673 266
1587810785940 0.26359640222486147 267
1587810792399 0.26227842021373715 268
1587810798846 0.2609670281126685 269
1587810805303 0.25966219297210513 270
1587810811748 0.2583638820072446 271
1587810818196 0.2570720625972084 272
1587810824658 0.25578670228422234 273
1587810831108 0.25450776877280124 274
1587810837578 0.2532352299289372 275
1587810844093 0.2519690537792925 276
1587810850602 0.2507092085103961 277
1587810857109 0.2494556624678441 278
1587810863575 0.24820838415550486 279
1587810870145 0.24696734223472733 280
1587810876607 0.2457325055235537 281
1587810883081 0.24450384299593592 282
1587810889557 0.24328132378095624 283
1587810896035 0.24206491716205145 284
1587810902548 0.2408545925762412 285
1587810909041 0.23965031961336 286
1587810915543 0.2384520680152932 287
1587810922072 0.23725980767521673 288
1587810928566 0.23607350863684065 289
1587810935053 0.23489314109365644 290
1587810941565 0.23371867538818816 291
1587810948086 0.23255008201124722 292
1587810954666 0.231387331601191 293
1587810961566 0.23023039494318503 294
1587810968212 0.2290792429684691 295
1587810974767 0.22793384675362674 296
1587810981329 0.22679417751985861 297
1587810987894 0.22566020663225933 298
1587810994453 0.22453190559909803 299
1587811001103 0.22340924607110255 300
1587811007689 0.22229219984074702 301
1587811014237 0.2211807388415433 302
1587811020809 0.22007483514733558 303
1587811027411 0.2189744609715989 304
1587811033982 0.2178795886667409 305
1587811040574 0.2167901907234072 306
1587811047173 0.21570623976979014 307
1587811053761 0.21462770857094118 308
1587811060346 0.21355457002808648 309
1587811066935 0.21248679717794605 310
1587811073538 0.21142436319205632 311
1587811080131 0.21036724137609603 312
1587811086745 0.20931540516921554 313
1587811093367 0.20826882814336947 314
1587811099972 0.20722748400265262 315
1587811106586 0.20619134658263935 316
1587811113202 0.20516038984972615 317
1587811119824 0.2041345879004775 318
1587811126429 0.2031139149609751 319
1587811133131 0.20209834538617025 320
1587811140310 0.2010878536592394 321
1587811146963 0.2000824143909432 322
1587811153604 0.19908200231898848 323
1587811160248 0.19808659230739353 324
1587811166912 0.19709615934585656 325
1587811173553 0.19611067854912728 326
1587811180188 0.19513012515638165 327
1587811186844 0.19415447453059972 328
1587811193495 0.19318370215794672 329
1587811200166 0.192217783647157 330
1587811206862 0.1912566947289212 331
1587811213539 0.1903004112552766 332
1587811220190 0.18934890919900021 333
1587811226860 0.18840216465300522 334
1587811233542 0.18746015382974018 335
1587811240217 0.1865228530605915 336
1587811246912 0.18559023879528855 337
1587811253592 0.1846622876013121 338
1587811260267 0.18373897616330553 339
1587811267109 0.182820281282489 340
1587811273813 0.18190617987607657 341
1587811280505 0.18099664897669618 342
1587811287183 0.1800916657318127 343
1587811293877 0.17919120740315364 344
1587811300586 0.17829525136613786 345
1587811307294 0.17740377510930716 346
1587811314011 0.17651675623376062 347
1587811321300 0.1756341724525918 348
1587811328040 0.17475600159032884 349
1587811334763 0.17388222158237718 350
1587811341468 0.1730128104744653 351
1587811348190 0.17214774642209296 352
1587811354941 0.1712870076899825 353
1587811361701 0.17043057265153258 354
1587811368444 0.16957841978827493 355
1587811375186 0.16873052768933355 356
1587811381959 0.1678868750508869 357
1587811388727 0.16704744067563246 358
1587811395509 0.1662122034722543 359
1587811402362 0.16538114245489302 360
1587811409154 0.16455423674261854 361
1587811415928 0.16373146555890544 362
1587811422699 0.16291280823111093 363
1587811429462 0.16209824418995536 364
1587811436243 0.16128775296900558 365
1587811443049 0.16048131420416054 366
1587811449832 0.15967890763313974 367
1587811456631 0.15888051309497406 368
1587811463422 0.1580861105294992 369
1587811470225 0.1572956799768517 370
1587811477045 0.15650920157696743 371
1587811483852 0.1557266555690826 372
1587811490652 0.1549480222912372 373
1587811497975 0.15417328217978102 374
1587811504847 0.1534024157688821 375
1587811511702 0.1526354036900377 376
1587811518561 0.1518722266715875 377
1587811525403 0.15111286553822956 378
1587811532233 0.15035730121053842 379
1587811539157 0.14960551470448571 380
1587811546021 0.14885748713096328 381
1587811552874 0.14811319969530845 382
1587811559721 0.1473726336968319 383
1587811566616 0.14663577052834775 384
1587811573502 0.14590259167570602 385
1587811580355 0.1451730787173275 386
1587811587212 0.14444721332374086 387
1587811594054 0.14372497725712216 388
1587811600916 0.14300635237083656 389
1587811607764 0.14229132060898236 390
1587811614602 0.14157986400593744 391
1587811621453 0.14087196468590776 392
1587811628339 0.14016760486247823 393
1587811635197 0.13946676683816583 394
1587811642051 0.138769433003975 395
1587811648926 0.13807558583895513 396
1587811655798 0.13738520790976036 397
1587811662701 0.13669828187021155 398
1587811669582 0.13601479046086049 399
1587811677021 0.1353347165085562 400
1587811683977 0.1346580429260134 401
1587811690895 0.13398475271138335 402
1587811697808 0.13331482894782642 403
1587811704733 0.13264825480308728 404
1587811711650 0.13198501352907185 405
1587811718600 0.1313250884614265 406
1587811725535 0.13066846301911936 407
1587811732475 0.13001512070402377 408
1587811739577 0.12936504510050365 409
1587811746576 0.12871821987500112 410
1587811753502 0.12807462877562611 411
1587811760436 0.12743425563174798 412
1587811767395 0.12679708435358925 413
1587811774325 0.1261630989318213 414
1587811781266 0.1255322834371622 415
1587811788229 0.12490462201997637 416
1587811795167 0.1242800989098765 417
1587811802145 0.12365869841532712 418
1587811809133 0.12304040492325048 419
1587811816207 0.12242520289863423 420
1587811823193 0.12181307688414106 421
1587811830161 0.12120401149972035 422
1587811837146 0.12059799144222175 423
1587811844147 0.11999500148501063 424
1587811851155 0.11939502647758558 425
1587811858587 0.11879805134519765 426
1587811865615 0.11820406108847166 427
1587811872639 0.1176130407830293 428
1587811879637 0.11702497557911415 429
1587811886646 0.11643985070121858 430
1587811893654 0.11585765144771248 431
1587811900694 0.11527836319047392 432
1587811907723 0.11470197137452155 433
1587811914793 0.11412846151764894 434
1587811921878 0.1135578192100607 435
1587811928941 0.11299003011401039 436
1587811936013 0.11242507996344034 437
1587811943075 0.11186295456362313 438
1587811950144 0.11130363979080501 439
1587811957286 0.11074712159185099 440
1587811964367 0.11019338598389174 441
1587811971439 0.10964241905397228 442
1587811978502 0.10909420695870241 443
1587811985624 0.1085487359239089 444
1587811992723 0.10800599224428936 445
1587811999812 0.10746596228306791 446
1587812006900 0.10692863247165257 447
1587812013979 0.1063939893092943 448
1587812021065 0.10586201936274783 449
1587812028172 0.10533270926593409 450
1587812035526 0.10480604571960442 451
1587812042905 0.1042820154910064 452
1587812050017 0.10376060541355137 453
1587812057149 0.1032418023864836 454
1587812064273 0.10272559337455119 455
1587812071393 0.10221196540767843 456
1587812078531 0.10170090558064004 457
1587812085674 0.10119240105273684 458
1587812092809 0.10068643904747315 459
1587812100045 0.10018300685223579 460
1587812107220 0.0996820918179746 461
1587812114386 0.09918368135888474 462
1587812121540 0.09868776295209031 463
1587812128712 0.09819432413732986 464
1587812135890 0.09770335251664321 465
1587812143074 0.09721483575406 466
1587812150280 0.09672876157528969 467
1587812157483 0.09624511776741324 468
1587812164726 0.09576389217857617 469
1587812171946 0.09528507271768329 470
1587812179130 0.09480864735409487 471
1587812186338 0.0943346041173244 472
1587812193533 0.09386293109673778 473
1587812200739 0.09339361644125409 474
1587812207957 0.09292664835904782 475
1587812215303 0.09246201511725258 476
1587812222967 0.09199970504166631 477
1587812230194 0.09153970651645797 478
1587812237426 0.09108200798387568 479
1587812244790 0.0906265979439563 480
1587812252045 0.09017346495423652 481
1587812259296 0.08972259762946533 482
1587812266534 0.089273984641318 483
1587812273790 0.0888276147181114 484
1587812281030 0.08838347664452084 485
1587812288308 0.08794155926129824 486
1587812295578 0.08750185146499175 487
1587812302848 0.08706434220766679 488
1587812310111 0.08662902049662846 489
1587812317357 0.08619587539414532 490
1587812324624 0.08576489601717459 491
1587812331910 0.08533607153708872 492
1587812339177 0.08490939117940327 493
1587812346489 0.08448484422350626 494
1587812353789 0.08406242000238873 495
1587812361128 0.08364210790237678 496
1587812368462 0.0832238973628649 497
1587812375773 0.08280777787605056 498
1587812383087 0.08239373898667031 499
1587812390503 0.08198177029173696 500
1587812398356 0.08157186144027828 501
1587812405739 0.0811640021330769 502
1587812413089 0.08075818212241151 503
1587812420425 0.08035439121179945 504
1587812427751 0.07995261925574046 505
1587812435080 0.07955285615946175 506
1587812442413 0.07915509187866444 507
1587812449755 0.07875931641927113 508
1587812457102 0.07836551983717477 509
1587812464476 0.07797369223798889 510
1587812471857 0.07758382377679894 511
1587812479229 0.07719590465791494 512
1587812486627 0.07680992513462537 513
1587812494028 0.07642587550895225 514
1587812501437 0.07604374613140748 515
1587812508870 0.07566352740075044 516
1587812516290 0.07528520976374668 517
1587812523731 0.07490878371492794 518
1587812531162 0.0745342397963533 519
1587812538687 0.07416156859737154 520
1587812546097 0.07379076075438468 521
1587812553496 0.07342180695061275 522
1587812560886 0.07305469791585968 523
1587812568295 0.07268942442628039 524
1587812575931 0.07232597730414898 525
1587812583570 0.07196434741762824 526
1587812591027 0.0716045256805401 527
1587812598486 0.0712465030521374 528
1587812605958 0.0708902705368767 529
1587812613445 0.07053581918419231 530
1587812620928 0.07018314008827135 531
1587812628412 0.06983222438783 532
1587812635890 0.06948306326589085 533
1587812643412 0.0691356479495614 534
1587812650904 0.06878996970981359 535
1587812658394 0.06844601986126451 536
1587812665903 0.06810378976195819 537
1587812673378 0.0677632708131484 538
1587812680851 0.06742445445908266 539
1587812688437 0.06708733218678724 540
1587812695946 0.0667518955258533 541
1587812703466 0.06641813604822402 542
1587812710973 0.0660860453679829 543
1587812718478 0.06575561514114299 544
1587812726010 0.06542683706543727 545
1587812733538 0.06509970288011008 546
1587812741266 0.06477420436570952 547
1587812748804 0.06445033334388098 548
1587812756596 0.06412808167716157 549
1587812764286 0.06380744126877576 550
1587812771847 0.06348840406243188 551
1587812779416 0.06317096204211972 552
1587812786960 0.06285510723190912 553
1587812794497 0.06254083169574957 554
1587812802059 0.062228127537270826 555
1587812809640 0.06191698689958447 556
1587812817202 0.061607401965086545 557
1587812824784 0.06129936495526111 558
1587812832388 0.0609928681304848 559
1587812840065 0.060687903789832374 560
1587812847679 0.06038446427088321 561
1587812855286 0.06008254194952879 562
1587812862870 0.05978212923978115 563
1587812870475 0.05948321859358224 564
1587812878083 0.05918580250061433 565
1587812885768 0.058889873488111255 566
1587812893420 0.058595424120670696 567
1587812901064 0.05830244700006734 568
1587812908675 0.058010934765067 569
1587812916276 0.05772088009124167 570
1587812923882 0.05743227569078546 571
1587812931497 0.05714511431233153 572
1587812939604 0.05685938874076987 573
1587812947275 0.056575091797066025 574
1587812954925 0.056292216338080694 575
1587812962575 0.05601075525639029 576
1587812970234 0.05573070148010834 577
1587812977890 0.0554520479727078 578
1587812985607 0.05517478773284426 579
1587812993401 0.05489891379418004 580
1587813001043 0.05462441922520914 581
1587813008752 0.0543512971290831 582
1587813016442 0.05407954064343768 583
1587813024149 0.05380914294022049 584
1587813031830 0.05354009722551939 585
1587813039514 0.05327239673939179 586
1587813047199 0.053006034755694834 587
1587813054860 0.052741004581916356 588
1587813062582 0.052477299559006776 589
1587813070330 0.052214913061211746 590
1587813078043 0.05195383849590569 591
1587813085771 0.05169406930342616 592
1587813093518 0.05143559895690903 593
1587813101269 0.051178420962124486 594
1587813109029 0.05092252885731386 595
1587813117144 0.05066791621302729 596
1587813124933 0.05041457663196215 597
1587813132708 0.050162503748802344 598
1587813140454 0.049911691230058335 599
1587813148324 0.04966213277390804 600
1587813156113 0.0494138221100385 601
1587813163883 0.04916675299948831 602
1587813171654 0.04892091923449087 603
1587813179403 0.04867631463831842 604
1587813187237 0.048432933065126825 605
1587813195071 0.048190768399801194 606
1587813202879 0.04794981455780219 607
1587813210698 0.04771006548501318 608
1587813218514 0.047471515157588115 609
1587813226345 0.047234157581800176 610
1587813234172 0.046997986793891174 611
1587813242022 0.04676299685992172 612
1587813249869 0.04652918187562211 613
1587813257715 0.046296535966244 614
1587813265566 0.046065053286412784 615
1587813273392 0.04583472801998072 616
1587813281202 0.045605554379880814 617
1587813288995 0.04537752660798141 618
1587813297164 0.0451506389749415 619
1587813305154 0.044924885780066794 620
1587813313024 0.04470026135116646 621
1587813320893 0.04447676004441063 622
1587813328762 0.04425437624418858 623
1587813336623 0.04403310436296763 624
1587813344469 0.043812938841152796 625
1587813352348 0.04359387414694703 626
1587813360202 0.043375904776212296 627
1587813368128 0.043159025252331236 628
1587813376043 0.04294323012606958 629
1587813383946 0.04272851397543923 630
1587813391872 0.04251487140556204 631
1587813399772 0.04230229704853423 632
1587813407711 0.04209078556329156 633
1587813415605 0.0418803316354751 634
1587813423539 0.041670929977297724 635
1587813431493 0.04146257532741124 636
1587813439407 0.04125526245077418 637
1587813447358 0.04104898613852031 638
1587813455315 0.04084374120782771 639
1587813463442 0.04063952250178857 640
1587813471539 0.04043632488927963 641
1587813480013 0.04023414326483323 642
1587813487997 0.040032972548509065 643
1587813495987 0.03983280768576652 644
1587813503985 0.03963364364733769 645
1587813511963 0.039435475429100995 646
1587813519968 0.03923829805195549 647
1587813527960 0.03904210656169572 648
1587813535954 0.03884689602888724 649
1587813543984 0.0386526615487428 650
1587813551994 0.03845939824099909 651
1587813559971 0.03826710124979409 652
1587813568042 0.038075765743545126 653
1587813576323 0.0378853869148274 654
1587813584334 0.03769595998025326 655
1587813592349 0.03750748018035199 656
1587813600366 0.037319942779450235 657
1587813608422 0.037133343065552986 658
1587813616437 0.03694767635022522 659
1587813624556 0.036762937968474095 660
1587813632580 0.03657912327863173 661
1587813640613 0.036396227662238566 662
