1587809130828 1001 1
1587809136715 1001 2
1587809142612 1001 3
1587809148548 1001 4
1587809154543 1001 5
1587809161094 1001 6
1587809167051 1001 7
1587809173001 1001 8
1587809178945 1001 9
1587809184888 1001 10
1587809190858 1001 11
1587809196808 1001 12
1587809202777 1001 13
1587809208744 1001 14
1587809214699 1001 15
1587809220653 1001 16
1587809226622 1001 17
1587809232587 1001 18
1587809238551 1001 19
1587809244599 1001 20
1587809250567 1001 21
1587809256531 1001 22
1587809262502 1001 23
1587809268471 1001 24
1587809274434 1001 25
1587809280392 1001 26
1587809286379 1001 27
1587809292346 1001 28
1587809298307 1001 29
1587809304268 1001 30
1587809310317 1001 31
1587809316295 1001 32
1587809322263 1001 33
1587809328264 1001 34
1587809334286 1001 35
1587809340749 1001 36
1587809346773 1001 37
1587809352760 1001 38
1587809358755 1001 39
1587809364810 1001 40
1587809370805 1001 41
1587809376814 1001 42
1587809382806 1001 43
1587809388802 1001 44
1587809394811 1001 45
1587809400821 1001 46
1587809406847 1001 47
1587809412854 1001 48
1587809418862 1001 49
1587809424868 1001 50
1587809430881 1001 51
1587809436888 1001 52
1587809442894 1001 53
1587809448921 1001 54
1587809454925 1001 55
1587809460942 1001 56
1587809467012 1001 57
1587809473031 1001 58
1587809479054 1001 59
1587809485159 1001 60
1587809491184 1001 61
1587809497212 1001 62
1587809503235 1001 63
1587809509272 1001 64
1587809515558 1001 65
1587809521897 1001 66
1587809527933 1001 67
1587809533970 1001 68
1587809540013 1001 69
1587809546047 1001 70
1587809552087 1001 71
1587809558126 1001 72
1587809564170 1001 73
1587809570237 1001 74
1587809576277 1001 75
1587809582355 1001 76
1587809588421 1001 77
1587809594492 1001 78
1587809600589 1001 79
1587809606739 1001 80
1587809612803 1001 81
1587809618865 1001 82
1587809624920 1001 83
1587809630977 1001 84
1587809637045 1001 85
1587809643131 1001 86
1587809649214 1001 87
1587809655292 1001 88
1587809661363 1001 89
1587809667445 1001 90
1587809673517 1001 91
1587809679576 1001 92
1587809685647 1001 93
1587809691732 1001 94
1587809698360 1001 95
1587809704479 1001 96
1587809710566 1001 97
1587809716663 1001 98
1587809722793 1001 99
1587809728971 1001 100
1587809735108 1001 101
1587809741222 1001 102
1587809747332 1001 103
1587809753452 1001 104
1587809759570 1001 105
1587809765706 1001 106
1587809771829 1001 107
1587809777964 1001 108
1587809784080 1001 109
1587809790196 1001 110
1587809796291 1001 111
1587809802375 1001 112
1587809808475 1001 113
1587809814573 1001 114
1587809820672 1001 115
1587809826794 1001 116
1587809832976 1001 117
1587809839070 1001 118
1587809845179 1001 119
1587809851357 1001 120
1587809857458 1001 121
1587809863559 1001 122
1587809869662 1001 123
1587809876062 1001 124
1587809882437 1001 125
1587809888557 1001 126
1587809894687 1001 127
1587809900796 1001 128
1587809906946 1001 129
1587809913100 1001 130
1587809919225 1001 131
1587809925359 1001 132
1587809931518 1001 133
1587809937665 1001 134
1587809943841 1001 135
1587809949982 1001 136
1587809956116 1001 137
1587809962251 1001 138
1587809968400 1001 139
1587809974615 1001 140
1587809980767 1001 141
1587809986917 1001 142
1587809993064 1001 143
1587809999205 1001 144
1587810005384 1001 145
1587810011554 1001 146
1587810017700 1001 147
1587810023846 1001 148
1587810030000 1001 149
1587810036179 1001 150
1587810042326 1001 151
1587810048462 1001 152
1587810054712 1001 153
1587810061499 1001 154
1587810067700 1001 155
1587810073879 1001 156
1587810080060 1001 157
1587810086228 1001 158
1587810092406 1001 159
1587810098661 1001 160
1587810104848 1001 161
1587810111042 1001 162
1587810117248 1001 163
1587810123467 1001 164
1587810129680 1001 165
1587810135881 1001 166
1587810142069 1001 167
1587810148280 1001 168
1587810154487 1001 169
1587810160678 1001 170
1587810166880 1001 171
1587810173101 1001 172
1587810179318 1001 173
1587810185585 1001 174
1587810191841 1001 175
1587810198058 1001 176
1587810204272 1001 177
1587810210485 1001 178
1587810216706 1001 179
1587810223000 1001 180
1587810229223 1001 181
1587810235667 1001 182
1587810242201 1001 183
1587810248474 1001 184
1587810254701 1001 185
1587810260918 1001 186
1587810267143 1001 187
1587810273350 1001 188
1587810279581 1001 189
1587810285808 1001 190
1587810292031 1001 191
1587810298260 1001 192
1587810304517 1001 193
1587810310781 1001 194
1587810317024 1001 195
1587810323279 1001 196
1587810329561 1001 197
1587810335811 1001 198
1587810342066 1001 199
1587810348399 1001 200
1587810354680 1001 201
1587810361029 1001 202
1587810367349 1001 203
1587810373620 1001 204
1587810379884 1001 205
1587810386182 1001 206
1587810392456 1001 207
1587810398736 1001 208
1587810405016 1001 209
1587810411280 1001 210
1587810418046 1001 211
1587810424353 1001 212
1587810430647 1001 213
1587810436930 1001 214
1587810443225 1001 215
1587810449526 1001 216
1587810455829 1001 217
1587810462126 1001 218
1587810468433 1001 219
1587810474817 1001 220
1587810481120 1001 221
1587810487475 1001 222
1587810493793 1001 223
1587810500102 1001 224
1587810506433 1001 225
1587810512766 1001 226
1587810519093 1001 227
1587810525406 1001 228
1587810531735 1001 229
1587810538059 1001 230
1587810544593 1001 231
1587810551589 1001 232
1587810558965 1001 233
1587810566375 1001 234
1587810573471 1001 235
1587810580314 1001 236
1587810586895 1001 237
1587810593560 1001 238
1587810600702 1001 239
1587810607456 1001 240
1587810614098 1001 241
1587810620711 1001 242
1587810627225 1001 243
1587810633890 1001 244
1587810640504 1001 245
1587810647192 1001 246
1587810653952 1001 247
1587810660630 1001 248
1587810667326 1001 249
1587810674078 1001 250
1587810680814 1001 251
1587810687480 1001 252
1587810694113 1001 253
1587810700868 1001 254
1587810707702 1001 255
1587810714362 1001 256
1587810721041 1001 257
1587810727477 1001 258
1587810733893 1001 259
1587810740373 1001 260
1587810746793 1001 261
1587810753222 1001 262
1587810759652 1001 263
1587810766085 1001 264
1587810772525 1001 265
1587810779463 1001 266
1587810785940 1001 267
1587810792399 1001 268
1587810798846 1001 269
1587810805303 1001 270
1587810811748 1001 271
1587810818196 1001 272
1587810824658 1001 273
1587810831108 1001 274
1587810837578 1001 275
1587810844093 1001 276
1587810850602 1001 277
1587810857109 1001 278
1587810863575 1001 279
1587810870145 1001 280
1587810876607 1001 281
1587810883081 1001 282
1587810889557 1001 283
1587810896035 1001 284
1587810902548 1001 285
1587810909041 1001 286
1587810915543 1001 287
1587810922072 1001 288
1587810928566 1001 289
1587810935053 1001 290
1587810941565 1001 291
1587810948086 1001 292
1587810954666 1001 293
1587810961566 1001 294
1587810968212 1001 295
1587810974767 1001 296
1587810981329 1001 297
1587810987894 1001 298
1587810994453 1001 299
1587811001103 1001 300
1587811007689 1001 301
1587811014237 1001 302
1587811020809 1001 303
1587811027411 1001 304
1587811033982 1001 305
1587811040574 1001 306
1587811047173 1001 307
1587811053761 1001 308
1587811060346 1001 309
1587811066935 1001 310
1587811073538 1001 311
1587811080131 1001 312
1587811086745 1001 313
1587811093367 1001 314
1587811099972 1001 315
1587811106586 1001 316
1587811113202 1001 317
1587811119824 1001 318
1587811126429 1001 319
1587811133131 1001 320
1587811140310 1001 321
1587811146963 1001 322
1587811153604 1001 323
1587811160248 1001 324
1587811166912 1001 325
1587811173553 1001 326
1587811180188 1001 327
1587811186844 1001 328
1587811193495 1001 329
1587811200166 1001 330
1587811206862 1001 331
1587811213539 1001 332
1587811220190 1001 333
1587811226860 1001 334
1587811233542 1001 335
1587811240217 1001 336
1587811246912 1001 337
1587811253592 1001 338
1587811260267 1001 339
1587811267109 1001 340
1587811273813 1001 341
1587811280505 1001 342
1587811287183 1001 343
1587811293877 1001 344
1587811300586 1001 345
1587811307294 1001 346
1587811314011 1001 347
1587811321300 1001 348
1587811328040 1001 349
1587811334763 1001 350
1587811341468 1001 351
1587811348190 1001 352
1587811354941 1001 353
1587811361701 1001 354
1587811368444 1001 355
1587811375186 1001 356
1587811381959 1001 357
1587811388727 1001 358
1587811395509 1001 359
1587811402362 1001 360
1587811409154 1001 361
1587811415928 1001 362
1587811422699 1001 363
1587811429462 1001 364
1587811436243 1001 365
1587811443049 1001 366
1587811449832 1001 367
1587811456631 1001 368
1587811463422 1001 369
1587811470225 1001 370
1587811477045 1001 371
1587811483852 1001 372
1587811490652 1001 373
1587811497975 1001 374
1587811504847 1001 375
1587811511702 1001 376
1587811518561 1001 377
1587811525403 1001 378
1587811532233 1001 379
1587811539157 1001 380
1587811546021 1001 381
1587811552874 1001 382
1587811559721 1001 383
1587811566616 1001 384
1587811573502 1001 385
1587811580355 1001 386
1587811587212 1001 387
1587811594054 1001 388
1587811600916 1001 389
1587811607764 1001 390
1587811614602 1001 391
1587811621453 1001 392
1587811628339 1001 393
1587811635197 1001 394
1587811642051 1001 395
1587811648926 1001 396
1587811655798 1001 397
1587811662701 1001 398
1587811669582 1001 399
1587811677021 1001 400
1587811683977 1001 401
1587811690895 1001 402
1587811697808 1001 403
1587811704733 1001 404
1587811711650 1001 405
1587811718600 1001 406
1587811725535 1001 407
1587811732475 1001 408
1587811739577 1001 409
1587811746576 1001 410
1587811753502 1001 411
1587811760436 1001 412
1587811767395 1001 413
1587811774325 1001 414
1587811781266 1001 415
1587811788229 1001 416
1587811795167 1001 417
1587811802145 1001 418
1587811809133 1001 419
1587811816207 1001 420
1587811823193 1001 421
1587811830161 1001 422
1587811837146 1001 423
1587811844147 1001 424
1587811851155 1001 425
1587811858587 1001 426
1587811865615 1001 427
1587811872639 1001 428
1587811879637 1001 429
1587811886646 1001 430
1587811893654 1001 431
1587811900694 1001 432
1587811907723 1001 433
1587811914793 1001 434
1587811921878 1001 435
1587811928941 1001 436
1587811936013 1001 437
1587811943075 1001 438
1587811950144 1001 439
1587811957286 1001 440
1587811964367 1001 441
1587811971439 1001 442
1587811978502 1001 443
1587811985624 1001 444
1587811992723 1001 445
1587811999812 1001 446
1587812006900 1001 447
1587812013979 1001 448
1587812021065 1001 449
1587812028172 1001 450
1587812035526 1001 451
1587812042905 1001 452
1587812050017 1001 453
1587812057149 1001 454
1587812064273 1001 455
1587812071393 1001 456
1587812078531 1001 457
1587812085674 1001 458
1587812092809 1001 459
1587812100045 1001 460
1587812107220 1001 461
1587812114386 1001 462
1587812121540 1001 463
1587812128712 1001 464
1587812135890 1001 465
1587812143074 1001 466
1587812150280 1001 467
1587812157483 1001 468
1587812164726 1001 469
1587812171946 1001 470
1587812179130 1001 471
1587812186338 1001 472
1587812193533 1001 473
1587812200739 1001 474
1587812207957 1001 475
1587812215303 1001 476
1587812222967 1001 477
1587812230194 1001 478
1587812237426 1001 479
1587812244790 1001 480
1587812252045 1001 481
1587812259296 1001 482
1587812266534 1001 483
1587812273790 1001 484
1587812281030 1001 485
1587812288308 1001 486
1587812295578 1001 487
1587812302848 1001 488
1587812310111 1001 489
1587812317357 1001 490
1587812324624 1001 491
1587812331910 1001 492
1587812339177 1001 493
1587812346489 1001 494
1587812353789 1001 495
1587812361128 1001 496
1587812368462 1001 497
1587812375773 1001 498
1587812383087 1001 499
1587812390503 1001 500
1587812398356 1001 501
1587812405739 1001 502
1587812413089 1001 503
1587812420425 1001 504
1587812427751 1001 505
1587812435080 1001 506
1587812442413 1001 507
1587812449755 1001 508
1587812457102 1001 509
1587812464476 1001 510
1587812471857 1001 511
1587812479229 1001 512
1587812486627 1001 513
1587812494028 1001 514
1587812501437 1001 515
1587812508870 1001 516
1587812516290 1001 517
1587812523731 1001 518
1587812531162 1001 519
1587812538687 1001 520
1587812546097 1001 521
1587812553496 1001 522
1587812560886 1001 523
1587812568295 1001 524
1587812575931 1001 525
1587812583570 1001 526
1587812591027 1001 527
1587812598486 1001 528
1587812605958 1001 529
1587812613445 1001 530
1587812620928 1001 531
1587812628412 1001 532
1587812635890 1001 533
1587812643412 1001 534
1587812650904 1001 535
1587812658394 1001 536
1587812665903 1001 537
1587812673378 1001 538
1587812680851 1001 539
1587812688437 1001 540
1587812695946 1001 541
1587812703466 1001 542
1587812710973 1001 543
1587812718478 1001 544
1587812726010 1001 545
1587812733538 1001 546
1587812741266 1001 547
1587812748804 1001 548
1587812756596 1001 549
1587812764286 1001 550
1587812771847 1001 551
1587812779416 1001 552
1587812786960 1001 553
1587812794497 1001 554
1587812802059 1001 555
1587812809640 1001 556
1587812817202 1001 557
1587812824784 1001 558
1587812832388 1001 559
1587812840065 1001 560
1587812847679 1001 561
1587812855286 1001 562
1587812862870 1001 563
1587812870475 1001 564
1587812878083 1001 565
1587812885768 1001 566
1587812893420 1001 567
1587812901064 1001 568
1587812908675 1001 569
1587812916276 1001 570
1587812923882 1001 571
1587812931497 1001 572
1587812939604 1001 573
1587812947275 1001 574
1587812954925 1001 575
1587812962575 1001 576
1587812970234 1001 577
1587812977890 1001 578
1587812985607 1001 579
1587812993401 1001 580
1587813001043 1001 581
1587813008752 1001 582
1587813016442 1001 583
1587813024149 1001 584
1587813031830 1001 585
1587813039514 1001 586
1587813047199 1001 587
1587813054860 1001 588
1587813062582 1001 589
1587813070330 1001 590
1587813078043 1001 591
1587813085771 1001 592
1587813093518 1001 593
1587813101269 1001 594
1587813109029 1001 595
1587813117144 1001 596
1587813124933 1001 597
1587813132708 1001 598
1587813140454 1001 599
1587813148324 1001 600
1587813156113 1001 601
1587813163883 1001 602
1587813171654 1001 603
1587813179403 1001 604
1587813187237 1001 605
1587813195071 1001 606
1587813202879 1001 607
1587813210698 1001 608
1587813218514 1001 609
1587813226345 1001 610
1587813234172 1001 611
1587813242022 1001 612
1587813249869 1001 613
1587813257715 1001 614
1587813265566 1001 615
1587813273392 1001 616
1587813281202 1001 617
1587813288995 1001 618
1587813297164 1001 619
1587813305154 1001 620
1587813313024 1001 621
1587813320893 1001 622
1587813328762 1001 623
1587813336623 1001 624
1587813344469 1001 625
1587813352348 1001 626
1587813360202 1001 627
1587813368128 1001 628
1587813376043 1001 629
1587813383946 1001 630
1587813391872 1001 631
1587813399772 1001 632
1587813407711 1001 633
1587813415605 1001 634
1587813423539 1001 635
1587813431493 1001 636
1587813439407 1001 637
1587813447358 1001 638
1587813455315 1001 639
1587813463442 1001 640
1587813471539 1001 641
1587813480013 1001 642
1587813487997 1001 643
1587813495987 1001 644
1587813503985 1001 645
1587813511963 1001 646
1587813519968 1001 647
1587813527960 1001 648
1587813535954 1001 649
1587813543984 1001 650
1587813551994 1001 651
1587813559971 1001 652
1587813568042 1001 653
1587813576323 1001 654
1587813584334 1001 655
1587813592349 1001 656
1587813600366 1001 657
1587813608422 1001 658
1587813616437 1001 659
1587813624556 1001 660
1587813632580 1001 661
1587813640613 1001 662
