1587809130828 0.0 1
1587809136715 0.2199999950826168 2
1587809142612 0.2199999950826168 3
1587809148548 0.0 4
1587809154543 0.07999999821186066 5
1587809161094 0.08999999798834324 6
1587809167051 0.3199999928474426 7
1587809173001 0.9299999792128801 8
1587809178945 0.8999999798834324 9
1587809184888 0.09999999776482582 10
1587809190858 0.9199999794363976 11
1587809196808 0.2299999948590994 12
1587809202777 0.4499999899417162 13
1587809208744 0.08999999798834324 14
1587809214699 0.05999999865889549 15
1587809220653 0.5799999870359898 16
1587809226622 0.9999999776482582 17
1587809232587 0.35999999195337296 18
1587809238551 0.0 19
1587809244599 0.1699999962002039 20
1587809250567 0.6099999863654375 21
1587809256531 0.0 22
1587809262502 0.0 23
1587809268471 0.18999999575316906 24
1587809274434 0.0 25
1587809280392 0.07999999821186066 26
1587809286379 0.6599999852478504 27
1587809292346 0.1099999975413084 28
1587809298307 0.11999999731779099 29
1587809304268 0.2899999935179949 30
1587809310317 0.0 31
1587809316295 0.3399999924004078 32
1587809322263 0.7699999827891588 33
1587809328264 0.09999999776482582 34
1587809334286 0.09999999776482582 35
1587809340749 0.42999999038875103 36
1587809346773 0.3499999921768904 37
1587809352760 0.0 38
1587809358755 0.2199999950826168 39
1587809364810 0.2699999939650297 40
1587809370805 0.05999999865889549 41
1587809376814 0.7099999841302633 42
1587809382806 0.009999999776482582 43
1587809388802 0.41999999061226845 44
1587809394811 0.3999999910593033 45
1587809400821 0.24999999441206455 46
1587809406847 0.019999999552965164 47
1587809412854 0.25999999418854713 48
1587809418862 0.25999999418854713 49
1587809424868 0.5799999870359898 50
1587809430881 0.6199999861419201 51
1587809436888 1.389999968931079 52
1587809442894 0.669999985024333 53
1587809448921 0.8199999816715717 54
1587809454925 0.7199999839067459 55
1587809460942 1.6599999628961086 56
1587809467012 0.0 57
1587809473031 0.41999999061226845 58
1587809479054 0.8099999818950891 59
1587809485159 0.009999999776482582 60
1587809491184 0.5999999865889549 61
1587809497212 0.8899999801069498 62
1587809503235 0.4599999897181988 63
1587809509272 1.1599999740719795 64
1587809515558 0.0 65
1587809521897 0.8799999803304672 66
1587809527933 0.9599999785423279 67
1587809533970 0.3899999912828207 68
1587809540013 0.5699999872595072 69
1587809546047 1.1399999745190144 70
1587809552087 0.6099999863654375 71
1587809558126 0.46999998949468136 72
1587809564170 1.4399999678134918 73
1587809570237 0.9899999778717756 74
1587809576277 0.4899999890476465 75
1587809582355 2.2399999499320984 76
1587809588421 0.549999987706542 77
1587809594492 1.1599999740719795 78
1587809600589 0.7299999836832285 79
1587809606739 1.4499999675899744 80
1587809612803 1.9999999552965164 81
1587809618865 1.2099999729543924 82
1587809624920 0.6499999854713678 83
1587809630977 1.0199999772012234 84
1587809637045 0.4899999890476465 85
1587809643131 1.4299999680370092 86
1587809649214 2.4999999441206455 87
1587809655292 1.8599999584257603 88
1587809661363 0.7499999832361937 89
1587809667445 0.8999999798834324 90
1587809673517 3.6199999190866947 91
1587809679576 1.3499999698251486 92
1587809685647 1.3199999704957008 93
1587809691732 1.6899999622255564 94
1587809698360 0.8299999814480543 95
1587809704479 1.4999999664723873 96
1587809710566 1.099999975413084 97
1587809716663 1.6099999640136957 98
1587809722793 1.4499999675899744 99
1587809728971 1.3799999691545963 100
1587809735108 1.6899999622255564 101
1587809741222 1.4999999664723873 102
1587809747332 0.8999999798834324 103
1587809753452 0.6599999852478504 104
1587809759570 0.7999999821186066 105
1587809765706 0.8799999803304672 106
1587809771829 1.3199999704957008 107
1587809777964 2.539999943226576 108
1587809784080 1.0899999756366014 109
1587809790196 1.0599999763071537 110
1587809796291 2.0199999548494816 111
1587809802375 1.339999970048666 112
1587809808475 1.1899999734014273 113
1587809814573 0.5299999881535769 114
1587809820672 2.43999994546175 115
1587809826794 2.4999999441206455 116
1587809832976 2.559999942779541 117
1587809839070 0.9999999776482582 118
1587809845179 2.579999942332506 119
1587809851357 1.9799999557435513 120
1587809857458 1.50999996624887 121
1587809863559 1.6299999635666609 122
1587809869662 1.0899999756366014 123
1587809876062 1.5599999651312828 124
1587809882437 0.5699999872595072 125
1587809888557 1.409999968484044 126
1587809894687 2.989999933168292 127
1587809900796 2.3599999472498894 128
1587809906946 1.389999968931079 129
1587809913100 1.7299999613314867 130
1587809919225 3.2599999271333218 131
1587809925359 1.6399999633431435 132
1587809931518 0.9599999785423279 133
1587809937665 1.8299999590963125 134
1587809943841 0.0 135
1587809949982 1.4799999669194221 136
1587809956116 1.8099999595433474 137
1587809962251 1.2099999729543924 138
1587809968400 0.7499999832361937 139
1587809974615 1.3099999707192183 140
1587809980767 0.8399999812245369 141
1587809986917 1.0799999758601189 142
1587809993064 1.4799999669194221 143
1587809999205 1.099999975413084 144
1587810005384 1.5699999649077654 145
1587810011554 1.7399999611079693 146
1587810017700 1.4799999669194221 147
1587810023846 0.909999979659915 148
1587810030000 1.7599999606609344 149
1587810036179 2.0199999548494816 150
1587810042326 0.6499999854713678 151
1587810048462 1.4899999666959047 152
1587810054712 0.669999985024333 153
1587810061499 0.549999987706542 154
1587810067700 1.8999999575316906 155
1587810073879 2.2899999488145113 156
1587810080060 0.5299999881535769 157
1587810086228 1.4299999680370092 158
1587810092406 1.1199999749660492 159
1587810098661 1.6899999622255564 160
1587810104848 2.899999935179949 161
1587810111042 1.2799999713897705 162
1587810117248 2.869999935850501 163
1587810123467 2.2099999506026506 164
1587810129680 1.839999958872795 165
1587810135881 1.0899999756366014 166
1587810142069 1.4499999675899744 167
1587810148280 0.9699999783188105 168
1587810154487 3.2899999264627695 169
1587810160678 2.5999999418854713 170
1587810166880 4.52999989874661 171
1587810173101 2.6199999414384365 172
1587810179318 2.9799999333918095 173
1587810185585 0.5899999868124723 174
1587810191841 3.2699999269098043 175
1587810198058 1.1399999745190144 176
1587810204272 1.7599999606609344 177
1587810210485 1.1099999751895666 178
1587810216706 1.529999965801835 179
1587810223000 1.1299999747425318 180
1587810229223 1.459999967366457 181
1587810235667 1.1599999740719795 182
1587810242201 2.659999940544367 183
1587810248474 3.3599999248981476 184
1587810254701 1.2299999725073576 185
1587810260918 0.9699999783188105 186
1587810267143 0.3299999926239252 187
1587810273350 3.3099999260157347 188
1587810279581 2.629999941214919 189
1587810285808 2.6199999414384365 190
1587810292031 1.9099999573081732 191
1587810298260 2.0899999532848597 192
1587810304517 1.8499999586492777 193
1587810310781 2.5299999434500933 194
1587810317024 2.2799999490380287 195
1587810323279 3.8699999134987593 196
1587810329561 1.8499999586492777 197
1587810335811 0.8399999812245369 198
1587810342066 2.2099999506026506 199
1587810348399 3.2399999275803566 200
1587810354680 0.9299999792128801 201
1587810361029 3.7499999161809683 202
1587810367349 2.3799999468028545 203
1587810373620 2.1599999517202377 204
1587810379884 3.9399999119341373 205
1587810386182 7.229999838396907 206
1587810392456 1.7499999608844519 207
1587810398736 1.939999956637621 208
1587810405016 3.0799999311566353 209
1587810411280 2.4299999456852674 210
1587810418046 1.5199999660253525 211
1587810424353 1.649999963119626 212
1587810430647 2.539999943226576 213
1587810436930 3.129999930039048 214
1587810443225 2.5899999421089888 215
1587810449526 3.089999930933118 216
1587810455829 2.5999999418854713 217
1587810462126 3.9799999110400677 218
1587810468433 9.189999794587493 219
1587810474817 2.299999948590994 220
1587810481120 2.4699999447911978 221
1587810487475 6.919999845325947 222
1587810493793 1.50999996624887 223
1587810500102 1.1599999740719795 224
1587810506433 3.67999991774559 225
1587810512766 2.5999999418854713 226
1587810519093 1.8099999595433474 227
1587810525406 3.1699999291449785 228
1587810531735 9.939999777823687 229
1587810538059 2.339999947696924 230
1587810544593 6.069999864324927 231
1587810551589 2.9799999333918095 232
1587810558965 2.389999946579337 233
1587810566375 4.039999909698963 234
1587810573471 2.4699999447911978 235
1587810580314 2.1699999514967203 236
1587810586895 3.3899999242275953 237
1587810593560 2.699999939650297 238
1587810600702 1.9299999568611383 239
1587810607456 3.569999920204282 240
1587810614098 2.8899999354034662 241
1587810620711 1.1899999734014273 242
1587810627225 2.4099999461323023 243
1587810633890 1.7499999608844519 244
1587810640504 5.339999880641699 245
1587810647192 2.2899999488145113 246
1587810653952 2.299999948590994 247
1587810660630 3.05999993160367 248
1587810667326 2.3799999468028545 249
1587810674078 3.8599999137222767 250
1587810680814 3.05999993160367 251
1587810687480 1.889999957755208 252
1587810694113 1.4999999664723873 253
1587810700868 3.5999999195337296 254
1587810707702 0.3899999912828207 255
1587810714362 2.7199999392032623 256
1587810721041 1.839999958872795 257
1587810727477 2.8099999371916056 258
1587810733893 3.179999928921461 259
1587810740373 2.059999953955412 260
1587810746793 3.0499999318271875 261
1587810753222 1.7099999617785215 262
1587810759652 2.4299999456852674 263
1587810766085 2.779999937862158 264
1587810772525 1.3699999693781137 265
1587810779463 5.349999880418181 266
1587810785940 2.4999999441206455 267
1587810792399 5.279999881982803 268
1587810798846 3.4599999226629734 269
1587810805303 3.279999926686287 270
1587810811748 3.5999999195337296 271
1587810818196 2.0899999532848597 272
1587810824658 1.769999960437417 273
1587810831108 4.239999905228615 274
1587810837578 3.109999930486083 275
1587810844093 3.0699999313801527 276
1587810850602 2.369999947026372 277
1587810857109 7.059999842196703 278
1587810863575 1.149999974295497 279
1587810870145 3.729999916628003 280
1587810876607 3.36999992467463 281
1587810883081 3.1499999295920134 282
1587810889557 5.409999879077077 283
1587810896035 1.9799999557435513 284
1587810902548 3.349999925121665 285
1587810909041 2.009999955072999 286
1587810915543 3.709999917075038 287
1587810922072 0.25999999418854713 288
1587810928566 2.9099999349564314 289
1587810935053 3.3199999257922173 290
1587810941565 3.489999921992421 291
1587810948086 2.9099999349564314 292
1587810954666 3.969999911263585 293
1587810961566 4.549999898299575 294
1587810968212 4.429999900981784 295
1587810974767 2.299999948590994 296
1587810981329 2.1399999521672726 297
1587810987894 3.1999999284744263 298
1587810994453 2.299999948590994 299
1587811001103 2.9599999338388443 300
1587811007689 3.05999993160367 301
1587811014237 2.939999934285879 302
1587811020809 2.939999934285879 303
1587811027411 2.459999945014715 304
1587811033982 3.0999999307096004 305
1587811040574 4.619999896734953 306
1587811047173 2.8099999371916056 307
1587811053761 2.1899999510496855 308
1587811060346 3.6299999188631773 309
1587811066935 4.709999894723296 310
1587811073538 3.209999928250909 311
1587811080131 4.099999908357859 312
1587811086745 3.94999991171062 313
1587811093367 4.239999905228615 314
1587811099972 2.1899999510496855 315
1587811106586 2.6699999403208494 316
1587811113202 0.5799999870359898 317
1587811119824 3.569999920204282 318
1587811126429 1.939999956637621 319
1587811133131 3.209999928250909 320
1587811140310 3.5299999210983515 321
1587811146963 0.13999999687075615 322
1587811153604 3.2899999264627695 323
1587811160248 2.849999936297536 324
1587811166912 2.369999947026372 325
1587811173553 3.1699999291449785 326
1587811180188 3.6699999179691076 327
1587811186844 12.399999722838402 328
1587811193495 1.9299999568611383 329
1587811200166 3.799999915063381 330
1587811206862 3.4299999233335257 331
1587811213539 2.9799999333918095 332
1587811220190 5.76999987103045 333
1587811226860 3.9599999114871025 334
1587811233542 2.939999934285879 335
1587811240217 3.089999930933118 336
1587811246912 3.8599999137222767 337
1587811253592 2.9299999345093966 338
1587811260267 2.149999951943755 339
1587811267109 2.0499999541789293 340
1587811273813 3.7499999161809683 341
1587811280505 4.099999908357859 342
1587811287183 5.559999875724316 343
1587811293877 4.689999895170331 344
1587811300586 4.209999905899167 345
1587811307294 5.119999885559082 346
1587811314011 2.9099999349564314 347
1587811321300 4.899999890476465 348
1587811328040 2.299999948590994 349
1587811334763 3.5099999215453863 350
1587811341468 2.4799999445676804 351
1587811348190 2.0399999544024467 352
1587811354941 5.799999870359898 353
1587811361701 4.169999906793237 354
1587811368444 2.699999939650297 355
1587811375186 3.6999999172985554 356
1587811381959 3.469999922439456 357
1587811388727 4.479999899864197 358
1587811395509 2.7399999387562275 359
1587811402362 3.249999927356839 360
1587811409154 3.5599999204277992 361
1587811415928 3.349999925121665 362
1587811422699 1.9999999552965164 363
1587811429462 3.05999993160367 364
1587811436243 5.269999882206321 365
1587811443049 3.4099999237805605 366
1587811449832 5.679999873042107 367
1587811456631 3.01999993249774 368
1587811463422 1.9299999568611383 369
1587811470225 4.429999900981784 370
1587811477045 4.059999909251928 371
1587811483852 2.029999954625964 372
1587811490652 2.9499999340623617 373
1587811497975 3.8699999134987593 374
1587811504847 3.039999932050705 375
1587811511702 4.229999905452132 376
1587811518561 4.929999889805913 377
1587811525403 0.0 378
1587811532233 2.729999938979745 379
1587811539157 4.089999908581376 380
1587811546021 0.6099999863654375 381
1587811552874 2.5999999418854713 382
1587811559721 4.059999909251928 383
1587811566616 5.14999988488853 384
1587811573502 0.9499999787658453 385
1587811580355 2.559999942779541 386
1587811587212 4.21999990567565 387
1587811594054 3.039999932050705 388
1587811600916 3.4099999237805605 389
1587811607764 2.389999946579337 390
1587811614602 4.239999905228615 391
1587811621453 1.9999999552965164 392
1587811628339 2.349999947473407 393
1587811635197 2.8599999360740185 394
1587811642051 3.4599999226629734 395
1587811648926 3.589999919757247 396
1587811655798 5.119999885559082 397
1587811662701 7.1199998408555984 398
1587811669582 2.5999999418854713 399
1587811677021 3.879999913275242 400
1587811683977 5.45999987795949 401
1587811690895 5.169999884441495 402
1587811697808 2.8599999360740185 403
1587811704733 0.6099999863654375 404
1587811711650 2.229999950155616 405
1587811718600 3.8199999146163464 406
1587811725535 3.8899999130517244 407
1587811732475 2.1399999521672726 408
1587811739577 3.129999930039048 409
1587811746576 4.229999905452132 410
1587811753502 3.7499999161809683 411
1587811760436 3.3799999244511127 412
1587811767395 5.45999987795949 413
1587811774325 1.4399999678134918 414
1587811781266 4.289999904111028 415
1587811788229 3.36999992467463 416
1587811795167 2.079999953508377 417
1587811802145 2.349999947473407 418
1587811809133 3.109999930486083 419
1587811816207 4.239999905228615 420
1587811823193 1.839999958872795 421
1587811830161 2.5699999425560236 422
1587811837146 3.1899999286979437 423
1587811844147 2.919999934732914 424
1587811851155 3.0799999311566353 425
1587811858587 5.949999867007136 426
1587811865615 4.419999901205301 427
1587811872639 3.1399999298155308 428
1587811879637 3.469999922439456 429
1587811886646 2.7899999376386404 430
1587811893654 2.2199999503791332 431
1587811900694 2.0699999537318945 432
1587811907723 4.719999894499779 433
1587811914793 3.519999921321869 434
1587811921878 2.059999953955412 435
1587811928941 2.799999937415123 436
1587811936013 4.759999893605709 437
1587811943075 4.849999891594052 438
1587811950144 4.459999900311232 439
1587811957286 1.839999958872795 440
1587811964367 5.5399998761713505 441
1587811971439 3.489999921992421 442
1587811978502 2.109999952837825 443
1587811985624 3.589999919757247 444
1587811992723 3.1499999295920134 445
1587811999812 2.4999999441206455 446
1587812006900 5.089999886229634 447
1587812013979 3.7199999168515205 448
1587812021065 3.879999913275242 449
1587812028172 5.079999886453152 450
1587812035526 5.45999987795949 451
1587812042905 4.579999897629023 452
1587812050017 1.3999999687075615 453
1587812057149 4.899999890476465 454
1587812064273 5.7799998708069324 455
1587812071393 5.979999866336584 456
1587812078531 2.6699999403208494 457
1587812085674 3.4599999226629734 458
1587812092809 2.849999936297536 459
1587812100045 3.659999918192625 460
1587812107220 4.119999907910824 461
1587812114386 3.5999999195337296 462
1587812121540 2.6199999414384365 463
1587812128712 3.63999991863966 464
1587812135890 4.739999894052744 465
1587812143074 2.319999948143959 466
1587812150280 5.709999872371554 467
1587812157483 2.4999999441206455 468
1587812164726 5.759999871253967 469
1587812171946 2.6699999403208494 470
1587812179130 4.339999902993441 471
1587812186338 4.339999902993441 472
1587812193533 3.7399999164044857 473
1587812200739 2.939999934285879 474
1587812207957 1.529999965801835 475
1587812215303 2.3099999483674765 476
1587812222967 2.2399999499320984 477
1587812230194 2.059999953955412 478
1587812237426 5.279999881982803 479
1587812244790 3.229999927803874 480
1587812252045 2.899999935179949 481
1587812259296 4.159999907016754 482
1587812266534 2.349999947473407 483
1587812273790 3.129999930039048 484
1587812281030 2.339999947696924 485
1587812288308 3.6499999184161425 486
1587812295578 2.819999936968088 487
1587812302848 4.469999900087714 488
1587812310111 2.199999950826168 489
1587812317357 2.799999937415123 490
1587812324624 3.4799999222159386 491
1587812331910 1.8299999590963125 492
1587812339177 3.8699999134987593 493
1587812346489 3.799999915063381 494
1587812353789 2.609999941661954 495
1587812361128 4.4399999007582664 496
1587812368462 3.849999913945794 497
1587812375773 1.269999971613288 498
1587812383087 6.059999864548445 499
1587812390503 4.069999909028411 500
1587812398356 3.2399999275803566 501
1587812405739 6.4499998558312654 502
1587812413089 4.889999890699983 503
1587812420425 3.1399999298155308 504
1587812427751 5.019999887794256 505
1587812435080 3.489999921992421 506
1587812442413 3.5299999210983515 507
1587812449755 3.4099999237805605 508
1587812457102 2.5299999434500933 509
1587812464476 2.819999936968088 510
1587812471857 2.939999934285879 511
1587812479229 3.5499999206513166 512
1587812486627 5.709999872371554 513
1587812494028 3.5499999206513166 514
1587812501437 1.3999999687075615 515
1587812508870 4.3899999018758535 516
1587812516290 4.669999895617366 517
1587812523731 3.469999922439456 518
1587812531162 2.9299999345093966 519
1587812538687 2.9599999338388443 520
1587812546097 3.1199999302625656 521
1587812553496 3.299999926239252 522
1587812560886 4.56999989785254 523
1587812568295 4.019999910145998 524
1587812575931 5.739999871701002 525
1587812583570 2.4999999441206455 526
1587812591027 3.469999922439456 527
1587812598486 1.6399999633431435 528
1587812605958 1.7799999602138996 529
1587812613445 1.769999960437417 530
1587812620928 9.869999779388309 531
1587812628412 3.659999918192625 532
1587812635890 2.939999934285879 533
1587812643412 5.4199998788535595 534
1587812650904 3.7499999161809683 535
1587812658394 5.259999882429838 536
1587812665903 2.989999933168292 537
1587812673378 3.849999913945794 538
1587812680851 2.989999933168292 539
1587812688437 4.699999894946814 540
1587812695946 5.039999887347221 541
1587812703466 3.399999924004078 542
1587812710973 4.679999895393848 543
1587812718478 4.359999902546406 544
1587812726010 4.52999989874661 545
1587812733538 2.579999942332506 546
1587812741266 1.8099999595433474 547
1587812748804 3.1499999295920134 548
1587812756596 3.8099999148398638 549
1587812764286 4.479999899864197 550
1587812771847 3.729999916628003 551
1587812779416 3.729999916628003 552
1587812786960 3.36999992467463 553
1587812794497 2.1399999521672726 554
1587812802059 3.5499999206513166 555
1587812809640 2.459999945014715 556
1587812817202 3.2699999269098043 557
1587812824784 5.559999875724316 558
1587812832388 4.239999905228615 559
1587812840065 3.8099999148398638 560
1587812847679 5.009999888017774 561
1587812855286 3.7899999152868986 562
1587812862870 4.709999894723296 563
1587812870475 2.2199999503791332 564
1587812878083 3.519999921321869 565
1587812885768 5.959999866783619 566
1587812893420 3.4799999222159386 567
1587812901064 5.9699998665601015 568
1587812908675 5.309999881312251 569
1587812916276 3.299999926239252 570
1587812923882 4.419999901205301 571
1587812931497 4.039999909698963 572
1587812939604 5.759999871253967 573
1587812947275 2.3599999472498894 574
1587812954925 5.509999876841903 575
1587812962575 3.829999914392829 576
1587812970234 6.859999846667051 577
1587812977890 3.01999993249774 578
1587812985607 3.299999926239252 579
1587812993401 4.409999901428819 580
1587813001043 2.149999951943755 581
1587813008752 3.3399999253451824 582
1587813016442 2.559999942779541 583
1587813024149 2.5699999425560236 584
1587813031830 1.889999957755208 585
1587813039514 3.0999999307096004 586
1587813047199 11.559999741613865 587
1587813054860 4.229999905452132 588
1587813062582 3.489999921992421 589
1587813070330 4.109999908134341 590
1587813078043 3.5799999199807644 591
1587813085771 2.819999936968088 592
1587813093518 4.779999893158674 593
1587813101269 4.279999904334545 594
1587813109029 3.109999930486083 595
1587813117144 2.0499999541789293 596
1587813124933 4.419999901205301 597
1587813132708 3.179999928921461 598
1587813140454 4.1999999061226845 599
1587813148324 2.5499999430030584 600
1587813156113 2.7399999387562275 601
1587813163883 3.659999918192625 602
1587813171654 3.7899999152868986 603
1587813179403 2.1199999526143074 604
1587813187237 6.459999855607748 605
1587813195071 3.8099999148398638 606
1587813202879 5.979999866336584 607
1587813210698 2.0899999532848597 608
1587813218514 4.3199999034404755 609
1587813226345 2.679999940097332 610
1587813234172 2.149999951943755 611
1587813242022 4.669999895617366 612
1587813249869 3.589999919757247 613
1587813257715 5.079999886453152 614
1587813265566 3.05999993160367 615
1587813273392 2.369999947026372 616
1587813281202 3.249999927356839 617
1587813288995 2.5899999421089888 618
1587813297164 12.27999972552061 619
1587813305154 1.9999999552965164 620
1587813313024 1.50999996624887 621
1587813320893 5.45999987795949 622
1587813328762 2.8599999360740185 623
1587813336623 4.249999905005097 624
1587813344469 2.7899999376386404 625
1587813352348 3.1199999302625656 626
1587813360202 4.589999897405505 627
1587813368128 3.3099999260157347 628
1587813376043 4.099999908357859 629
1587813383946 2.4299999456852674 630
1587813391872 14.459999676793814 631
1587813399772 2.7899999376386404 632
1587813407711 3.779999915510416 633
1587813415605 3.969999911263585 634
1587813423539 3.63999991863966 635
1587813431493 0.04999999888241291 636
1587813439407 3.729999916628003 637
1587813447358 1.8999999575316906 638
1587813455315 5.589999875053763 639
1587813463442 2.8099999371916056 640
1587813471539 5.76999987103045 641
1587813480013 3.419999923557043 642
1587813487997 4.8699998911470175 643
1587813495987 3.01999993249774 644
1587813503985 3.1699999291449785 645
1587813511963 5.099999886006117 646
1587813519968 4.579999897629023 647
1587813527960 3.709999917075038 648
1587813535954 3.659999918192625 649
1587813543984 4.639999896287918 650
1587813551994 3.3399999253451824 651
1587813559971 2.8899999354034662 652
1587813568042 4.829999892041087 653
1587813576323 3.1199999302625656 654
1587813584334 9.009999798610806 655
1587813592349 3.3599999248981476 656
1587813600366 3.129999930039048 657
1587813608422 4.549999898299575 658
1587813616437 2.4799999445676804 659
1587813624556 3.4299999233335257 660
1587813632580 2.7399999387562275 661
1587813640613 2.629999941214919 662
