1587854482608 1 1
1587854488402 1 2
1587854494237 1 3
1587854500063 1 4
1587854505891 1 5
1587854511741 1 6
1587854517571 1 7
1587854523474 1 8
1587854529398 1 9
1587854535247 1 10
1587854541131 1 11
1587854547206 1 12
1587854553078 1 13
1587854558943 1 14
1587854565344 1 15
1587854571203 1 16
1587854577082 1 17
1587854583002 1 18
1587854588890 1 19
1587854594879 1 20
1587854600792 1 21
1587854606727 1 22
1587854612682 1 23
1587854618640 1 24
1587854624574 1 25
1587854630531 1 26
1587854636482 1 27
1587854642438 1 28
1587854648412 1 29
1587854654405 1 30
1587854660458 1 31
1587854666469 1 32
1587854672503 1 33
1587854678546 1 34
1587854684561 1 35
1587854690539 1 36
1587854696515 1 37
1587854702517 1 38
1587854708491 1 39
1587854714539 1 40
1587854720519 1 41
1587854726502 1 42
1587854732519 1 43
1587854738561 1 44
1587854744992 1 45
1587854750965 1 46
1587854756937 1 47
1587854762935 1 48
1587854769004 1 49
1587854775006 1 50
1587854781072 1 51
1587854787150 1 52
1587854793183 1 53
1587854799228 1 54
1587854805266 1 55
1587854811290 1 56
1587854817271 1 57
1587854823345 1 58
1587854829378 1 59
1587854835502 1 60
1587854841556 1 61
1587854847584 1 62
1587854853652 1 63
1587854859728 1 64
1587854865717 1 65
1587854871753 1 66
1587854877766 1 67
1587854883782 1 68
1587854889794 1 69
1587854895876 1 70
1587854901952 1 71
1587854908085 1 72
1587854914182 1 73
1587854920455 1 74
1587854926977 1 75
1587854933063 1 76
1587854939175 1 77
1587854945252 1 78
1587854951266 1 79
1587854957327 1 80
1587854963319 1 81
1587854969311 1 82
1587854975326 1 83
1587854981322 1 84
1587854987331 1 85
1587854993337 1 86
1587854999385 1 87
1587855005485 1 88
1587855011506 1 89
1587855017520 1 90
1587855023509 1 91
1587855029527 1 92
1587855035530 1 93
1587855041526 1 94
1587855047574 1 95
1587855053613 1 96
1587855059644 1 97
1587855065713 1 98
1587855071737 1 99
1587855077850 1 100
