1587854482608 1001 1
1587854488402 1001 2
1587854494237 1001 3
1587854500063 1001 4
1587854505891 1001 5
1587854511741 1001 6
1587854517571 1001 7
1587854523474 1001 8
1587854529398 1001 9
1587854535247 1001 10
1587854541131 1001 11
1587854547206 1001 12
1587854553078 1001 13
1587854558943 1001 14
1587854565344 1001 15
1587854571203 1001 16
1587854577082 1001 17
1587854583002 1001 18
1587854588890 1001 19
1587854594879 1001 20
1587854600792 1001 21
1587854606727 1001 22
1587854612682 1001 23
1587854618640 1001 24
1587854624574 1001 25
1587854630531 1001 26
1587854636482 1001 27
1587854642438 1001 28
1587854648412 1001 29
1587854654405 1001 30
1587854660458 1001 31
1587854666469 1001 32
1587854672503 1001 33
1587854678546 1001 34
1587854684561 1001 35
1587854690539 1001 36
1587854696515 1001 37
1587854702517 1001 38
1587854708491 1001 39
1587854714539 1001 40
1587854720519 1001 41
1587854726502 1001 42
1587854732519 1001 43
1587854738561 1001 44
1587854744992 1001 45
1587854750965 1001 46
1587854756937 1001 47
1587854762935 1001 48
1587854769004 1001 49
1587854775006 1001 50
1587854781072 1001 51
1587854787150 1001 52
1587854793183 1001 53
1587854799228 1001 54
1587854805266 1001 55
1587854811290 1001 56
1587854817271 1001 57
1587854823345 1001 58
1587854829378 1001 59
1587854835502 1001 60
1587854841556 1001 61
1587854847584 1001 62
1587854853652 1001 63
1587854859728 1001 64
1587854865717 1001 65
1587854871753 1001 66
1587854877766 1001 67
1587854883782 1001 68
1587854889794 1001 69
1587854895876 1001 70
1587854901952 1001 71
1587854908085 1001 72
1587854914182 1001 73
1587854920455 1001 74
1587854926977 1001 75
1587854933063 1001 76
1587854939175 1001 77
1587854945252 1001 78
1587854951266 1001 79
1587854957327 1001 80
1587854963319 1001 81
1587854969311 1001 82
1587854975326 1001 83
1587854981322 1001 84
1587854987331 1001 85
1587854993337 1001 86
1587854999385 1001 87
1587855005485 1001 88
1587855011506 1001 89
1587855017520 1001 90
1587855023509 1001 91
1587855029527 1001 92
1587855035530 1001 93
1587855041526 1001 94
1587855047574 1001 95
1587855053613 1001 96
1587855059644 1001 97
1587855065713 1001 98
1587855071737 1001 99
1587855077850 1001 100
