1587854482608 0.0 1
1587854488402 0.4499999899417162 2
1587854494237 0.5599999874830246 3
1587854500063 0.8599999807775021 4
1587854505891 0.25999999418854713 5
1587854511741 0.2699999939650297 6
1587854517571 0.46999998949468136 7
1587854523474 0.41999999061226845 8
1587854529398 0.05999999865889549 9
1587854535247 0.0 10
1587854541131 0.06999999843537807 11
1587854547206 0.6099999863654375 12
1587854553078 0.3199999928474426 13
1587854558943 0.0 14
1587854565344 0.0 15
1587854571203 0.05999999865889549 16
1587854577082 0.0 17
1587854583002 0.0 18
1587854588890 0.0 19
1587854594879 0.0 20
1587854600792 0.0 21
1587854606727 0.0 22
1587854612682 0.0 23
1587854618640 0.0 24
1587854624574 0.0 25
1587854630531 0.0 26
1587854636482 0.41999999061226845 27
1587854642438 0.0 28
1587854648412 0.12999999709427357 29
1587854654405 0.0 30
1587854660458 0.46999998949468136 31
1587854666469 0.0 32
1587854672503 0.29999999329447746 33
1587854678546 0.8299999814480543 34
1587854684561 0.6599999852478504 35
1587854690539 0.4499999899417162 36
1587854696515 0.3199999928474426 37
1587854702517 0.7699999827891588 38
1587854708491 0.41999999061226845 39
1587854714539 0.0 40
1587854720519 0.2299999948590994 41
1587854726502 0.0 42
1587854732519 0.23999999463558197 43
1587854738561 0.6799999848008156 44
1587854744992 0.0 45
1587854750965 0.12999999709427357 46
1587854756937 0.0 47
1587854762935 0.24999999441206455 48
1587854769004 0.6299999859184027 49
1587854775006 0.46999998949468136 50
1587854781072 0.7099999841302633 51
1587854787150 2.269999949261546 52
1587854793183 1.6899999622255564 53
1587854799228 0.979999978095293 54
1587854805266 0.3999999910593033 55
1587854811290 1.0199999772012234 56
1587854817271 0.3399999924004078 57
1587854823345 1.1199999749660492 58
1587854829378 0.909999979659915 59
1587854835502 1.409999968484044 60
1587854841556 0.5999999865889549 61
1587854847584 0.08999999798834324 62
1587854853652 0.6599999852478504 63
1587854859728 0.2699999939650297 64
1587854865717 1.7799999602138996 65
1587854871753 1.459999967366457 66
1587854877766 0.40999999083578587 67
1587854883782 0.47999998927116394 68
1587854889794 0.7799999825656414 69
1587854895876 1.9899999555200338 70
1587854901952 1.459999967366457 71
1587854908085 2.339999947696924 72
1587854914182 1.099999975413084 73
1587854920455 1.3199999704957008 74
1587854926977 0.8999999798834324 75
1587854933063 1.0599999763071537 76
1587854939175 0.7499999832361937 77
1587854945252 0.9899999778717756 78
1587854951266 0.6499999854713678 79
1587854957327 2.6399999409914017 80
1587854963319 1.9199999570846558 81
1587854969311 1.1899999734014273 82
1587854975326 0.7799999825656414 83
1587854981322 0.8299999814480543 84
1587854987331 1.4899999666959047 85
1587854993337 1.2099999729543924 86
1587854999385 0.6599999852478504 87
1587855005485 1.0499999765306711 88
1587855011506 0.5299999881535769 89
1587855017520 0.7999999821186066 90
1587855023509 1.1099999751895666 91
1587855029527 0.8499999810010195 92
1587855035530 2.869999935850501 93
1587855041526 0.3299999926239252 94
1587855047574 0.8799999803304672 95
1587855053613 1.339999970048666 96
1587855059644 2.3599999472498894 97
1587855065713 1.6099999640136957 98
1587855071737 1.0699999760836363 99
1587855077850 0.669999985024333 100
