1587925495621 1001 1
1587925508958 1001 2
1587925521228 1001 3
1587925533470 1001 4
1587925545617 1001 5
1587925557789 1001 6
1587925569965 1001 7
1587925582136 1001 8
1587925594252 1001 9
1587925606458 1001 10
1587925618576 1001 11
1587925630781 1001 12
1587925642930 1001 13
1587925655070 1001 14
1587925667769 1001 15
1587925679913 1001 16
1587925692091 1001 17
1587925704274 1001 18
1587925716469 1001 19
1587925728755 1001 20
1587925740969 1001 21
1587925753205 1001 22
1587925765418 1001 23
1587925777604 1001 24
1587925789800 1001 25
1587925802007 1001 26
1587925814232 1001 27
1587925826405 1001 28
1587925838593 1001 29
1587925851654 1001 30
1587925863966 1001 31
1587925876167 1001 32
1587925888361 1001 33
1587925900589 1001 34
1587925912840 1001 35
1587925925084 1001 36
1587925937327 1001 37
1587925949585 1001 38
1587925961899 1001 39
1587925974350 1001 40
1587925986625 1001 41
1587925998922 1001 42
1587926011165 1001 43
1587926024067 1001 44
1587926036338 1001 45
1587926048648 1001 46
1587926060925 1001 47
1587926073199 1001 48
1587926085509 1001 49
1587926098007 1001 50
1587926110403 1001 51
1587926122785 1001 52
1587926135091 1001 53
1587926147399 1001 54
1587926159716 1001 55
1587926172105 1001 56
1587926184418 1001 57
1587926196717 1001 58
1587926209785 1001 59
1587926222209 1001 60
1587926234538 1001 61
1587926246848 1001 62
1587926259181 1001 63
1587926271536 1001 64
1587926284002 1001 65
1587926296367 1001 66
1587926308733 1001 67
1587926321084 1001 68
1587926333477 1001 69
1587926345972 1001 70
1587926358320 1001 71
1587926370689 1001 72
1587926383853 1001 73
1587926396320 1001 74
1587926408849 1001 75
1587926421239 1001 76
1587926433675 1001 77
1587926446060 1001 78
1587926458464 1001 79
1587926471128 1001 80
1587926483630 1001 81
1587926496116 1001 82
1587926508621 1001 83
1587926521129 1001 84
1587926533753 1001 85
1587926546269 1001 86
1587926558787 1001 87
1587926571849 1001 88
1587926584417 1001 89
1587926597060 1001 90
1587926609613 1001 91
1587926622165 1001 92
1587926634736 1001 93
1587926647352 1001 94
1587926659905 1001 95
1587926672445 1001 96
1587926685008 1001 97
1587926697553 1001 98
1587926710162 1001 99
1587926722841 1001 100
1587926735430 1001 101
1587926748550 1001 102
1587926761144 1001 103
1587926773721 1001 104
1587926786314 1001 105
1587926798889 1001 106
1587926811525 1001 107
1587926824189 1001 108
1587926836815 1001 109
1587926849588 1001 110
1587926862298 1001 111
1587926874917 1001 112
1587926887644 1001 113
1587926900265 1001 114
1587926913047 1001 115
1587926926369 1001 116
1587926939040 1001 117
1587926951761 1001 118
1587926964373 1001 119
1587926977119 1001 120
1587926989768 1001 121
1587927002474 1001 122
1587927015232 1001 123
1587927027899 1001 124
1587927040583 1001 125
1587927053270 1001 126
1587927065956 1001 127
1587927078621 1001 128
1587927091293 1001 129
1587927104755 1001 130
1587927117452 1001 131
1587927130175 1001 132
1587927142901 1001 133
1587927155644 1001 134
1587927168385 1001 135
1587927181118 1001 136
1587927193889 1001 137
1587927206616 1001 138
1587927219346 1001 139
1587927232249 1001 140
1587927245034 1001 141
1587927257797 1001 142
1587927270553 1001 143
1587927283889 1001 144
1587927296634 1001 145
1587927309461 1001 146
1587927322242 1001 147
1587927335017 1001 148
1587927347805 1001 149
1587927360729 1001 150
1587927373605 1001 151
1587927386405 1001 152
1587927399211 1001 153
1587927412012 1001 154
1587927424962 1001 155
1587927437872 1001 156
1587927450685 1001 157
1587927464197 1001 158
1587927477098 1001 159
1587927490070 1001 160
1587927502890 1001 161
1587927515725 1001 162
1587927528596 1001 163
1587927541469 1001 164
1587927554330 1001 165
1587927567177 1001 166
1587927580029 1001 167
1587927592881 1001 168
1587927605825 1001 169
1587927618809 1001 170
1587927631680 1001 171
1587927645517 1001 172
1587927658325 1001 173
1587927671162 1001 174
1587927683977 1001 175
1587927696861 1001 176
1587927709739 1001 177
1587927722608 1001 178
1587927735550 1001 179
1587927748526 1001 180
1587927761433 1001 181
1587927774299 1001 182
1587927787202 1001 183
1587927800928 1001 184
1587927814579 1001 185
1587927828134 1001 186
1587927841129 1001 187
1587927854179 1001 188
1587927867197 1001 189
1587927880229 1001 190
1587927893154 1001 191
1587927906117 1001 192
1587927919077 1001 193
1587927932075 1001 194
1587927945050 1001 195
1587927957986 1001 196
1587927970944 1001 197
1587927983892 1001 198
1587927996936 1001 199
1587928010535 1001 200
1587928023538 1001 201
1587928036537 1001 202
1587928049495 1001 203
1587928062462 1001 204
1587928075433 1001 205
1587928088521 1001 206
1587928101623 1001 207
1587928114601 1001 208
1587928127583 1001 209
1587928140670 1001 210
1587928153787 1001 211
1587928167021 1001 212
1587928180173 1001 213
1587928194003 1001 214
1587928207160 1001 215
1587928220353 1001 216
1587928233487 1001 217
1587928246672 1001 218
1587928259827 1001 219
1587928273273 1001 220
1587928286561 1001 221
1587928299910 1001 222
1587928313171 1001 223
1587928326471 1001 224
1587928339775 1001 225
1587928353077 1001 226
1587928366937 1001 227
1587928380157 1001 228
1587928393453 1001 229
1587928406835 1001 230
1587928420089 1001 231
1587928433322 1001 232
1587928446664 1001 233
1587928459901 1001 234
1587928473145 1001 235
1587928486439 1001 236
1587928499737 1001 237
1587928513142 1001 238
1587928526459 1001 239
1587928539906 1001 240
1587928553748 1001 241
1587928567161 1001 242
1587928580482 1001 243
1587928593847 1001 244
1587928607191 1001 245
1587928620601 1001 246
1587928634052 1001 247
1587928647437 1001 248
1587928660797 1001 249
1587928674337 1001 250
1587928687754 1001 251
1587928701185 1001 252
1587928714557 1001 253
1587928728564 1001 254
1587928742045 1001 255
1587928755504 1001 256
1587928769005 1001 257
1587928782425 1001 258
1587928795895 1001 259
1587928809556 1001 260
1587928823030 1001 261
1587928836481 1001 262
1587928850045 1001 263
1587928863609 1001 264
1587928877224 1001 265
1587928890777 1001 266
1587928905013 1001 267
1587928918598 1001 268
1587928932144 1001 269
1587928945787 1001 270
1587928959411 1001 271
1587928972997 1001 272
1587928986601 1001 273
1587929000257 1001 274
1587929013821 1001 275
1587929027426 1001 276
1587929041031 1001 277
1587929054710 1001 278
1587929068433 1001 279
1587929082592 1001 280
1587929096420 1001 281
1587929110121 1001 282
1587929123756 1001 283
1587929137412 1001 284
1587929151089 1001 285
1587929164827 1001 286
1587929178629 1001 287
1587929192409 1001 288
1587929206123 1001 289
1587929220118 1001 290
1587929233877 1001 291
1587929247554 1001 292
1587929261485 1001 293
1587929275541 1001 294
1587929289248 1001 295
1587929302921 1001 296
1587929316594 1001 297
1587929330296 1001 298
1587929344057 1001 299
1587929357913 1001 300
1587929371864 1001 301
1587929385589 1001 302
1587929399325 1001 303
1587929413101 1001 304
1587929426837 1001 305
1587929440728 1001 306
1587929455105 1001 307
1587929468935 1001 308
1587929482818 1001 309
1587929496727 1001 310
1587929510523 1001 311
1587929524357 1001 312
1587929538157 1001 313
1587929551965 1001 314
1587929565767 1001 315
1587929579581 1001 316
1587929593496 1001 317
1587929607351 1001 318
1587929621439 1001 319
1587929635849 1001 320
1587929649849 1001 321
1587929663742 1001 322
1587929677646 1001 323
1587929691550 1001 324
1587929705492 1001 325
1587929719409 1001 326
1587929733345 1001 327
1587929747277 1001 328
1587929761215 1001 329
1587929775300 1001 330
1587929789295 1001 331
1587929803865 1001 332
1587929817804 1001 333
1587929831824 1001 334
1587929845849 1001 335
1587929859933 1001 336
1587929874053 1001 337
1587929888105 1001 338
1587929902103 1001 339
1587929916247 1001 340
1587929930410 1001 341
1587929944505 1001 342
1587929958667 1001 343
1587929972709 1001 344
1587929987341 1001 345
1587930001432 1001 346
1587930015541 1001 347
1587930029622 1001 348
1587930043704 1001 349
1587930057912 1001 350
1587930072117 1001 351
1587930086228 1001 352
1587930100339 1001 353
1587930114525 1001 354
1587930128807 1001 355
1587930142993 1001 356
1587930157164 1001 357
1587930172093 1001 358
1587930186288 1001 359
1587930200592 1001 360
1587930214789 1001 361
1587930228977 1001 362
1587930243261 1001 363
1587930257545 1001 364
1587930271786 1001 365
1587930286025 1001 366
1587930300281 1001 367
1587930314589 1001 368
1587930328881 1001 369
1587930343934 1001 370
1587930358213 1001 371
1587930372573 1001 372
1587930386935 1001 373
1587930401389 1001 374
1587930415767 1001 375
1587930430265 1001 376
1587930444710 1001 377
1587930459148 1001 378
1587930473561 1001 379
1587930488141 1001 380
1587930502576 1001 381
1587930516977 1001 382
1587930532257 1001 383
1587930546711 1001 384
1587930561233 1001 385
1587930575664 1001 386
1587930590125 1001 387
1587930604621 1001 388
1587930619135 1001 389
1587930633765 1001 390
1587930648251 1001 391
1587930662796 1001 392
1587930677318 1001 393
1587930691874 1001 394
1587930707085 1001 395
1587930721654 1001 396
1587930736349 1001 397
1587930750949 1001 398
1587930765605 1001 399
1587930780360 1001 400
1587930795132 1001 401
1587930809841 1001 402
1587930824725 1001 403
1587930839449 1001 404
1587930854105 1001 405
1587930868782 1001 406
1587930884129 1001 407
1587930898771 1001 408
1587930913482 1001 409
1587930928338 1001 410
1587930943069 1001 411
1587930957785 1001 412
1587930972548 1001 413
1587930987297 1001 414
1587931002057 1001 415
1587931016805 1001 416
1587931031757 1001 417
1587931046601 1001 418
1587931061824 1001 419
1587931077055 1001 420
1587931092008 1001 421
1587931106952 1001 422
1587931121865 1001 423
1587931136749 1001 424
1587931151727 1001 425
1587931166653 1001 426
1587931181713 1001 427
1587931196709 1001 428
1587931212069 1001 429
1587931227288 1001 430
1587931242868 1001 431
1587931258097 1001 432
1587931273145 1001 433
1587931288283 1001 434
1587931303381 1001 435
1587931318425 1001 436
1587931333550 1001 437
1587931348658 1001 438
1587931363752 1001 439
1587931378953 1001 440
1587931394025 1001 441
1587931409113 1001 442
1587931424923 1001 443
1587931440152 1001 444
1587931455409 1001 445
1587931470531 1001 446
1587931485899 1001 447
1587931501122 1001 448
1587931516278 1001 449
1587931531539 1001 450
1587931546671 1001 451
1587931561870 1001 452
1587931577050 1001 453
1587931592216 1001 454
1587931608036 1001 455
1587931623341 1001 456
1587931638641 1001 457
1587931654093 1001 458
1587931669473 1001 459
1587931684972 1001 460
1587931700355 1001 461
1587931715822 1001 462
1587931731337 1001 463
1587931746793 1001 464
1587931762197 1001 465
1587931777629 1001 466
1587931793556 1001 467
1587931808981 1001 468
1587931824553 1001 469
1587931840235 1001 470
1587931855801 1001 471
1587931871393 1001 472
1587931886921 1001 473
1587931902444 1001 474
1587931918045 1001 475
1587931933719 1001 476
1587931949405 1001 477
1587931965928 1001 478
1587931981716 1001 479
1587931997485 1001 480
1587932013089 1001 481
1587932028641 1001 482
1587932044203 1001 483
1587932059736 1001 484
1587932075301 1001 485
1587932090852 1001 486
1587932106469 1001 487
1587932122057 1001 488
1587932137665 1001 489
1587932154160 1001 490
1587932169786 1001 491
1587932185402 1001 492
1587932201055 1001 493
1587932216768 1001 494
1587932232604 1001 495
1587932248493 1001 496
1587932264169 1001 497
1587932279885 1001 498
1587932295629 1001 499
1587932311469 1001 500
1587932327845 1001 501
1587932343603 1001 502
1587932359353 1001 503
1587932375113 1001 504
1587932390916 1001 505
1587932406725 1001 506
1587932422497 1001 507
1587932438293 1001 508
1587932454123 1001 509
1587932470094 1001 510
1587932485895 1001 511
1587932502074 1001 512
1587932519737 1001 513
1587932535601 1001 514
1587932551433 1001 515
1587932567270 1001 516
1587932583178 1001 517
1587932599189 1001 518
1587932615085 1001 519
1587932631092 1001 520
1587932647044 1001 521
1587932662945 1001 522
1587932678881 1001 523
1587932695389 1001 524
1587932711359 1001 525
1587932727340 1001 526
1587932743305 1001 527
1587932759271 1001 528
1587932775336 1001 529
1587932791450 1001 530
1587932807509 1001 531
1587932823937 1001 532
1587932840347 1001 533
1587932856602 1001 534
1587932873463 1001 535
1587932889781 1001 536
1587932905919 1001 537
1587932922008 1001 538
1587932938317 1001 539
1587932954633 1001 540
1587932970762 1001 541
1587932986925 1001 542
1587933003111 1001 543
1587933019309 1001 544
1587933035508 1001 545
1587933052241 1001 546
1587933068480 1001 547
1587933084676 1001 548
1587933100893 1001 549
1587933117310 1001 550
1587933133759 1001 551
1587933150170 1001 552
1587933166708 1001 553
1587933183191 1001 554
1587933199658 1001 555
1587933216054 1001 556
1587933233010 1001 557
1587933249391 1001 558
1587933265704 1001 559
1587933282198 1001 560
1587933298531 1001 561
1587933314930 1001 562
1587933331322 1001 563
1587933347706 1001 564
1587933364116 1001 565
1587933380504 1001 566
1587933396902 1001 567
1587933413840 1001 568
1587933430301 1001 569
1587933446909 1001 570
1587933463354 1001 571
1587933479825 1001 572
1587933496377 1001 573
1587933512874 1001 574
1587933529364 1001 575
1587933545904 1001 576
1587933562440 1001 577
1587933578980 1001 578
1587933596163 1001 579
1587933612949 1001 580
1587933629514 1001 581
1587933646100 1001 582
1587933662713 1001 583
1587933679392 1001 584
1587933695999 1001 585
1587933712627 1001 586
1587933729680 1001 587
1587933746664 1001 588
1587933764331 1001 589
1587933781158 1001 590
1587933798068 1001 591
1587933814745 1001 592
1587933831436 1001 593
1587933848215 1001 594
1587933864952 1001 595
1587933881666 1001 596
1587933898409 1001 597
1587933915195 1001 598
1587933931980 1001 599
1587933949511 1001 600
1587933966479 1001 601
1587933983451 1001 602
1587934000409 1001 603
1587934017355 1001 604
1587934034325 1001 605
1587934051308 1001 606
1587934068281 1001 607
1587934085313 1001 608
1587934102333 1001 609
1587934119573 1001 610
1587934137465 1001 611
1587934154553 1001 612
1587934171638 1001 613
1587934188703 1001 614
1587934205819 1001 615
1587934222886 1001 616
1587934239986 1001 617
1587934257108 1001 618
1587934274170 1001 619
1587934291342 1001 620
1587934309129 1001 621
1587934326320 1001 622
1587934343489 1001 623
1587934360668 1001 624
1587934377858 1001 625
1587934395124 1001 626
