1587035916471 1 1
1587035923518 1 2
1587035929706 1 3
1587035935835 1 4
1587035941889 1 5
1587035948027 1 6
1587035955895 1 7
1587035966664 1 8
1587035973241 1 9
1587035979583 1 10
1587035985855 1 11
1587035991885 1 12
1587036001471 1 13
1587036011704 1 14
1587036018399 1 15
1587036025488 1 16
1587036032074 1 17
1587036039962 1 18
1587036048298 1 19
1587036057270 1 20
1587036065161 1 21
1587036073549 1 22
1587036080534 1 23
1587036087901 1 24
1587036095357 1 25
1587036101753 1 26
1587036107910 1 27
1587036114123 1 28
1587036121927 1 29
1587036129843 1 30
1587036136962 1 31
1587036143230 1 32
1587036149534 1 33
1587036155861 1 34
1587036165031 1 35
1587036175266 1 36
1587036189238 1 37
1587036217853 1 38
1587036226200 1 39
1587036245736 1 40
1587036263731 1 41
1587036271139 1 42
1587036278598 1 43
1587036285162 1 44
1587036292677 1 45
1587036299222 1 46
1587036305672 1 47
1587036315070 1 48
1587036326949 1 49
1587036336974 1 50
1587036347700 1 51
1587036356634 1 52
1587036363886 1 53
1587036370997 1 54
1587036380557 1 55
1587036387375 1 56
1587036394050 1 57
1587036404387 1 58
1587036412052 1 59
1587036419993 1 60
1587036427276 1 61
1587036434110 1 62
1587036441407 1 63
1587036451016 1 64
1587036459653 1 65
1587036468902 1 66
1587036478142 1 67
1587036486100 1 68
1587036495154 1 69
1587036504020 1 70
1587036512744 1 71
1587036521259 1 72
1587036529380 1 73
1587036535696 1 74
1587036543018 1 75
1587036551450 1 76
1587036559599 1 77
1587036567512 1 78
1587036578530 1 79
1587036590014 1 80
1587036600152 1 81
1587036610494 1 82
1587036619904 1 83
1587036629573 1 84
1587036639098 1 85
1587036648623 1 86
1587036657549 1 87
1587036667053 1 88
1587036677040 1 89
1587036686387 1 90
1587036695942 1 91
1587036704929 1 92
1587036714424 1 93
1587036724739 1 94
1587036734787 1 95
1587036745027 1 96
1587036754086 1 97
1587036763776 1 98
1587036772456 1 99
1587036781102 1 100
1587036790847 1 101
1587036798935 1 102
1587036807168 1 103
1587036815033 1 104
1587036823237 1 105
1587036832880 1 106
1587036844466 1 107
1587036855292 1 108
1587036864305 1 109
1587036872690 1 110
1587036881042 1 111
1587036889738 1 112
1587036897566 1 113
1587036906015 1 114
1587036914513 1 115
1587036922629 1 116
1587036931285 1 117
1587036940204 1 118
1587036948076 1 119
1587036956395 1 120
1587036965022 1 121
1587036972784 1 122
1587036981364 1 123
1587036989652 1 124
1587036997500 1 125
1587037006007 1 126
1587037013466 1 127
1587037021754 1 128
1587037029381 1 129
1587037037234 1 130
1587037044705 1 131
1587037053063 1 132
1587037061063 1 133
1587037069721 1 134
1587037077225 1 135
1587037085062 1 136
1587037092765 1 137
1587037101723 1 138
1587037110256 1 139
1587037122210 1 140
1587037131696 1 141
1587037140583 1 142
1587037148748 1 143
1587037157959 1 144
1587037166675 1 145
1587037175670 1 146
1587037184213 1 147
1587037193235 1 148
1587037201843 1 149
1587037210720 1 150
1587037219660 1 151
1587037229299 1 152
1587037237942 1 153
1587037246221 1 154
1587037254552 1 155
1587037263790 1 156
1587037271242 1 157
1587037279855 1 158
1587037288637 1 159
1587037297314 1 160
1587037305273 1 161
1587037313340 1 162
1587037322325 1 163
1587037330510 1 164
1587037339393 1 165
1587037347939 1 166
1587037356581 1 167
1587037365948 1 168
1587037374852 1 169
1587037383720 1 170
1587037392324 1 171
1587037404366 1 172
1587037413855 1 173
1587037423294 1 174
1587037432567 1 175
1587037441326 1 176
1587037449135 1 177
1587037458272 1 178
1587037466165 1 179
1587037475231 1 180
1587037483592 1 181
1587037492408 1 182
1587037501428 1 183
1587037509814 1 184
1587037519773 1 185
1587037527509 1 186
1587037536175 1 187
1587037545322 1 188
1587037553363 1 189
1587037562696 1 190
1587037570928 1 191
1587037579322 1 192
1587037586616 1 193
1587037595211 1 194
1587037603999 1 195
1587037612648 1 196
1587037621495 1 197
1587037631434 1 198
1587037639982 1 199
1587037648694 1 200
1587037656773 1 201
1587037667258 1 202
1587037676265 1 203
1587037685959 1 204
1587037695403 1 205
1587037704213 1 206
1587037712540 1 207
1587037721970 1 208
1587037730928 1 209
1587037739885 1 210
1587037748114 1 211
1587037755717 1 212
1587037764025 1 213
1587037773032 1 214
1587037781147 1 215
1587037788887 1 216
1587037796543 1 217
1587037805081 1 218
1587037813400 1 219
1587037822017 1 220
1587037830669 1 221
1587037839491 1 222
1587037849324 1 223
1587037860096 1 224
1587037869238 1 225
1587037878294 1 226
1587037887296 1 227
1587037896287 1 228
1587037904390 1 229
1587037912744 1 230
1587037920661 1 231
1587037929143 1 232
1587037936702 1 233
1587037944499 1 234
1587037952752 1 235
1587037961104 1 236
1587037969255 1 237
1587037976723 1 238
1587037987784 1 239
1587037998063 1 240
1587038006532 1 241
1587038014907 1 242
1587038023175 1 243
1587038031069 1 244
1587038040082 1 245
1587038048654 1 246
1587038057287 1 247
1587038066335 1 248
1587038073571 1 249
1587038081671 1 250
1587038089486 1 251
1587038097390 1 252
1587038105746 1 253
1587038113461 1 254
1587038122256 1 255
1587038131483 1 256
1587038139873 1 257
1587038148590 1 258
1587038156563 1 259
1587038165188 1 260
1587038174434 1 261
1587038183333 1 262
1587038191769 1 263
1587038200330 1 264
1587038208793 1 265
1587038217592 1 266
1587038229008 1 267
1587038238110 1 268
1587038246995 1 269
1587038255852 1 270
1587038264940 1 271
1587038273441 1 272
1587038282891 1 273
1587038290440 1 274
1587038297964 1 275
1587038306344 1 276
1587038315455 1 277
1587038323680 1 278
1587038331773 1 279
1587038340322 1 280
1587038350133 1 281
1587038358760 1 282
1587038366463 1 283
1587038374749 1 284
1587038382079 1 285
1587038390266 1 286
1587038397855 1 287
1587038406222 1 288
1587038415375 1 289
1587038423418 1 290
1587038431396 1 291
1587038439052 1 292
1587038447387 1 293
1587038455978 1 294
1587038464124 1 295
1587038475853 1 296
1587038485635 1 297
1587038494610 1 298
1587038502403 1 299
1587038511185 1 300
1587038520716 1 301
1587038529087 1 302
1587038537888 1 303
1587038546265 1 304
1587038554700 1 305
1587038562203 1 306
1587038570687 1 307
1587038578329 1 308
1587038586201 1 309
1587038593339 1 310
1587038601855 1 311
1587038610689 1 312
1587038619912 1 313
1587038628645 1 314
1587038637155 1 315
1587038645866 1 316
1587038654052 1 317
1587038662438 1 318
1587038669725 1 319
1587038678639 1 320
1587038687250 1 321
1587038695385 1 322
1587038703532 1 323
1587038712175 1 324
1587038720475 1 325
1587038729522 1 326
1587038737856 1 327
1587038746261 1 328
1587038754706 1 329
1587038762926 1 330
1587038770956 1 331
1587038778428 1 332
1587038787323 1 333
1587038795956 1 334
1587038804826 1 335
1587038813679 1 336
1587038822626 1 337
1587038831621 1 338
1587038842050 1 339
1587038851598 1 340
1587038859830 1 341
1587038869162 1 342
1587038877796 1 343
1587038884374 1 344
1587038890830 1 345
1587038897241 1 346
1587038903768 1 347
1587038912135 1 348
1587038921333 1 349
1587038928608 1 350
1587038943847 1 351
1587038961650 1 352
1587038969567 1 353
1587038977579 1 354
1587038985857 1 355
1587038994084 1 356
1587039001966 1 357
1587039011383 1 358
1587039021130 1 359
1587039031160 1 360
1587039039064 1 361
1587039046932 1 362
1587039054607 1 363
1587039062314 1 364
1587039069954 1 365
1587039077607 1 366
1587039085348 1 367
1587039093216 1 368
1587039101101 1 369
1587039108956 1 370
1587039116622 1 371
1587039124495 1 372
1587039132100 1 373
1587039139886 1 374
1587039147596 1 375
1587039155227 1 376
1587039162959 1 377
1587039170913 1 378
1587039182499 1 379
1587039193619 1 380
1587039204515 1 381
1587039212407 1 382
1587039220085 1 383
1587039227714 1 384
1587039237273 1 385
1587039245194 1 386
1587039253117 1 387
1587039260912 1 388
1587039271594 1 389
1587039282853 1 390
1587039290943 1 391
1587039298630 1 392
1587039306297 1 393
1587039314133 1 394
1587039322378 1 395
1587039330188 1 396
1587039337857 1 397
1587039345494 1 398
1587039353117 1 399
1587039360821 1 400
1587039369325 1 401
1587039377442 1 402
1587039385152 1 403
1587039393116 1 404
1587039400717 1 405
1587039408436 1 406
1587039416277 1 407
1587039424085 1 408
1587039432051 1 409
1587039439817 1 410
1587039447539 1 411
1587039455372 1 412
1587039462996 1 413
1587039471572 1 414
1587039482176 1 415
1587039492725 1 416
1587039501278 1 417
1587039509081 1 418
1587039516884 1 419
1587039524987 1 420
1587039532688 1 421
1587039540589 1 422
1587039548707 1 423
1587039556526 1 424
1587039564275 1 425
1587039572112 1 426
1587039579844 1 427
1587039587742 1 428
1587039595411 1 429
1587039603214 1 430
1587039611230 1 431
1587039619306 1 432
1587039626916 1 433
1587039634714 1 434
1587039642352 1 435
1587039650357 1 436
1587039658058 1 437
1587039665962 1 438
1587039673982 1 439
1587039681817 1 440
1587039690128 1 441
1587039696900 1 442
1587039703467 1 443
1587039710183 1 444
1587039716703 1 445
1587039723540 1 446
1587039730293 1 447
1587039736941 1 448
1587039743611 1 449
1587039750262 1 450
1587039756903 1 451
1587039763587 1 452
1587039770356 1 453
1587039776943 1 454
1587039783528 1 455
1587039790295 1 456
1587039797090 1 457
1587039804762 1 458
1587039812186 1 459
1587039818986 1 460
1587039825884 1 461
1587039832608 1 462
1587039839230 1 463
1587039845993 1 464
1587039852993 1 465
1587039859621 1 466
1587039866055 1 467
1587039872740 1 468
1587039879172 1 469
1587039885610 1 470
1587039891948 1 471
1587039898441 1 472
1587039904999 1 473
1587039911631 1 474
1587039918310 1 475
1587039924936 1 476
1587039931456 1 477
1587039937665 1 478
1587039944367 1 479
1587039951178 1 480
1587039957570 1 481
1587039964085 1 482
1587039970808 1 483
1587039977505 1 484
1587039984110 1 485
1587039990617 1 486
1587039997047 1 487
1587040003476 1 488
1587040009874 1 489
1587040016372 1 490
1587040022839 1 491
1587040029380 1 492
1587040035979 1 493
1587040042534 1 494
1587040049103 1 495
1587040055502 1 496
1587040061960 1 497
1587040068316 1 498
1587040074940 1 499
1587040081418 1 500
1587040088280 1 501
1587040095229 1 502
1587040101916 1 503
1587040108415 1 504
1587040115018 1 505
1587040121506 1 506
1587040127906 1 507
1587040134290 1 508
1587040140841 1 509
1587040147355 1 510
1587040154008 1 511
1587040160567 1 512
1587040167104 1 513
1587040173547 1 514
1587040180004 1 515
1587040186523 1 516
1587040192932 1 517
1587040199369 1 518
1587040206088 1 519
1587040213752 1 520
1587040220332 1 521
1587040227233 1 522
1587040234024 1 523
1587040241071 1 524
1587040247632 1 525
1587040254042 1 526
1587040260520 1 527
1587040267158 1 528
1587040273903 1 529
1587040280495 1 530
1587040287133 1 531
1587040293733 1 532
1587040300370 1 533
1587040306908 1 534
1587040313310 1 535
1587040319810 1 536
1587040326399 1 537
1587040332885 1 538
1587040339457 1 539
1587040345981 1 540
1587040352385 1 541
1587040358794 1 542
1587040365255 1 543
1587040371826 1 544
1587040378146 1 545
1587040384755 1 546
1587040391173 1 547
1587040397883 1 548
1587040404483 1 549
1587040411484 1 550
1587040417961 1 551
1587040424559 1 552
1587040431064 1 553
1587040437521 1 554
1587040444036 1 555
1587040450585 1 556
1587040457288 1 557
1587040463891 1 558
1587040470278 1 559
1587040476591 1 560
1587040483099 1 561
1587040489508 1 562
1587040496004 1 563
1587040502469 1 564
1587040508869 1 565
1587040515454 1 566
1587040521848 1 567
1587040528294 1 568
1587040534766 1 569
1587040541336 1 570
1587040547805 1 571
1587040554251 1 572
1587040560758 1 573
1587040567257 1 574
1587040574007 1 575
1587040580613 1 576
1587040587802 1 577
1587040594288 1 578
1587040600851 1 579
1587040607339 1 580
1587040613717 1 581
1587040620236 1 582
1587040626681 1 583
1587040633180 1 584
1587040639647 1 585
1587040646204 1 586
1587040652710 1 587
1587040659239 1 588
1587040665694 1 589
1587040672178 1 590
1587040678592 1 591
1587040685181 1 592
1587040691650 1 593
1587040698126 1 594
1587040704715 1 595
1587040711158 1 596
1587040717574 1 597
1587040724130 1 598
1587040730584 1 599
1587040737093 1 600
1587040743986 1 601
1587040750423 1 602
1587040756891 1 603
1587040763453 1 604
1587040769892 1 605
1587040776462 1 606
1587040783001 1 607
1587040789450 1 608
1587040795849 1 609
1587040802206 1 610
1587040808633 1 611
1587040815219 1 612
1587040821764 1 613
1587040828199 1 614
1587040834758 1 615
1587040841169 1 616
1587040847472 1 617
1587040853959 1 618
1587040860530 1 619
1587040866993 1 620
1587040873360 1 621
1587040879914 1 622
1587040886486 1 623
1587040892813 1 624
1587040899168 1 625
1587040905742 1 626
1587040912101 1 627
1587040918497 1 628
1587040924885 1 629
1587040931279 1 630
1587040937651 1 631
1587040944044 1 632
1587040950745 1 633
1587040956993 1 634
1587040963414 1 635
1587040969895 1 636
1587040976238 1 637
1587040982718 1 638
1587040988963 1 639
1587040995366 1 640
1587041001831 1 641
1587041008139 1 642
1587041015142 1 643
1587041021547 1 644
1587041028048 1 645
1587041034568 1 646
1587041041070 1 647
1587041047500 1 648
1587041054106 1 649
1587041060624 1 650
1587041067163 1 651
1587041073649 1 652
1587041080217 1 653
1587041086694 1 654
1587041093161 1 655
1587041099487 1 656
1587041106034 1 657
1587041112465 1 658
1587041118864 1 659
1587041125409 1 660
1587041131895 1 661
1587041138364 1 662
1587041144892 1 663
1587041151471 1 664
1587041157919 1 665
1587041164596 1 666
1587041170916 1 667
1587041177397 1 668
1587041183900 1 669
1587041190372 1 670
1587041196676 1 671
1587041203139 1 672
1587041209653 1 673
1587041216028 1 674
1587041222415 1 675
1587041228915 1 676
1587041235568 1 677
1587041241957 1 678
1587041248609 1 679
1587041255208 1 680
1587041261733 1 681
1587041268157 1 682
1587041274619 1 683
1587041281148 1 684
1587041287753 1 685
1587041294271 1 686
1587041300810 1 687
1587041307309 1 688
1587041313742 1 689
1587041320180 1 690
1587041326613 1 691
1587041333054 1 692
1587041339439 1 693
1587041345862 1 694
1587041352154 1 695
1587041358670 1 696
1587041365230 1 697
1587041371743 1 698
1587041378229 1 699
1587041384558 1 700
1587041391251 1 701
1587041397566 1 702
1587041403986 1 703
1587041410522 1 704
1587041417127 1 705
1587041423760 1 706
1587041430284 1 707
1587041436710 1 708
1587041443080 1 709
1587041449549 1 710
1587041456074 1 711
1587041462548 1 712
1587041468992 1 713
1587041475463 1 714
1587041481953 1 715
1587041488294 1 716
1587041494652 1 717
1587041501073 1 718
1587041507461 1 719
1587041513858 1 720
1587041520235 1 721
1587041526746 1 722
1587041533230 1 723
1587041539830 1 724
1587041546402 1 725
1587041552968 1 726
1587041559577 1 727
1587041566041 1 728
1587041572407 1 729
1587041579149 1 730
1587041585642 1 731
1587041592046 1 732
1587041598521 1 733
1587041605040 1 734
1587041611716 1 735
1587041619718 1 736
1587041626463 1 737
1587041632832 1 738
1587041639236 1 739
1587041645762 1 740
1587041652100 1 741
1587041658622 1 742
1587041665022 1 743
1587041671407 1 744
1587041677796 1 745
1587041684268 1 746
1587041690789 1 747
1587041697132 1 748
1587041703519 1 749
1587041709992 1 750
1587041716576 1 751
1587041723060 1 752
1587041729479 1 753
1587041735864 1 754
1587041742237 1 755
1587041748653 1 756
1587041755071 1 757
1587041761557 1 758
1587041768047 1 759
1587041774745 1 760
1587041781159 1 761
1587041787545 1 762
1587041793990 1 763
1587041800398 1 764
1587041806729 1 765
1587041813070 1 766
1587041819513 1 767
1587041826013 1 768
1587041832400 1 769
1587041838900 1 770
1587041845627 1 771
1587041852976 1 772
1587041859729 1 773
1587041866057 1 774
1587041872485 1 775
1587041878880 1 776
1587041885350 1 777
1587041891964 1 778
1587041898472 1 779
1587041905051 1 780
1587041911481 1 781
1587041917941 1 782
1587041924350 1 783
1587041930861 1 784
1587041937365 1 785
1587041943837 1 786
1587041950256 1 787
1587041956821 1 788
1587041963429 1 789
1587041970012 1 790
1587041976465 1 791
1587041982980 1 792
1587041989401 1 793
1587041995919 1 794
1587042002409 1 795
1587042009044 1 796
1587042015620 1 797
1587042022478 1 798
1587042029095 1 799
1587042035663 1 800
1587042042537 1 801
1587042048954 1 802
1587042055277 1 803
1587042061771 1 804
1587042068109 1 805
1587042074623 1 806
1587042081102 1 807
1587042087665 1 808
1587042094067 1 809
1587042100391 1 810
1587042106808 1 811
1587042113170 1 812
1587042119505 1 813
1587042126047 1 814
1587042132581 1 815
1587042139057 1 816
1587042145540 1 817
1587042151926 1 818
1587042158363 1 819
1587042164727 1 820
1587042171193 1 821
1587042177646 1 822
1587042184026 1 823
1587042190229 1 824
1587042196616 1 825
1587042202952 1 826
1587042209406 1 827
1587042216023 1 828
1587042222816 1 829
1587042229200 1 830
1587042235603 1 831
1587042242046 1 832
1587042248569 1 833
1587042255292 1 834
1587042261629 1 835
1587042268167 1 836
1587042274529 1 837
1587042280935 1 838
1587042287438 1 839
1587042293818 1 840
1587042300276 1 841
1587042306720 1 842
1587042313125 1 843
1587042319582 1 844
1587042325977 1 845
1587042332363 1 846
1587042338850 1 847
1587042345114 1 848
1587042351587 1 849
1587042357992 1 850
1587042364496 1 851
1587042370983 1 852
1587042377433 1 853
1587042383884 1 854
1587042390370 1 855
1587042396914 1 856
1587042403361 1 857
1587042409821 1 858
1587042416147 1 859
1587042422443 1 860
1587042428815 1 861
1587042435199 1 862
1587042441706 1 863
1587042448207 1 864
1587042454684 1 865
1587042461192 1 866
1587042467588 1 867
1587042474374 1 868
1587042480763 1 869
1587042487311 1 870
1587042493850 1 871
1587042500288 1 872
1587042506631 1 873
1587042513062 1 874
1587042519560 1 875
1587042526076 1 876
1587042532508 1 877
1587042538942 1 878
1587042545392 1 879
1587042551752 1 880
1587042558093 1 881
1587042564517 1 882
1587042570966 1 883
1587042577355 1 884
1587042583842 1 885
1587042590230 1 886
1587042596716 1 887
1587042603183 1 888
1587042609701 1 889
1587042616071 1 890
1587042622658 1 891
1587042629055 1 892
1587042635439 1 893
1587042641785 1 894
1587042648169 1 895
1587042654650 1 896
1587042661015 1 897
1587042667407 1 898
1587042673791 1 899
1587042680179 1 900
1587042686863 1 901
1587042693053 1 902
1587042699450 1 903
1587042705997 1 904
1587042712467 1 905
1587042718988 1 906
1587042725480 1 907
1587042732135 1 908
1587042738596 1 909
1587042745013 1 910
1587042751614 1 911
1587042758067 1 912
1587042764569 1 913
1587042770956 1 914
1587042777407 1 915
1587042783766 1 916
1587042790233 1 917
1587042797003 1 918
1587042804273 1 919
1587042810687 1 920
1587042817301 1 921
1587042824894 1 922
1587042831843 1 923
1587042838390 1 924
1587042844813 1 925
1587042851096 1 926
1587042857621 1 927
1587042864018 1 928
1587042870368 1 929
1587042876813 1 930
1587042883225 1 931
1587042889580 1 932
1587042896012 1 933
1587042902454 1 934
1587042908939 1 935
1587042915355 1 936
1587042921764 1 937
1587042928130 1 938
1587042934548 1 939
1587042940994 1 940
1587042947411 1 941
1587042953808 1 942
1587042960285 1 943
1587042966699 1 944
1587042973110 1 945
1587042979666 1 946
1587042986043 1 947
1587042992582 1 948
1587042998994 1 949
1587043005526 1 950
1587043011922 1 951
1587043018357 1 952
1587043024725 1 953
1587043031149 1 954
1587043037529 1 955
1587043043904 1 956
1587043050504 1 957
1587043056984 1 958
1587043063373 1 959
1587043069845 1 960
1587043076322 1 961
1587043082795 1 962
1587043095477 1 963
1587043103185 1 964
1587043111067 1 965
1587043119013 1 966
1587043126860 1 967
1587043134803 1 968
1587043142648 1 969
1587043152298 1 970
1587043160052 1 971
1587043167890 1 972
1587043175887 1 973
1587043183865 1 974
1587043191752 1 975
1587043199487 1 976
1587043207226 1 977
1587043215012 1 978
1587043222747 1 979
1587043230549 1 980
1587043238202 1 981
1587043245959 1 982
1587043253963 1 983
1587043269896 1 984
1587043281549 1 985
1587043291237 1 986
1587043303260 1 987
1587043317179 1 988
1587043326886 1 989
1587043337406 1 990
1587043350088 1 991
1587043361803 1 992
1587043372966 1 993
1587043383012 1 994
1587043393680 1 995
1587043404925 1 996
1587043414143 1 997
1587043435089 1 998
1587043448212 1 999
1587043469601 1 1000
1587043496088 1 1001
1587043506875 1 1002
1587043515998 1 1003
1587043524902 1 1004
1587043538225 1 1005
1587043554907 1 1006
1587043565164 1 1007
1587043574537 1 1008
1587043588844 1 1009
1587043603033 1 1010
1587043615304 1 1011
1587043627510 1 1012
1587043639651 1 1013
1587043649913 1 1014
1587043658738 1 1015
1587043667587 1 1016
1587043676376 1 1017
1587043685182 1 1018
1587043694185 1 1019
1587043702941 1 1020
1587043711530 1 1021
1587043726912 1 1022
1587043734705 1 1023
1587043742166 1 1024
1587043751515 1 1025
1587043764159 1 1026
1587043780125 1 1027
1587043795956 1 1028
1587043807572 1 1029
1587043818992 1 1030
1587043830711 1 1031
1587043841998 1 1032
1587043853571 1 1033
1587043864999 1 1034
1587043876253 1 1035
1587043887919 1 1036
1587043899719 1 1037
1587043911475 1 1038
1587043923278 1 1039
1587043934868 1 1040
1587043946581 1 1041
1587043957914 1 1042
1587043969414 1 1043
1587043980939 1 1044
1587043992680 1 1045
1587044004185 1 1046
1587044019111 1 1047
1587044033243 1 1048
1587044045973 1 1049
1587044057891 1 1050
1587044069254 1 1051
1587044080452 1 1052
1587044092105 1 1053
1587044104027 1 1054
1587044115494 1 1055
1587044126987 1 1056
1587044137999 1 1057
1587044150187 1 1058
1587044158159 1 1059
1587044165141 1 1060
1587044171976 1 1061
1587044178851 1 1062
1587044185810 1 1063
1587044192739 1 1064
1587044203187 1 1065
1587044213860 1 1066
1587044220925 1 1067
1587044229208 1 1068
1587044236394 1 1069
1587044243196 1 1070
1587044250070 1 1071
1587044256968 1 1072
1587044263771 1 1073
1587044270677 1 1074
1587044279799 1 1075
1587044287129 1 1076
1587044296013 1 1077
1587044302733 1 1078
1587044309437 1 1079
1587044316212 1 1080
1587044322976 1 1081
1587044329758 1 1082
1587044336586 1 1083
1587044343375 1 1084
1587044350078 1 1085
1587044356833 1 1086
1587044363620 1 1087
1587044370772 1 1088
1587044377352 1 1089
1587044384176 1 1090
1587044390915 1 1091
1587044397515 1 1092
1587044404281 1 1093
1587044413503 1 1094
1587044421675 1 1095
1587044428590 1 1096
1587044435206 1 1097
1587044441861 1 1098
1587044448693 1 1099
1587044459051 1 1100
1587044467819 1 1101
1587044475434 1 1102
1587044483104 1 1103
1587044491576 1 1104
1587044500272 1 1105
1587044507080 1 1106
1587044513779 1 1107
1587044520452 1 1108
1587044527168 1 1109
1587044534173 1 1110
1587044541009 1 1111
1587044547754 1 1112
1587044554577 1 1113
1587044561298 1 1114
1587044568077 1 1115
1587044576313 1 1116
1587044584685 1 1117
1587044594305 1 1118
1587044601393 1 1119
1587044609676 1 1120
1587044617058 1 1121
1587044624143 1 1122
1587044630897 1 1123
1587044638015 1 1124
1587044644852 1 1125
1587044651722 1 1126
1587044658494 1 1127
1587044665393 1 1128
1587044672125 1 1129
1587044678949 1 1130
1587044685826 1 1131
1587044692882 1 1132
1587044699727 1 1133
1587044706723 1 1134
1587044713609 1 1135
1587044720563 1 1136
1587044727414 1 1137
1587044734319 1 1138
1587044741121 1 1139
1587044748169 1 1140
1587044754894 1 1141
1587044761723 1 1142
1587044768509 1 1143
1587044775327 1 1144
1587044787759 1 1145
1587044803395 1 1146
1587044814707 1 1147
1587044826146 1 1148
1587044837796 1 1149
1587044850043 1 1150
1587044861312 1 1151
1587044872954 1 1152
1587044884681 1 1153
1587044896308 1 1154
1587044907755 1 1155
1587044919193 1 1156
1587044930434 1 1157
1587044941636 1 1158
1587044953141 1 1159
1587044964553 1 1160
1587044976066 1 1161
1587044987511 1 1162
1587044999203 1 1163
1587045010675 1 1164
1587045022582 1 1165
1587045033551 1 1166
1587045044351 1 1167
1587045056078 1 1168
1587045074105 1 1169
1587045086038 1 1170
1587045098572 1 1171
1587045110452 1 1172
1587045122434 1 1173
1587045134339 1 1174
1587045145738 1 1175
1587045156900 1 1176
1587045168598 1 1177
1587045180441 1 1178
1587045192274 1 1179
1587045207624 1 1180
1587045220488 1 1181
1587045234037 1 1182
1587045246120 1 1183
1587045257914 1 1184
1587045265213 1 1185
1587045271955 1 1186
1587045278707 1 1187
1587045285447 1 1188
1587045292492 1 1189
1587045299341 1 1190
1587045306132 1 1191
1587045312905 1 1192
1587045319608 1 1193
1587045326374 1 1194
1587045333042 1 1195
1587045339747 1 1196
1587045346395 1 1197
1587045353147 1 1198
1587045359768 1 1199
1587045366583 1 1200
1587045373670 1 1201
1587045380556 1 1202
1587045387442 1 1203
1587045394241 1 1204
1587045400840 1 1205
1587045407516 1 1206
1587045414151 1 1207
1587045420905 1 1208
1587045427532 1 1209
1587045434270 1 1210
1587045440976 1 1211
1587045447763 1 1212
1587045454429 1 1213
1587045461168 1 1214
1587045467966 1 1215
1587045474704 1 1216
1587045481474 1 1217
1587045488160 1 1218
1587045495012 1 1219
1587045501684 1 1220
1587045508475 1 1221
1587045515267 1 1222
1587045521920 1 1223
1587045528682 1 1224
1587045535423 1 1225
1587045542142 1 1226
1587045548886 1 1227
1587045555628 1 1228
1587045562402 1 1229
1587045569152 1 1230
1587045575834 1 1231
1587045582555 1 1232
1587045589191 1 1233
1587045596092 1 1234
1587045602862 1 1235
1587045609612 1 1236
1587045616268 1 1237
1587045623006 1 1238
1587045629706 1 1239
1587045636391 1 1240
1587045643136 1 1241
1587045649919 1 1242
1587045656668 1 1243
1587045663360 1 1244
1587045670079 1 1245
1587045676720 1 1246
1587045683489 1 1247
1587045690271 1 1248
1587045697010 1 1249
1587045703799 1 1250
1587045710479 1 1251
1587045717215 1 1252
1587045723985 1 1253
1587045730598 1 1254
1587045737357 1 1255
1587045744024 1 1256
1587045750679 1 1257
1587045757307 1 1258
1587045764076 1 1259
1587045770847 1 1260
1587045777514 1 1261
1587045784322 1 1262
1587045791091 1 1263
1587045797858 1 1264
1587045804562 1 1265
1587045811343 1 1266
1587045818049 1 1267
1587045824814 1 1268
1587045831652 1 1269
1587045838355 1 1270
1587045845045 1 1271
1587045852045 1 1272
1587045858778 1 1273
1587045865501 1 1274
1587045872036 1 1275
1587045878681 1 1276
1587045885504 1 1277
1587045892225 1 1278
1587045898864 1 1279
1587045905710 1 1280
1587045912323 1 1281
1587045919054 1 1282
1587045925739 1 1283
1587045932415 1 1284
1587045938970 1 1285
1587045945642 1 1286
1587045952228 1 1287
1587045958709 1 1288
1587045965308 1 1289
1587045971903 1 1290
1587045978584 1 1291
1587045985318 1 1292
1587045992025 1 1293
1587045998679 1 1294
1587046005332 1 1295
1587046011884 1 1296
1587046018449 1 1297
1587046025214 1 1298
1587046031817 1 1299
1587046038487 1 1300
1587046045306 1 1301
1587046052040 1 1302
1587046058659 1 1303
1587046065362 1 1304
1587046071964 1 1305
1587046078592 1 1306
1587046085304 1 1307
1587046091962 1 1308
1587046098605 1 1309
1587046105361 1 1310
1587046112067 1 1311
1587046118716 1 1312
1587046125432 1 1313
1587046132172 1 1314
1587046138823 1 1315
1587046145442 1 1316
1587046152044 1 1317
1587046158746 1 1318
1587046165347 1 1319
1587046172114 1 1320
1587046178716 1 1321
1587046185335 1 1322
1587046192118 1 1323
1587046198854 1 1324
1587046205690 1 1325
1587046212374 1 1326
1587046219127 1 1327
1587046225831 1 1328
1587046232466 1 1329
1587046239208 1 1330
1587046245795 1 1331
1587046252457 1 1332
1587046259060 1 1333
1587046265681 1 1334
1587046272165 1 1335
1587046278848 1 1336
1587046285488 1 1337
1587046292089 1 1338
1587046298745 1 1339
1587046305423 1 1340
1587046312082 1 1341
1587046318668 1 1342
1587046325432 1 1343
1587046332160 1 1344
1587046338619 1 1345
1587046345121 1 1346
1587046351622 1 1347
1587046358363 1 1348
1587046364983 1 1349
1587046371576 1 1350
1587046378372 1 1351
1587046385124 1 1352
1587046392029 1 1353
1587046398678 1 1354
1587046405316 1 1355
1587046411818 1 1356
1587046418454 1 1357
1587046425020 1 1358
1587046431757 1 1359
1587046438423 1 1360
1587046445224 1 1361
1587046452260 1 1362
1587046458907 1 1363
1587046465680 1 1364
1587046472306 1 1365
1587046479038 1 1366
1587046485692 1 1367
1587046492456 1 1368
1587046499142 1 1369
1587046505979 1 1370
1587046512600 1 1371
1587046519373 1 1372
1587046525999 1 1373
1587046532687 1 1374
1587046539295 1 1375
1587046545914 1 1376
1587046552429 1 1377
1587046559066 1 1378
1587046565681 1 1379
1587046572300 1 1380
1587046578971 1 1381
1587046585582 1 1382
1587046592277 1 1383
1587046598811 1 1384
1587046605527 1 1385
1587046612147 1 1386
1587046618753 1 1387
1587046625415 1 1388
1587046632155 1 1389
1587046638771 1 1390
1587046645325 1 1391
1587046652093 1 1392
1587046658714 1 1393
1587046665348 1 1394
1587046672008 1 1395
1587046678736 1 1396
1587046685405 1 1397
1587046692095 1 1398
1587046698824 1 1399
1587046705542 1 1400
1587046712565 1 1401
1587046719181 1 1402
1587046725924 1 1403
1587046732703 1 1404
1587046739341 1 1405
1587046746215 1 1406
1587046753014 1 1407
1587046759784 1 1408
1587046766924 1 1409
1587046774143 1 1410
1587046781245 1 1411
1587046788304 1 1412
1587046795108 1 1413
1587046801917 1 1414
1587046808647 1 1415
1587046815432 1 1416
1587046822136 1 1417
1587046828922 1 1418
1587046835573 1 1419
1587046842344 1 1420
1587046848960 1 1421
1587046855677 1 1422
1587046862367 1 1423
1587046869081 1 1424
1587046875768 1 1425
1587046882390 1 1426
1587046888873 1 1427
1587046895610 1 1428
1587046902310 1 1429
1587046908998 1 1430
1587046915665 1 1431
1587046922467 1 1432
1587046929106 1 1433
1587046935940 1 1434
1587046942609 1 1435
1587046949293 1 1436
1587046955896 1 1437
1587046962566 1 1438
1587046969150 1 1439
1587046975898 1 1440
1587046982468 1 1441
1587046989122 1 1442
1587046995802 1 1443
1587047002440 1 1444
1587047009100 1 1445
1587047015745 1 1446
1587047022501 1 1447
1587047029388 1 1448
1587047036070 1 1449
1587047042816 1 1450
1587047049443 1 1451
1587047056441 1 1452
1587047063280 1 1453
1587047070718 1 1454
1587047077941 1 1455
1587047084718 1 1456
1587047091274 1 1457
1587047097890 1 1458
1587047104613 1 1459
1587047111239 1 1460
1587047117882 1 1461
1587047124535 1 1462
1587047131099 1 1463
1587047137940 1 1464
1587047144727 1 1465
1587047151494 1 1466
1587047158212 1 1467
1587047165030 1 1468
1587047174100 1 1469
1587047181034 1 1470
1587047187740 1 1471
1587047194452 1 1472
1587047201156 1 1473
1587047207818 1 1474
1587047214381 1 1475
1587047221147 1 1476
1587047227782 1 1477
1587047234400 1 1478
1587047241004 1 1479
1587047247684 1 1480
1587047254425 1 1481
1587047261108 1 1482
1587047267826 1 1483
1587047274495 1 1484
1587047281165 1 1485
1587047287934 1 1486
1587047294539 1 1487
1587047302076 1 1488
1587047308779 1 1489
1587047315484 1 1490
1587047428222 1 1491
1587047435310 1 1492
1587047444594 1 1493
1587047453828 1 1494
1587047462521 1 1495
1587047471314 1 1496
1587048812350 1 1497
1587048821829 1 1498
1587048830435 1 1499
1587048841142 1 1500
1587048864313 1 1501
1587048871558 1 1502
1587048880840 1 1503
1587048894517 1 1504
1587048904894 1 1505
1587048912890 1 1506
1587048920734 1 1507
1587048931777 1 1508
1587048946942 1 1509
1587048963370 1 1510
1587048973873 1 1511
1587048984421 1 1512
1587048991307 1 1513
1587048998144 1 1514
1587049005398 1 1515
1587049013534 1 1516
1587049029534 1 1517
1587049043657 1 1518
1587049060244 1 1519
1587049078905 1 1520
1587049087896 1 1521
1587049097327 1 1522
1587049105717 1 1523
1587049113899 1 1524
1587049122462 1 1525
1587049132442 1 1526
1587049140794 1 1527
1587049149566 1 1528
1587049157992 1 1529
1587049167989 1 1530
1587049176043 1 1531
1587049183654 1 1532
1587049192267 1 1533
1587049199523 1 1534
1587049206644 1 1535
1587049214189 1 1536
1587049221283 1 1537
1587049228319 1 1538
1587049235392 1 1539
1587049242408 1 1540
1587049249466 1 1541
1587049256575 1 1542
1587049263505 1 1543
1587049270574 1 1544
1587049277736 1 1545
1587049285971 1 1546
1587049293019 1 1547
1587049299987 1 1548
1587049306812 1 1549
1587049313826 1 1550
1587049320793 1 1551
1587049327812 1 1552
1587049334815 1 1553
1587049341516 1 1554
1587049347936 1 1555
1587049355108 1 1556
1587049365197 1 1557
1587049373597 1 1558
1587049382615 1 1559
1587049391313 1 1560
1587049398262 1 1561
1587049405331 1 1562
1587049412456 1 1563
1587049419573 1 1564
1587049426180 1 1565
1587049433145 1 1566
1587049440597 1 1567
1587049449414 1 1568
1587049458151 1 1569
1587049471325 1 1570
1587049479023 1 1571
1587049488412 1 1572
1587049499765 1 1573
1587049506911 1 1574
1587049513780 1 1575
1587049520469 1 1576
1587049527155 1 1577
1587049533820 1 1578
1587049541344 1 1579
1587049549517 1 1580
1587049556446 1 1581
1587049563301 1 1582
1587049572268 1 1583
1587049580733 1 1584
1587049588175 1 1585
1587049595827 1 1586
1587049602790 1 1587
1587049609969 1 1588
1587049617377 1 1589
1587049625139 1 1590
1587049632765 1 1591
1587049640323 1 1592
1587049647546 1 1593
1587049655236 1 1594
1587049662918 1 1595
1587049670158 1 1596
1587049677452 1 1597
1587049685252 1 1598
1587049692373 1 1599
1587049702296 1 1600
1587049714789 1 1601
1587049726911 1 1602
1587049734362 1 1603
1587049743380 1 1604
1587049754610 1 1605
1587049761371 1 1606
1587049768429 1 1607
1587049775688 1 1608
1587049782359 1 1609
1587049789274 1 1610
1587049797296 1 1611
1587049804557 1 1612
1587049811776 1 1613
1587049821392 1 1614
1587049827869 1 1615
1587049834230 1 1616
1587049841109 1 1617
1587049848346 1 1618
1587049858004 1 1619
1587049866417 1 1620
1587049873330 1 1621
1587049881172 1 1622
1587049888572 1 1623
1587049895588 1 1624
1587049906598 1 1625
1587049916681 1 1626
1587049923811 1 1627
1587049931074 1 1628
1587049940424 1 1629
1587049948235 1 1630
1587049956624 1 1631
1587049963669 1 1632
1587049971983 1 1633
1587049980363 1 1634
1587049987299 1 1635
1587049994899 1 1636
1587050001738 1 1637
1587050008858 1 1638
1587050017199 1 1639
1587050025304 1 1640
1587050044180 1 1641
1587050053350 1 1642
1587050060957 1 1643
1587050068543 1 1644
1587050075646 1 1645
1587050083366 1 1646
1587050093014 1 1647
1587050102210 1 1648
1587050110009 1 1649
1587050118727 1 1650
1587050126952 1 1651
1587050134539 1 1652
1587050142005 1 1653
1587050152811 1 1654
1587050165399 1 1655
1587050177843 1 1656
1587050187373 1 1657
1587050198479 1 1658
1587050206877 1 1659
1587050214393 1 1660
1587050224037 1 1661
1587050235677 1 1662
1587050244440 1 1663
1587050251559 1 1664
1587050258983 1 1665
1587050266482 1 1666
1587050273522 1 1667
1587050282639 1 1668
1587050307195 1 1669
1587050316232 1 1670
1587050326017 1 1671
1587050333245 1 1672
1587050341016 1 1673
1587050348417 1 1674
1587050356423 1 1675
1587050363247 1 1676
1587050371445 1 1677
1587050379495 1 1678
1587050387177 1 1679
1587050394746 1 1680
1587050402107 1 1681
1587050409525 1 1682
1587050416928 1 1683
1587050424138 1 1684
1587050431909 1 1685
1587050438980 1 1686
1587050446452 1 1687
1587050453516 1 1688
1587050460904 1 1689
1587050468294 1 1690
1587050476149 1 1691
1587050484048 1 1692
1587050491590 1 1693
1587050499766 1 1694
1587050507687 1 1695
1587050515688 1 1696
1587050522973 1 1697
1587050530539 1 1698
1587050537850 1 1699
1587050548107 1 1700
1587050564098 1 1701
1587050573617 1 1702
1587050581834 1 1703
1587050589185 1 1704
1587050597304 1 1705
1587050604176 1 1706
1587050611899 1 1707
1587050620034 1 1708
1587050628175 1 1709
1587050635894 1 1710
1587050644469 1 1711
1587050651460 1 1712
1587050658603 1 1713
1587050668982 1 1714
1587050679326 1 1715
1587050687643 1 1716
1587050696620 1 1717
1587050703954 1 1718
1587050711458 1 1719
1587050718457 1 1720
1587050726212 1 1721
1587050733898 1 1722
1587050741281 1 1723
1587050748713 1 1724
1587050756020 1 1725
1587050763402 1 1726
1587050770139 1 1727
1587050776786 1 1728
1587050783475 1 1729
1587050789896 1 1730
1587050796431 1 1731
1587050802898 1 1732
1587050809539 1 1733
1587050816604 1 1734
1587050828175 1 1735
1587050842660 1 1736
1587050849862 1 1737
1587050861381 1 1738
1587050868374 1 1739
1587050875517 1 1740
1587050883054 1 1741
1587050890488 1 1742
1587050897925 1 1743
1587050904689 1 1744
1587050911630 1 1745
1587050922428 1 1746
1587050934774 1 1747
1587050946902 1 1748
1587050961949 1 1749
1587050974273 1 1750
1587050983810 1 1751
1587050992846 1 1752
1587051001097 1 1753
1587051014194 1 1754
1587051024936 1 1755
1587051039077 1 1756
1587051047606 1 1757
1587051055118 1 1758
1587051065402 1 1759
1587051075118 1 1760
1587051083324 1 1761
1587051090987 1 1762
1587051101476 1 1763
1587051109578 1 1764
1587051119171 1 1765
1587051129864 1 1766
1587051138065 1 1767
1587051145633 1 1768
1587051153535 1 1769
1587051160606 1 1770
1587051167838 1 1771
1587051177296 1 1772
1587051191878 1 1773
1587051199071 1 1774
1587051207863 1 1775
1587051215680 1 1776
1587051222658 1 1777
1587051229338 1 1778
1587051235956 1 1779
1587051242567 1 1780
1587051249304 1 1781
1587051256127 1 1782
1587051262698 1 1783
1587051269164 1 1784
1587051275836 1 1785
1587051282354 1 1786
1587051289090 1 1787
1587051295867 1 1788
1587051304029 1 1789
1587051311658 1 1790
1587051319296 1 1791
1587051328224 1 1792
1587051335436 1 1793
1587051342823 1 1794
1587051350691 1 1795
1587051358299 1 1796
1587051365014 1 1797
1587051371735 1 1798
1587051378851 1 1799
1587051385451 1 1800
1587051392439 1 1801
1587051399044 1 1802
1587051405694 1 1803
1587051412292 1 1804
1587051418878 1 1805
1587051425450 1 1806
1587051431985 1 1807
1587051438702 1 1808
1587051446357 1 1809
1587051453661 1 1810
1587051460846 1 1811
1587051468254 1 1812
1587051475799 1 1813
1587051483225 1 1814
1587051491590 1 1815
1587051498696 1 1816
1587051506660 1 1817
1587051513962 1 1818
1587051521648 1 1819
1587051533195 1 1820
1587051540198 1 1821
1587051554066 1 1822
1587051563487 1 1823
1587051576461 1 1824
1587051587011 1 1825
1587051596148 1 1826
1587051603631 1 1827
1587051614683 1 1828
1587051622036 1 1829
1587051630218 1 1830
1587051637724 1 1831
1587051653089 1 1832
1587051667603 1 1833
1587051677447 1 1834
1587051685268 1 1835
1587051694318 1 1836
1587051703640 1 1837
1587051713066 1 1838
1587051722350 1 1839
1587051732748 1 1840
1587051741284 1 1841
1587051750204 1 1842
1587051761877 1 1843
1587051780669 1 1844
1587051789910 1 1845
1587051798337 1 1846
1587051811180 1 1847
1587051828397 1 1848
1587051835822 1 1849
1587051844286 1 1850
1587051852037 1 1851
1587051859236 1 1852
1587051867177 1 1853
1587051875133 1 1854
1587051888776 1 1855
1587051903399 1 1856
1587051917262 1 1857
1587051930686 1 1858
1587051942538 1 1859
1587051967004 1 1860
1587051974457 1 1861
1587051982235 1 1862
1587051989076 1 1863
1587051997231 1 1864
1587052007558 1 1865
1587052019047 1 1866
1587052026625 1 1867
1587052034486 1 1868
1587052042494 1 1869
1587052054238 1 1870
1587052064573 1 1871
1587052072516 1 1872
1587052081590 1 1873
1587052088764 1 1874
1587052096876 1 1875
1587052110939 1 1876
1587052131086 1 1877
1587052151312 1 1878
1587052165862 1 1879
1587052179039 1 1880
1587052196704 1 1881
1587052211613 1 1882
1587052224134 1 1883
1587052234815 1 1884
1587052246330 1 1885
1587052255574 1 1886
1587052264425 1 1887
1587052276354 1 1888
1587052286138 1 1889
1587052294975 1 1890
1587052303170 1 1891
1587052311189 1 1892
1587052318514 1 1893
1587052325541 1 1894
1587052332669 1 1895
1587052339809 1 1896
1587052347596 1 1897
1587052355212 1 1898
1587052362528 1 1899
1587052370085 1 1900
1587052377918 1 1901
1587052385489 1 1902
1587052393460 1 1903
1587052402246 1 1904
1587052411365 1 1905
1587052421661 1 1906
1587052430488 1 1907
1587052439245 1 1908
1587052447823 1 1909
1587052455955 1 1910
1587052465765 1 1911
1587052476910 1 1912
1587052484650 1 1913
1587052493042 1 1914
1587052501580 1 1915
1587052510514 1 1916
1587052519172 1 1917
1587052527499 1 1918
1587052537866 1 1919
1587052547750 1 1920
1587052558080 1 1921
1587052568124 1 1922
1587052577811 1 1923
1587052586310 1 1924
1587052595035 1 1925
1587052602468 1 1926
1587052610015 1 1927
1587052617685 1 1928
1587052625288 1 1929
1587052633088 1 1930
1587052641846 1 1931
1587052651208 1 1932
1587052661148 1 1933
1587052677794 1 1934
1587052689348 1 1935
1587052710269 1 1936
1587052731361 1 1937
1587052741927 1 1938
1587052751837 1 1939
1587052762057 1 1940
1587052771568 1 1941
1587052782946 1 1942
1587052794952 1 1943
1587052805281 1 1944
1587052815050 1 1945
1587052823136 1 1946
1587052831395 1 1947
1587052839227 1 1948
1587052847488 1 1949
1587052855434 1 1950
1587052863367 1 1951
1587052871871 1 1952
1587052880089 1 1953
1587052888162 1 1954
1587052896150 1 1955
1587052904216 1 1956
1587052912323 1 1957
1587052920374 1 1958
1587052928378 1 1959
1587052936492 1 1960
1587052944444 1 1961
1587052952253 1 1962
1587052960201 1 1963
1587052968171 1 1964
1587052976740 1 1965
1587052984620 1 1966
1587052992570 1 1967
1587053000488 1 1968
1587053008542 1 1969
1587053016420 1 1970
1587053032633 1 1971
1587053075197 1 1972
1587053084351 1 1973
1587053092467 1 1974
1587053100594 1 1975
1587053108796 1 1976
1587053116397 1 1977
1587053123349 1 1978
1587053130910 1 1979
1587053140411 1 1980
1587053153360 1 1981
1587053162772 1 1982
1587053174083 1 1983
1587053190779 1 1984
1587053199560 1 1985
1587053207862 1 1986
1587053216403 1 1987
1587053224772 1 1988
1587053233227 1 1989
1587053241595 1 1990
1587053249701 1 1991
1587053258043 1 1992
1587053266658 1 1993
1587053275386 1 1994
1587053283595 1 1995
1587053291864 1 1996
1587053300436 1 1997
1587053308659 1 1998
1587053317001 1 1999
1587053325168 1 2000
1587053333930 1 2001
1587053342401 1 2002
1587053350688 1 2003
1587053359124 1 2004
1587053367327 1 2005
1587053376037 1 2006
1587053384190 1 2007
1587053392575 1 2008
1587053400997 1 2009
1587053409577 1 2010
1587053417772 1 2011
1587053426051 1 2012
1587053434241 1 2013
1587053443070 1 2014
1587053451390 1 2015
1587053460038 1 2016
1587053468217 1 2017
1587053477371 1 2018
1587053485972 1 2019
1587053494378 1 2020
1587053502630 1 2021
1587053511331 1 2022
1587053519587 1 2023
1587053527951 1 2024
1587053536318 1 2025
1587053544567 1 2026
1587053553391 1 2027
1587053561650 1 2028
1587053569918 1 2029
1587053578198 1 2030
1587053587177 1 2031
1587053595480 1 2032
1587053603634 1 2033
1587053611859 1 2034
1587053620758 1 2035
1587053627858 1 2036
1587053637570 1 2037
1587053645759 1 2038
1587053653572 1 2039
1587053664463 1 2040
1587053683827 1 2041
1587053697249 1 2042
1587053714386 1 2043
1587053732135 1 2044
1587053755708 1 2045
1587053773783 1 2046
1587053803105 1 2047
1587053825828 1 2048
1587053841119 1 2049
1587053864707 1 2050
1587053887880 1 2051
1587053921866 1 2052
1587053944516 1 2053
1587053960683 1 2054
1587053975526 1 2055
1587053995599 1 2056
1587054003825 1 2057
1587054012422 1 2058
1587054026630 1 2059
1587054037282 1 2060
1587054047401 1 2061
1587054057098 1 2062
1587054067361 1 2063
1587054077137 1 2064
1587054085779 1 2065
1587054102232 1 2066
1587054119037 1 2067
1587054132987 1 2068
1587054143304 1 2069
1587054153502 1 2070
1587054162163 1 2071
1587054172578 1 2072
1587054185066 1 2073
1587054194271 1 2074
1587054206406 1 2075
1587054217523 1 2076
1587054227953 1 2077
1587054239189 1 2078
1587054248534 1 2079
1587054255675 1 2080
1587054262771 1 2081
1587054271110 1 2082
1587054279742 1 2083
1587054288006 1 2084
1587054296011 1 2085
1587054304032 1 2086
1587054311903 1 2087
1587054321148 1 2088
1587054331062 1 2089
1587054338472 1 2090
1587054345511 1 2091
1587054360611 1 2092
1587054377547 1 2093
1587054389621 1 2094
1587054407232 1 2095
1587054417539 1 2096
1587054427978 1 2097
1587054440682 1 2098
1587054448918 1 2099
1587054462728 1 2100
1587054474249 1 2101
1587054484760 1 2102
1587054496297 1 2103
1587054506544 1 2104
1587054515881 1 2105
1587054524700 1 2106
1587054533740 1 2107
1587054551893 1 2108
1587054564768 1 2109
1587054578425 1 2110
1587054588187 1 2111
1587054597645 1 2112
1587054607005 1 2113
1587054618191 1 2114
1587054627393 1 2115
1587054635849 1 2116
1587054644553 1 2117
1587054657623 1 2118
1587054666442 1 2119
1587054675896 1 2120
1587054690632 1 2121
1587054704353 1 2122
1587054719763 1 2123
1587054732218 1 2124
1587054740624 1 2125
1587054748325 1 2126
1587054762978 1 2127
1587054773824 1 2128
1587054784610 1 2129
1587054794293 1 2130
1587054803378 1 2131
1587054813372 1 2132
1587054824113 1 2133
1587054833727 1 2134
1587054846847 1 2135
1587054855703 1 2136
1587054866054 1 2137
1587054874776 1 2138
1587054884902 1 2139
1587054900088 1 2140
1587054913575 1 2141
1587054927694 1 2142
1587054938742 1 2143
1587054949424 1 2144
1587054967243 1 2145
1587054979733 1 2146
1587054989591 1 2147
1587055001069 1 2148
1587055012891 1 2149
1587055026003 1 2150
1587055036732 1 2151
1587055048123 1 2152
1587055066933 1 2153
1587055078301 1 2154
1587055092926 1 2155
1587055102892 1 2156
1587055112474 1 2157
1587055123154 1 2158
1587055136642 1 2159
1587055151970 1 2160
1587055165500 1 2161
1587055176984 1 2162
1587055189665 1 2163
1587055205311 1 2164
1587055223798 1 2165
1587055238433 1 2166
1587055248988 1 2167
1587055266871 1 2168
1587055278350 1 2169
1587055287831 1 2170
1587055296452 1 2171
1587055305254 1 2172
1587055316442 1 2173
1587055325309 1 2174
1587055335499 1 2175
1587055343636 1 2176
1587055352369 1 2177
1587055361098 1 2178
1587055369899 1 2179
1587055383129 1 2180
1587055396419 1 2181
1587055407985 1 2182
1587055425329 1 2183
1587055437735 1 2184
1587055447766 1 2185
1587055458104 1 2186
1587055467726 1 2187
1587055477262 1 2188
1587055486436 1 2189
1587055495921 1 2190
1587055505811 1 2191
1587055515409 1 2192
1587055528485 1 2193
1587055538435 1 2194
1587055570266 1 2195
1587055580552 1 2196
1587055591222 1 2197
1587055601752 1 2198
1587055612126 1 2199
1587055622811 1 2200
1587055633683 1 2201
1587055643639 1 2202
1587055653077 1 2203
1587055662547 1 2204
1587055672477 1 2205
1587055682937 1 2206
1587055693076 1 2207
1587055703758 1 2208
1587055713896 1 2209
1587055724254 1 2210
1587055734267 1 2211
1587055744230 1 2212
1587055754193 1 2213
1587055764038 1 2214
1587055773550 1 2215
1587055787245 1 2216
1587055795671 1 2217
1587055803007 1 2218
1587055810877 1 2219
1587055819745 1 2220
1587055828532 1 2221
1587055835749 1 2222
1587055843418 1 2223
1587055852956 1 2224
1587055860391 1 2225
1587055868056 1 2226
1587055876096 1 2227
1587055887605 1 2228
1587055896133 1 2229
1587055907180 1 2230
1587055916780 1 2231
1587055928425 1 2232
1587055938099 1 2233
1587055948964 1 2234
1587055959490 1 2235
1587055968134 1 2236
1587055976473 1 2237
1587055985536 1 2238
1587055996110 1 2239
1587056007073 1 2240
1587056017531 1 2241
1587056025432 1 2242
1587056034672 1 2243
1587056051632 1 2244
1587056062106 1 2245
1587056075634 1 2246
1587056089523 1 2247
1587056098137 1 2248
1587056108823 1 2249
1587056121275 1 2250
1587056131005 1 2251
1587056145059 1 2252
1587056156915 1 2253
1587056167209 1 2254
1587056175450 1 2255
1587056183961 1 2256
1587056192151 1 2257
1587056200630 1 2258
1587056209482 1 2259
1587056225179 1 2260
1587056233429 1 2261
1587056247690 1 2262
1587056255818 1 2263
1587056264467 1 2264
1587056272496 1 2265
1587056279872 1 2266
1587056286858 1 2267
1587056294756 1 2268
1587056302547 1 2269
1587056312747 1 2270
1587056322835 1 2271
1587056331521 1 2272
1587056339687 1 2273
1587056347709 1 2274
1587056355335 1 2275
1587056370459 1 2276
1587056379500 1 2277
1587056388450 1 2278
1587056396286 1 2279
1587056404925 1 2280
1587056414631 1 2281
1587056424286 1 2282
1587056433061 1 2283
1587056441908 1 2284
1587056449864 1 2285
1587056458139 1 2286
1587056466005 1 2287
1587056474591 1 2288
1587056482635 1 2289
1587056491169 1 2290
1587056499262 1 2291
1587056507895 1 2292
1587056516990 1 2293
1587056525422 1 2294
1587056533860 1 2295
1587056543724 1 2296
1587056552198 1 2297
1587056568188 1 2298
1587056581986 1 2299
1587056590722 1 2300
1587056604456 1 2301
1587056613636 1 2302
1587056621739 1 2303
1587056629221 1 2304
1587056639085 1 2305
1587056649612 1 2306
1587056658556 1 2307
1587056669434 1 2308
1587056677553 1 2309
1587056687637 1 2310
1587056695693 1 2311
1587056703826 1 2312
1587056711969 1 2313
1587056720612 1 2314
1587056728302 1 2315
1587056738413 1 2316
1587056749405 1 2317
1587056757676 1 2318
1587056765366 1 2319
1587056773082 1 2320
1587056782396 1 2321
1587056791099 1 2322
1587056799195 1 2323
1587056806940 1 2324
1587056814341 1 2325
1587056823052 1 2326
1587056831033 1 2327
1587056841268 1 2328
1587056849445 1 2329
1587056857239 1 2330
1587056864659 1 2331
1587056872051 1 2332
1587056879555 1 2333
1587056887576 1 2334
1587056898620 1 2335
1587056907096 1 2336
1587056914567 1 2337
1587056922554 1 2338
1587056929779 1 2339
1587056936823 1 2340
1587056943976 1 2341
1587056951335 1 2342
1587056959377 1 2343
1587056968026 1 2344
1587056976401 1 2345
1587056985087 1 2346
1587056994049 1 2347
1587057002438 1 2348
1587057010447 1 2349
1587057019722 1 2350
1587057028114 1 2351
1587057037451 1 2352
1587057051506 1 2353
1587057062597 1 2354
1587057074487 1 2355
1587057084333 1 2356
1587057092815 1 2357
1587057100871 1 2358
1587057108700 1 2359
1587057116885 1 2360
1587057123983 1 2361
1587057131380 1 2362
1587057138425 1 2363
1587057145832 1 2364
1587057154649 1 2365
1587057163922 1 2366
1587057183118 1 2367
1587057197737 1 2368
1587057213343 1 2369
1587057231828 1 2370
1587057245637 1 2371
1587057257719 1 2372
1587057270175 1 2373
1587057282994 1 2374
1587057295192 1 2375
1587057304343 1 2376
1587057312480 1 2377
1587057321349 1 2378
1587057331552 1 2379
1587057341019 1 2380
1587057349819 1 2381
1587057359279 1 2382
1587057369978 1 2383
1587057383919 1 2384
1587057395858 1 2385
1587057409865 1 2386
1587057418489 1 2387
1587057431267 1 2388
1587057443733 1 2389
1587057456491 1 2390
1587057492210 1 2391
1587057510037 1 2392
1587057527063 1 2393
1587057543982 1 2394
1587057562250 1 2395
1587057579055 1 2396
1587057598568 1 2397
1587057618052 1 2398
1587057637348 1 2399
1587057661656 1 2400
1587057680251 1 2401
1587057695344 1 2402
1587057712284 1 2403
1587057731273 1 2404
1587057749888 1 2405
1587057771087 1 2406
1587057789382 1 2407
1587057807488 1 2408
1587057825108 1 2409
1587057842701 1 2410
1587057862061 1 2411
1587057878934 1 2412
1587057894000 1 2413
1587057911518 1 2414
1587057928012 1 2415
1587057945258 1 2416
1587057960155 1 2417
1587057975837 1 2418
1587057993432 1 2419
1587058006523 1 2420
1587058022725 1 2421
1587058037538 1 2422
1587058052707 1 2423
1587058064867 1 2424
1587058076157 1 2425
1587058088512 1 2426
1587058103515 1 2427
1587058114955 1 2428
1587058136372 1 2429
1587058144392 1 2430
1587058151931 1 2431
1587058159347 1 2432
1587058167541 1 2433
1587058176098 1 2434
1587058184751 1 2435
1587058192250 1 2436
1587058200272 1 2437
1587058211201 1 2438
1587058226479 1 2439
1587058240457 1 2440
1587058251984 1 2441
1587058262789 1 2442
1587058272690 1 2443
1587058282928 1 2444
1587058292400 1 2445
1587058301875 1 2446
1587058311379 1 2447
1587058320815 1 2448
1587058330531 1 2449
1587058340072 1 2450
1587058349570 1 2451
1587058360573 1 2452
1587058369845 1 2453
1587058379584 1 2454
1587058388822 1 2455
1587058398539 1 2456
1587058407855 1 2457
1587058417101 1 2458
1587058431384 1 2459
1587058440406 1 2460
1587058453727 1 2461
1587058463332 1 2462
1587058473435 1 2463
1587058482922 1 2464
1587058492688 1 2465
1587058502067 1 2466
1587058511554 1 2467
1587058521674 1 2468
1587058530944 1 2469
1587058540318 1 2470
1587058549809 1 2471
1587058559300 1 2472
1587058569036 1 2473
1587058578785 1 2474
1587058588213 1 2475
1587058598041 1 2476
1587058607616 1 2477
1587058616941 1 2478
1587058626740 1 2479
1587058636018 1 2480
1587058645523 1 2481
1587058655205 1 2482
1587058665046 1 2483
1587058674563 1 2484
1587058684236 1 2485
1587058693855 1 2486
1587058703292 1 2487
1587058712716 1 2488
1587058722248 1 2489
1587058732229 1 2490
1587058742033 1 2491
1587058751685 1 2492
1587058761036 1 2493
1587058770449 1 2494
1587058780089 1 2495
1587058789459 1 2496
1587058798900 1 2497
1587058808111 1 2498
1587058817943 1 2499
1587058827323 1 2500
