1587035916471 1 1
1587035923518 0.995 2
1587035929706 0.990025 3
1587035935835 0.985074875 4
1587035941889 0.9801495006250001 5
1587035948027 0.9752487531218751 6
1587035955895 0.9703725093562657 7
1587035966664 0.9655206468094844 8
1587035973241 0.960693043575437 9
1587035979583 0.9558895783575597 10
1587035985855 0.9511101304657719 11
1587035991885 0.946354579813443 12
1587036001471 0.9416228069143757 13
1587036011704 0.9369146928798039 14
1587036018399 0.9322301194154049 15
1587036025488 0.9275689688183278 16
1587036032074 0.9229311239742362 17
1587036039962 0.918316468354365 18
1587036048298 0.9137248860125932 19
1587036057270 0.9091562615825302 20
1587036065161 0.9046104802746175 21
1587036073549 0.9000874278732445 22
1587036080534 0.8955869907338783 23
1587036087901 0.8911090557802088 24
1587036095357 0.8866535105013078 25
1587036101753 0.8822202429488013 26
1587036107910 0.8778091417340573 27
1587036114123 0.8734200960253871 28
1587036121927 0.8690529955452602 29
1587036129843 0.8647077305675338 30
1587036136962 0.8603841919146962 31
1587036143230 0.8560822709551227 32
1587036149534 0.851801859600347 33
1587036155861 0.8475428503023453 34
1587036165031 0.8433051360508336 35
1587036175266 0.8390886103705794 36
1587036189238 0.8348931673187264 37
1587036217853 0.8307187014821328 38
1587036226200 0.8265651079747222 39
1587036245736 0.8224322824348486 40
1587036263731 0.8183201210226743 41
1587036271139 0.8142285204175609 42
1587036278598 0.810157377815473 43
1587036285162 0.8061065909263957 44
1587036292677 0.8020760579717637 45
1587036299222 0.798065677681905 46
1587036305672 0.7940753492934954 47
1587036315070 0.7901049725470279 48
1587036326949 0.7861544476842928 49
1587036336974 0.7822236754458713 50
1587036347700 0.778312557068642 51
1587036356634 0.7744209942832988 52
1587036363886 0.7705488893118823 53
1587036370997 0.7666961448653229 54
1587036380557 0.7628626641409962 55
1587036387375 0.7590483508202912 56
1587036394050 0.7552531090661897 57
1587036404387 0.7514768435208588 58
1587036412052 0.7477194593032545 59
1587036419993 0.7439808620067382 60
1587036427276 0.7402609576967045 61
1587036434110 0.736559652908221 62
1587036441407 0.7328768546436799 63
1587036451016 0.7292124703704616 64
1587036459653 0.7255664080186093 65
1587036468902 0.7219385759785162 66
1587036478142 0.7183288830986236 67
1587036486100 0.7147372386831305 68
1587036495154 0.7111635524897149 69
1587036504020 0.7076077347272662 70
1587036512744 0.7040696960536299 71
1587036521259 0.7005493475733617 72
1587036529380 0.697046600835495 73
1587036535696 0.6935613678313175 74
1587036543018 0.6900935609921609 75
1587036551450 0.6866430931872001 76
1587036559599 0.6832098777212641 77
1587036567512 0.6797938283326578 78
1587036578530 0.6763948591909945 79
1587036590014 0.6730128848950395 80
1587036600152 0.6696478204705644 81
1587036610494 0.6662995813682115 82
1587036619904 0.6629680834613705 83
1587036629573 0.6596532430440636 84
1587036639098 0.6563549768288433 85
1587036648623 0.653073201944699 86
1587036657549 0.6498078359349755 87
1587036667053 0.6465587967553006 88
1587036677040 0.6433260027715241 89
1587036686387 0.6401093727576664 90
1587036695942 0.6369088258938781 91
1587036704929 0.6337242817644086 92
1587036714424 0.6305556603555866 93
1587036724739 0.6274028820538087 94
1587036734787 0.6242658676435396 95
1587036745027 0.6211445383053219 96
1587036754086 0.6180388156137953 97
1587036763776 0.6149486215357263 98
1587036772456 0.6118738784280476 99
1587036781102 0.6088145090359074 100
1587036790847 0.6057704364907278 101
1587036798935 0.6027415843082742 102
1587036807168 0.5997278763867329 103
1587036815033 0.5967292370047992 104
1587036823237 0.5937455908197752 105
1587036832880 0.5907768628656763 106
1587036844466 0.5878229785513479 107
1587036855292 0.5848838636585911 108
1587036864305 0.5819594443402982 109
1587036872690 0.5790496471185967 110
1587036881042 0.5761543988830038 111
1587036889738 0.5732736268885887 112
1587036897566 0.5704072587541458 113
1587036906015 0.567555222460375 114
1587036914513 0.5647174463480732 115
1587036922629 0.5618938591163328 116
1587036931285 0.5590843898207511 117
1587036940204 0.5562889678716474 118
1587036948076 0.5535075230322891 119
1587036956395 0.5507399854171277 120
1587036965022 0.547986285490042 121
1587036972784 0.5452463540625918 122
1587036981364 0.5425201222922789 123
1587036989652 0.5398075216808175 124
1587036997500 0.5371084840724134 125
1587037006007 0.5344229416520513 126
1587037013466 0.531750826943791 127
1587037021754 0.5290920728090721 128
1587037029381 0.5264466124450268 129
1587037037234 0.5238143793828016 130
1587037044705 0.5211953074858876 131
1587037053063 0.5185893309484582 132
1587037061063 0.5159963842937159 133
1587037069721 0.5134164023722473 134
1587037077225 0.510849320360386 135
1587037085062 0.5082950737585841 136
1587037092765 0.5057535983897912 137
1587037101723 0.5032248303978422 138
1587037110256 0.500708706245853 139
1587037122210 0.4982051627146237 140
1587037131696 0.49571413690105054 141
1587037140583 0.4932355662165453 142
1587037148748 0.4907693883854626 143
1587037157959 0.4883155414435353 144
1587037166675 0.4858739637363176 145
1587037175670 0.483444593917636 146
1587037184213 0.4810273709480478 147
1587037193235 0.47862223409330756 148
1587037201843 0.47622912292284103 149
1587037210720 0.4738479773082268 150
1587037219660 0.47147873742168567 151
1587037229299 0.46912134373457726 152
1587037237942 0.46677573701590436 153
1587037246221 0.46444185833082485 154
1587037254552 0.46211964903917074 155
1587037263790 0.4598090507939749 156
1587037271242 0.457510005540005 157
1587037279855 0.45522245551230495 158
1587037288637 0.4529463432347434 159
1587037297314 0.4506816115185697 160
1587037305273 0.4484282034609769 161
1587037313340 0.446186062443672 162
1587037322325 0.4439551321314536 163
1587037330510 0.4417353564707963 164
1587037339393 0.43952667968844233 165
1587037347939 0.43732904629000013 166
1587037356581 0.4351424010585501 167
1587037365948 0.43296668905325736 168
1587037374852 0.43080185560799106 169
1587037383720 0.4286478463299511 170
1587037392324 0.42650460709830135 171
1587037404366 0.42437208406280985 172
1587037413855 0.4222502236424958 173
1587037423294 0.42013897252428334 174
1587037432567 0.4180382776616619 175
1587037441326 0.4159480862733536 176
1587037449135 0.41386834584198684 177
1587037458272 0.4117990041127769 178
1587037466165 0.40974000909221303 179
1587037475231 0.40769130904675194 180
1587037483592 0.40565285250151817 181
1587037492408 0.4036245882390106 182
1587037501428 0.4016064652978155 183
1587037509814 0.3995984329713264 184
1587037519773 0.3976004408064698 185
1587037527509 0.39561243860243744 186
1587037536175 0.3936343764094253 187
1587037545322 0.39166620452737816 188
1587037553363 0.3897078735047413 189
1587037562696 0.3877593341372176 190
1587037570928 0.3858205374665315 191
1587037579322 0.38389143477919885 192
1587037586616 0.3819719776053028 193
1587037595211 0.3800621177172763 194
1587037603999 0.37816180712868996 195
1587037612648 0.37627099809304654 196
1587037621495 0.3743896431025813 197
1587037631434 0.37251769488706843 198
1587037639982 0.3706551064126331 199
1587037648694 0.36880183088056995 200
1587037656773 0.3669578217261671 201
1587037667258 0.36512303261753626 202
1587037676265 0.3632974174544486 203
1587037685959 0.3614809303671764 204
1587037695403 0.3596735257153405 205
1587037704213 0.3578751580867638 206
1587037712540 0.35608578229633 207
1587037721970 0.3543053533848483 208
1587037730928 0.35253382661792404 209
1587037739885 0.3507711574848344 210
1587037748114 0.34901730169741024 211
1587037755717 0.3472722151889232 212
1587037764025 0.3455358541129786 213
1587037773032 0.3438081748424137 214
1587037781147 0.3420891339682016 215
1587037788887 0.3403786882983606 216
1587037796543 0.3386767948568688 217
1587037805081 0.33698341088258443 218
1587037813400 0.3352984938281715 219
1587037822017 0.33362200135903064 220
1587037830669 0.33195389135223546 221
1587037839491 0.3302941218954743 222
1587037849324 0.32864265128599696 223
1587037860096 0.326999438029567 224
1587037869238 0.3253644408394192 225
1587037878294 0.3237376186352221 226
1587037887296 0.322118930542046 227
1587037896287 0.32050833588933575 228
1587037904390 0.31890579420988907 229
1587037912744 0.3173112652388396 230
1587037920661 0.3157247089126454 231
1587037929143 0.3141460853680822 232
1587037936702 0.3125753549412418 233
1587037944499 0.31101247816653554 234
1587037952752 0.30945741577570285 235
1587037961104 0.3079101286968243 236
1587037969255 0.3063705780533402 237
1587037976723 0.30483872516307353 238
1587037987784 0.3033145315372582 239
1587037998063 0.3017979588795719 240
1587038006532 0.30028896908517405 241
1587038014907 0.2987875242397482 242
1587038023175 0.29729358661854943 243
1587038031069 0.29580711868545667 244
1587038040082 0.2943280830920294 245
1587038048654 0.29285644267656924 246
1587038057287 0.2913921604631864 247
1587038066335 0.28993519966087045 248
1587038073571 0.2884855236625661 249
1587038081671 0.28704309604425327 250
1587038089486 0.285607880564032 251
1587038097390 0.28417984116121187 252
1587038105746 0.2827589419554058 253
1587038113461 0.28134514724562876 254
1587038122256 0.2799384215094006 255
1587038131483 0.27853872940185365 256
1587038139873 0.27714603575484437 257
1587038148590 0.2757603055760701 258
1587038156563 0.2743815040481898 259
1587038165188 0.2730095965279488 260
1587038174434 0.27164454854530906 261
1587038183333 0.2702863258025825 262
1587038191769 0.2689348941735696 263
1587038200330 0.26759021970270175 264
1587038208793 0.2662522686041882 265
1587038217592 0.2649210072611673 266
1587038229008 0.26359640222486147 267
1587038238110 0.26227842021373715 268
1587038246995 0.2609670281126685 269
1587038255852 0.25966219297210513 270
1587038264940 0.2583638820072446 271
1587038273441 0.2570720625972084 272
1587038282891 0.25578670228422234 273
1587038290440 0.25450776877280124 274
1587038297964 0.2532352299289372 275
1587038306344 0.2519690537792925 276
1587038315455 0.2507092085103961 277
1587038323680 0.2494556624678441 278
1587038331773 0.24820838415550486 279
1587038340322 0.24696734223472733 280
1587038350133 0.2457325055235537 281
1587038358760 0.24450384299593592 282
1587038366463 0.24328132378095624 283
1587038374749 0.24206491716205145 284
1587038382079 0.2408545925762412 285
1587038390266 0.23965031961336 286
1587038397855 0.2384520680152932 287
1587038406222 0.23725980767521673 288
1587038415375 0.23607350863684065 289
1587038423418 0.23489314109365644 290
1587038431396 0.23371867538818816 291
1587038439052 0.23255008201124722 292
1587038447387 0.231387331601191 293
1587038455978 0.23023039494318503 294
1587038464124 0.2290792429684691 295
1587038475853 0.22793384675362674 296
1587038485635 0.22679417751985861 297
1587038494610 0.22566020663225933 298
1587038502403 0.22453190559909803 299
1587038511185 0.22340924607110255 300
1587038520716 0.22229219984074702 301
1587038529087 0.2211807388415433 302
1587038537888 0.22007483514733558 303
1587038546265 0.2189744609715989 304
1587038554700 0.2178795886667409 305
1587038562203 0.2167901907234072 306
1587038570687 0.21570623976979014 307
1587038578329 0.21462770857094118 308
1587038586201 0.21355457002808648 309
1587038593339 0.21248679717794605 310
1587038601855 0.21142436319205632 311
1587038610689 0.21036724137609603 312
1587038619912 0.20931540516921554 313
1587038628645 0.20826882814336947 314
1587038637155 0.20722748400265262 315
1587038645866 0.20619134658263935 316
1587038654052 0.20516038984972615 317
1587038662438 0.2041345879004775 318
1587038669725 0.2031139149609751 319
1587038678639 0.20209834538617025 320
1587038687250 0.2010878536592394 321
1587038695385 0.2000824143909432 322
1587038703532 0.19908200231898848 323
1587038712175 0.19808659230739353 324
1587038720475 0.19709615934585656 325
1587038729522 0.19611067854912728 326
1587038737856 0.19513012515638165 327
1587038746261 0.19415447453059972 328
1587038754706 0.19318370215794672 329
1587038762926 0.192217783647157 330
1587038770956 0.1912566947289212 331
1587038778428 0.1903004112552766 332
1587038787323 0.18934890919900021 333
1587038795956 0.18840216465300522 334
1587038804826 0.18746015382974018 335
1587038813679 0.1865228530605915 336
1587038822626 0.18559023879528855 337
1587038831621 0.1846622876013121 338
1587038842050 0.18373897616330553 339
1587038851598 0.182820281282489 340
1587038859830 0.18190617987607657 341
1587038869162 0.18099664897669618 342
1587038877796 0.1800916657318127 343
1587038884374 0.17919120740315364 344
1587038890830 0.17829525136613786 345
1587038897241 0.17740377510930716 346
1587038903768 0.17651675623376062 347
1587038912135 0.1756341724525918 348
1587038921333 0.17475600159032884 349
1587038928608 0.17388222158237718 350
1587038943847 0.1730128104744653 351
1587038961650 0.17214774642209296 352
1587038969567 0.1712870076899825 353
1587038977579 0.17043057265153258 354
1587038985857 0.16957841978827493 355
1587038994084 0.16873052768933355 356
1587039001966 0.1678868750508869 357
1587039011383 0.16704744067563246 358
1587039021130 0.1662122034722543 359
1587039031160 0.16538114245489302 360
1587039039064 0.16455423674261854 361
1587039046932 0.16373146555890544 362
1587039054607 0.16291280823111093 363
1587039062314 0.16209824418995536 364
1587039069954 0.16128775296900558 365
1587039077607 0.16048131420416054 366
1587039085348 0.15967890763313974 367
1587039093216 0.15888051309497406 368
1587039101101 0.1580861105294992 369
1587039108956 0.1572956799768517 370
1587039116622 0.15650920157696743 371
1587039124495 0.1557266555690826 372
1587039132100 0.1549480222912372 373
1587039139886 0.15417328217978102 374
1587039147596 0.1534024157688821 375
1587039155227 0.1526354036900377 376
1587039162959 0.1518722266715875 377
1587039170913 0.15111286553822956 378
1587039182499 0.15035730121053842 379
1587039193619 0.14960551470448571 380
1587039204515 0.14885748713096328 381
1587039212407 0.14811319969530845 382
1587039220085 0.1473726336968319 383
1587039227714 0.14663577052834775 384
1587039237273 0.14590259167570602 385
1587039245194 0.1451730787173275 386
1587039253117 0.14444721332374086 387
1587039260912 0.14372497725712216 388
1587039271594 0.14300635237083656 389
1587039282853 0.14229132060898236 390
1587039290943 0.14157986400593744 391
1587039298630 0.14087196468590776 392
1587039306297 0.14016760486247823 393
1587039314133 0.13946676683816583 394
1587039322378 0.138769433003975 395
1587039330188 0.13807558583895513 396
1587039337857 0.13738520790976036 397
1587039345494 0.13669828187021155 398
1587039353117 0.13601479046086049 399
1587039360821 0.1353347165085562 400
1587039369325 0.1346580429260134 401
1587039377442 0.13398475271138335 402
1587039385152 0.13331482894782642 403
1587039393116 0.13264825480308728 404
1587039400717 0.13198501352907185 405
1587039408436 0.1313250884614265 406
1587039416277 0.13066846301911936 407
1587039424085 0.13001512070402377 408
1587039432051 0.12936504510050365 409
1587039439817 0.12871821987500112 410
1587039447539 0.12807462877562611 411
1587039455372 0.12743425563174798 412
1587039462996 0.12679708435358925 413
1587039471572 0.1261630989318213 414
1587039482176 0.1255322834371622 415
1587039492725 0.12490462201997637 416
1587039501278 0.1242800989098765 417
1587039509081 0.12365869841532712 418
1587039516884 0.12304040492325048 419
1587039524987 0.12242520289863423 420
1587039532688 0.12181307688414106 421
1587039540589 0.12120401149972035 422
1587039548707 0.12059799144222175 423
1587039556526 0.11999500148501063 424
1587039564275 0.11939502647758558 425
1587039572112 0.11879805134519765 426
1587039579844 0.11820406108847166 427
1587039587742 0.1176130407830293 428
1587039595411 0.11702497557911415 429
1587039603214 0.11643985070121858 430
1587039611230 0.11585765144771248 431
1587039619306 0.11527836319047392 432
1587039626916 0.11470197137452155 433
1587039634714 0.11412846151764894 434
1587039642352 0.1135578192100607 435
1587039650357 0.11299003011401039 436
1587039658058 0.11242507996344034 437
1587039665962 0.11186295456362313 438
1587039673982 0.11130363979080501 439
1587039681817 0.11074712159185099 440
1587039690128 0.11019338598389174 441
1587039696900 0.10964241905397228 442
1587039703467 0.10909420695870241 443
1587039710183 0.1085487359239089 444
1587039716703 0.10800599224428936 445
1587039723540 0.10746596228306791 446
1587039730293 0.10692863247165257 447
1587039736941 0.1063939893092943 448
1587039743611 0.10586201936274783 449
1587039750262 0.10533270926593409 450
1587039756903 0.10480604571960442 451
1587039763587 0.1042820154910064 452
1587039770356 0.10376060541355137 453
1587039776943 0.1032418023864836 454
1587039783528 0.10272559337455119 455
1587039790295 0.10221196540767843 456
1587039797090 0.10170090558064004 457
1587039804762 0.10119240105273684 458
1587039812186 0.10068643904747315 459
1587039818986 0.10018300685223579 460
1587039825884 0.0996820918179746 461
1587039832608 0.09918368135888474 462
1587039839230 0.09868776295209031 463
1587039845993 0.09819432413732986 464
1587039852993 0.09770335251664321 465
1587039859621 0.09721483575406 466
1587039866055 0.09672876157528969 467
1587039872740 0.09624511776741324 468
1587039879172 0.09576389217857617 469
1587039885610 0.09528507271768329 470
1587039891948 0.09480864735409487 471
1587039898441 0.0943346041173244 472
1587039904999 0.09386293109673778 473
1587039911631 0.09339361644125409 474
1587039918310 0.09292664835904782 475
1587039924936 0.09246201511725258 476
1587039931456 0.09199970504166631 477
1587039937665 0.09153970651645797 478
1587039944367 0.09108200798387568 479
1587039951178 0.0906265979439563 480
1587039957570 0.09017346495423652 481
1587039964085 0.08972259762946533 482
1587039970808 0.089273984641318 483
1587039977505 0.0888276147181114 484
1587039984110 0.08838347664452084 485
1587039990617 0.08794155926129824 486
1587039997047 0.08750185146499175 487
1587040003476 0.08706434220766679 488
1587040009874 0.08662902049662846 489
1587040016372 0.08619587539414532 490
1587040022839 0.08576489601717459 491
1587040029380 0.08533607153708872 492
1587040035979 0.08490939117940327 493
1587040042534 0.08448484422350626 494
1587040049103 0.08406242000238873 495
1587040055502 0.08364210790237678 496
1587040061960 0.0832238973628649 497
1587040068316 0.08280777787605056 498
1587040074940 0.08239373898667031 499
1587040081418 0.08198177029173696 500
1587040088280 0.08157186144027828 501
1587040095229 0.0811640021330769 502
1587040101916 0.08075818212241151 503
1587040108415 0.08035439121179945 504
1587040115018 0.07995261925574046 505
1587040121506 0.07955285615946175 506
1587040127906 0.07915509187866444 507
1587040134290 0.07875931641927113 508
1587040140841 0.07836551983717477 509
1587040147355 0.07797369223798889 510
1587040154008 0.07758382377679894 511
1587040160567 0.07719590465791494 512
1587040167104 0.07680992513462537 513
1587040173547 0.07642587550895225 514
1587040180004 0.07604374613140748 515
1587040186523 0.07566352740075044 516
1587040192932 0.07528520976374668 517
1587040199369 0.07490878371492794 518
1587040206088 0.0745342397963533 519
1587040213752 0.07416156859737154 520
1587040220332 0.07379076075438468 521
1587040227233 0.07342180695061275 522
1587040234024 0.07305469791585968 523
1587040241071 0.07268942442628039 524
1587040247632 0.07232597730414898 525
1587040254042 0.07196434741762824 526
1587040260520 0.0716045256805401 527
1587040267158 0.0712465030521374 528
1587040273903 0.0708902705368767 529
1587040280495 0.07053581918419231 530
1587040287133 0.07018314008827135 531
1587040293733 0.06983222438783 532
1587040300370 0.06948306326589085 533
1587040306908 0.0691356479495614 534
1587040313310 0.06878996970981359 535
1587040319810 0.06844601986126451 536
1587040326399 0.06810378976195819 537
1587040332885 0.0677632708131484 538
1587040339457 0.06742445445908266 539
1587040345981 0.06708733218678724 540
1587040352385 0.0667518955258533 541
1587040358794 0.06641813604822402 542
1587040365255 0.0660860453679829 543
1587040371826 0.06575561514114299 544
1587040378146 0.06542683706543727 545
1587040384755 0.06509970288011008 546
1587040391173 0.06477420436570952 547
1587040397883 0.06445033334388098 548
1587040404483 0.06412808167716157 549
1587040411484 0.06380744126877576 550
1587040417961 0.06348840406243188 551
1587040424559 0.06317096204211972 552
1587040431064 0.06285510723190912 553
1587040437521 0.06254083169574957 554
1587040444036 0.062228127537270826 555
1587040450585 0.06191698689958447 556
1587040457288 0.061607401965086545 557
1587040463891 0.06129936495526111 558
1587040470278 0.0609928681304848 559
1587040476591 0.060687903789832374 560
1587040483099 0.06038446427088321 561
1587040489508 0.06008254194952879 562
1587040496004 0.05978212923978115 563
1587040502469 0.05948321859358224 564
1587040508869 0.05918580250061433 565
1587040515454 0.058889873488111255 566
1587040521848 0.058595424120670696 567
1587040528294 0.05830244700006734 568
1587040534766 0.058010934765067 569
1587040541336 0.05772088009124167 570
1587040547805 0.05743227569078546 571
1587040554251 0.05714511431233153 572
1587040560758 0.05685938874076987 573
1587040567257 0.056575091797066025 574
1587040574007 0.056292216338080694 575
1587040580613 0.05601075525639029 576
1587040587802 0.05573070148010834 577
1587040594288 0.0554520479727078 578
1587040600851 0.05517478773284426 579
1587040607339 0.05489891379418004 580
1587040613717 0.05462441922520914 581
1587040620236 0.0543512971290831 582
1587040626681 0.05407954064343768 583
1587040633180 0.05380914294022049 584
1587040639647 0.05354009722551939 585
1587040646204 0.05327239673939179 586
1587040652710 0.053006034755694834 587
1587040659239 0.052741004581916356 588
1587040665694 0.052477299559006776 589
1587040672178 0.052214913061211746 590
1587040678592 0.05195383849590569 591
1587040685181 0.05169406930342616 592
1587040691650 0.05143559895690903 593
1587040698126 0.051178420962124486 594
1587040704715 0.05092252885731386 595
1587040711158 0.05066791621302729 596
1587040717574 0.05041457663196215 597
1587040724130 0.050162503748802344 598
1587040730584 0.049911691230058335 599
1587040737093 0.04966213277390804 600
1587040743986 0.0494138221100385 601
1587040750423 0.04916675299948831 602
1587040756891 0.04892091923449087 603
1587040763453 0.04867631463831842 604
1587040769892 0.048432933065126825 605
1587040776462 0.048190768399801194 606
1587040783001 0.04794981455780219 607
1587040789450 0.04771006548501318 608
1587040795849 0.047471515157588115 609
1587040802206 0.047234157581800176 610
1587040808633 0.046997986793891174 611
1587040815219 0.04676299685992172 612
1587040821764 0.04652918187562211 613
1587040828199 0.046296535966244 614
1587040834758 0.046065053286412784 615
1587040841169 0.04583472801998072 616
1587040847472 0.045605554379880814 617
1587040853959 0.04537752660798141 618
1587040860530 0.0451506389749415 619
1587040866993 0.044924885780066794 620
1587040873360 0.04470026135116646 621
1587040879914 0.04447676004441063 622
1587040886486 0.04425437624418858 623
1587040892813 0.04403310436296763 624
1587040899168 0.043812938841152796 625
1587040905742 0.04359387414694703 626
1587040912101 0.043375904776212296 627
1587040918497 0.043159025252331236 628
1587040924885 0.04294323012606958 629
1587040931279 0.04272851397543923 630
1587040937651 0.04251487140556204 631
1587040944044 0.04230229704853423 632
1587040950745 0.04209078556329156 633
1587040956993 0.0418803316354751 634
1587040963414 0.041670929977297724 635
1587040969895 0.04146257532741124 636
1587040976238 0.04125526245077418 637
1587040982718 0.04104898613852031 638
1587040988963 0.04084374120782771 639
1587040995366 0.04063952250178857 640
1587041001831 0.04043632488927963 641
1587041008139 0.04023414326483323 642
1587041015142 0.040032972548509065 643
1587041021547 0.03983280768576652 644
1587041028048 0.03963364364733769 645
1587041034568 0.039435475429100995 646
1587041041070 0.03923829805195549 647
1587041047500 0.03904210656169572 648
1587041054106 0.03884689602888724 649
1587041060624 0.0386526615487428 650
1587041067163 0.03845939824099909 651
1587041073649 0.03826710124979409 652
1587041080217 0.038075765743545126 653
1587041086694 0.0378853869148274 654
1587041093161 0.03769595998025326 655
1587041099487 0.03750748018035199 656
1587041106034 0.037319942779450235 657
1587041112465 0.037133343065552986 658
1587041118864 0.03694767635022522 659
1587041125409 0.036762937968474095 660
1587041131895 0.03657912327863173 661
1587041138364 0.036396227662238566 662
1587041144892 0.03621424652392737 663
1587041151471 0.036033175291307735 664
1587041157919 0.03585300941485119 665
1587041164596 0.035673744367776934 666
1587041170916 0.03549537564593805 667
1587041177397 0.035317898767708356 668
1587041183900 0.03514130927386981 669
1587041190372 0.03496560272750046 670
1587041196676 0.03479077471386296 671
1587041203139 0.03461682084029365 672
1587041209653 0.034443736736092176 673
1587041216028 0.034271518052411715 674
1587041222415 0.034100160462149656 675
1587041228915 0.03392965965983891 676
1587041235568 0.033760011361539714 677
1587041241957 0.03359121130473201 678
1587041248609 0.033423255248208356 679
1587041255208 0.03325613897196732 680
1587041261733 0.03308985827710748 681
1587041268157 0.032924408985721944 682
1587041274619 0.03275978694079333 683
1587041281148 0.032595988006089364 684
1587041287753 0.032433008066058915 685
1587041294271 0.03227084302572862 686
1587041300810 0.032109488810599975 687
1587041307309 0.031948941366546975 688
1587041313742 0.03178919665971424 689
1587041320180 0.03163025067641567 690
1587041326613 0.03147209942303359 691
1587041333054 0.03131473892591842 692
1587041339439 0.031158165231288826 693
1587041345862 0.03100237440513238 694
1587041352154 0.030847362533106718 695
1587041358670 0.030693125720441184 696
1587041365230 0.030539660091838977 697
1587041371743 0.03038696179137978 698
1587041378229 0.030235026982422884 699
1587041384558 0.030083851847510768 700
1587041391251 0.029933432588273214 701
1587041397566 0.029783765425331846 702
1587041403986 0.029634846598205186 703
1587041410522 0.02948667236521416 704
1587041417127 0.029339239003388088 705
1587041423760 0.029192542808371146 706
1587041430284 0.02904658009432929 707
1587041436710 0.028901347193857643 708
1587041443080 0.028756840457888354 709
1587041449549 0.02861305625559891 710
1587041456074 0.028469990974320916 711
1587041462548 0.02832764101944931 712
1587041468992 0.028186002814352063 713
1587041475463 0.0280450728002803 714
1587041481953 0.0279048474362789 715
1587041488294 0.027765323199097504 716
1587041494652 0.027626496583102015 717
1587041501073 0.027488364100186506 718
1587041507461 0.027350922279685573 719
1587041513858 0.027214167668287145 720
1587041520235 0.02707809682994571 721
1587041526746 0.02694270634579598 722
1587041533230 0.026807992814067 723
1587041539830 0.026673952849996664 724
1587041546402 0.02654058308574668 725
1587041552968 0.026407880170317945 726
1587041559577 0.026275840769466357 727
1587041566041 0.026144461565619025 728
1587041572407 0.02601373925779093 729
1587041579149 0.025883670561501974 730
1587041585642 0.025754252208694463 731
1587041592046 0.02562548094765099 732
1587041598521 0.025497353542912736 733
1587041605040 0.02536986677519817 734
1587041611716 0.02524301744132218 735
1587041619718 0.025116802354115567 736
1587041626463 0.024991218342344988 737
1587041632832 0.024866262250633264 738
1587041639236 0.024741930939380097 739
1587041645762 0.024618221284683196 740
1587041652100 0.02449513017825978 741
1587041658622 0.02437265452736848 742
1587041665022 0.024250791254731636 743
1587041671407 0.024129537298457977 744
1587041677796 0.024008889611965685 745
1587041684268 0.023888845163905856 746
1587041690789 0.023769400938086327 747
1587041697132 0.023650553933395897 748
1587041703519 0.023532301163728918 749
1587041709992 0.023414639657910272 750
1587041716576 0.023297566459620722 751
1587041723060 0.023181078627322618 752
1587041729479 0.023065173234186005 753
1587041735864 0.022949847368015076 754
1587041742237 0.022835098131175 755
1587041748653 0.022720922640519125 756
1587041755071 0.02260731802731653 757
1587041761557 0.022494281437179946 758
1587041768047 0.022381810029994047 759
1587041774745 0.022269900979844076 760
1587041781159 0.022158551474944856 761
1587041787545 0.022047758717570132 762
1587041793990 0.021937519923982282 763
1587041800398 0.021827832324362372 764
1587041806729 0.02171869316274056 765
1587041813070 0.021610099696926857 766
1587041819513 0.021502049198442223 767
1587041826013 0.021394538952450012 768
1587041832400 0.02128756625768776 769
1587041838900 0.021181128426399323 770
1587041845627 0.021075222784267326 771
1587041852976 0.020969846670345987 772
1587041859729 0.020864997436994256 773
1587041866057 0.020760672449809284 774
1587041872485 0.020656869087560238 775
1587041878880 0.020553584742122436 776
1587041885350 0.020450816818411825 777
1587041891964 0.020348562734319765 778
1587041898472 0.020246819920648168 779
1587041905051 0.020145585821044927 780
1587041911481 0.020044857891939702 781
1587041917941 0.019944633602480003 782
1587041924350 0.019844910434467605 783
1587041930861 0.019745685882295267 784
1587041937365 0.01964695745288379 785
1587041943837 0.01954872266561937 786
1587041950256 0.019450979052291272 787
1587041956821 0.019353724157029815 788
1587041963429 0.019256955536244666 789
1587041970012 0.019160670758563442 790
1587041976465 0.019064867404770626 791
1587041982980 0.018969543067746772 792
1587041989401 0.018874695352408037 793
1587041995919 0.018780321875645996 794
1587042002409 0.018686420266267767 795
1587042009044 0.018592988164936427 796
1587042015620 0.018500023224111744 797
1587042022478 0.018407523107991184 798
1587042029095 0.01831548549245123 799
1587042035663 0.018223908064988973 800
1587042042537 0.018132788524664028 801
1587042048954 0.018042124582040707 802
1587042055277 0.017951913959130504 803
1587042061771 0.01786215438933485 804
1587042068109 0.017772843617388175 805
1587042074623 0.017683979399301233 806
1587042081102 0.017595559502304726 807
1587042087665 0.0175075817047932 808
1587042094067 0.017420043796269234 809
1587042100391 0.017332943577287888 810
1587042106808 0.01724627885940145 811
1587042113170 0.017160047465104442 812
1587042119505 0.01707424722777892 813
1587042126047 0.016988875991640028 814
1587042132581 0.016903931611681827 815
1587042139057 0.01681941195362342 816
1587042145540 0.016735314893855303 817
1587042151926 0.016651638319386028 818
1587042158363 0.0165683801277891 819
1587042164727 0.016485538227150154 820
1587042171193 0.0164031105360144 821
1587042177646 0.01632109498333433 822
1587042184026 0.016239489508417658 823
1587042190229 0.01615829206087557 824
1587042196616 0.01607750060057119 825
1587042202952 0.015997113097568336 826
1587042209406 0.015917127532080494 827
1587042216023 0.01583754189442009 828
1587042222816 0.01575835418494799 829
1587042229200 0.01567956241402325 830
1587042235603 0.015601164601953134 831
1587042242046 0.015523158778943369 832
1587042248569 0.015445542985048652 833
1587042255292 0.015368315270123408 834
1587042261629 0.01529147369377279 835
1587042268167 0.015215016325303928 836
1587042274529 0.015138941243677408 837
1587042280935 0.01506324653745902 838
1587042287438 0.014987930304771725 839
1587042293818 0.014912990653247866 840
1587042300276 0.014838425699981627 841
1587042306720 0.01476423357148172 842
1587042313125 0.014690412403624311 843
1587042319582 0.01461696034160619 844
1587042325977 0.014543875539898159 845
1587042332363 0.014471156162198668 846
1587042338850 0.014398800381387675 847
1587042345114 0.014326806379480736 848
1587042351587 0.014255172347583332 849
1587042357992 0.014183896485845416 850
1587042364496 0.014112977003416188 851
1587042370983 0.014042412118399107 852
1587042377433 0.013972200057807112 853
1587042383884 0.013902339057518077 854
1587042390370 0.013832827362230486 855
1587042396914 0.013763663225419333 856
1587042403361 0.013694844909292236 857
1587042409821 0.013626370684745774 858
1587042416147 0.013558238831322046 859
1587042422443 0.013490447637165436 860
1587042428815 0.013422995398979608 861
1587042435199 0.01335588042198471 862
1587042441706 0.013289101019874787 863
1587042448207 0.013222655514775413 864
1587042454684 0.013156542237201536 865
1587042461192 0.013090759526015528 866
1587042467588 0.01302530572838545 867
1587042474374 0.012960179199743523 868
1587042480763 0.012895378303744804 869
1587042487311 0.01283090141222608 870
1587042493850 0.012766746905164949 871
1587042500288 0.012702913170639124 872
1587042506631 0.012639398604785928 873
1587042513062 0.012576201611761997 874
1587042519560 0.012513320603703188 875
1587042526076 0.012450754000684672 876
1587042532508 0.012388500230681249 877
1587042538942 0.012326557729527843 878
1587042545392 0.012264924940880204 879
1587042551752 0.012203600316175803 880
1587042558093 0.012142582314594924 881
1587042564517 0.01208186940302195 882
1587042570966 0.01202146005600684 883
1587042577355 0.011961352755726806 884
1587042583842 0.01190154599194817 885
1587042590230 0.01184203826198843 886
1587042596716 0.011782828070678488 887
1587042603183 0.011723913930325095 888
1587042609701 0.01166529436067347 889
1587042616071 0.011606967888870102 890
1587042622658 0.01154893304942575 891
1587042629055 0.011491188384178622 892
1587042635439 0.011433732442257729 893
1587042641785 0.01137656378004644 894
1587042648169 0.011319680961146208 895
1587042654650 0.011263082556340478 896
1587042661015 0.011206767143558775 897
1587042667407 0.011150733307840981 898
1587042673791 0.011094979641301777 899
1587042680179 0.011039504743095268 900
1587042686863 0.01098430721937979 901
1587042693053 0.010929385683282892 902
1587042699450 0.010874738754866477 903
1587042705997 0.010820365061092144 904
1587042712467 0.010766263235786683 905
1587042718988 0.01071243191960775 906
1587042725480 0.010658869760009713 907
1587042732135 0.010605575411209664 908
1587042738596 0.010552547534153616 909
1587042745013 0.010499784796482848 910
1587042751614 0.010447285872500434 911
1587042758067 0.01039504944313793 912
1587042764569 0.010343074195922241 913
1587042770956 0.01029135882494263 914
1587042777407 0.010239902030817916 915
1587042783766 0.010188702520663827 916
1587042790233 0.010137759008060509 917
1587042797003 0.010087070213020206 918
1587042804273 0.010036634861955105 919
1587042810687 0.01 920
1587042817301 0.01 921
1587042824894 0.01 922
1587042831843 0.01 923
1587042838390 0.01 924
1587042844813 0.01 925
1587042851096 0.01 926
1587042857621 0.01 927
1587042864018 0.01 928
1587042870368 0.01 929
1587042876813 0.01 930
1587042883225 0.01 931
1587042889580 0.01 932
1587042896012 0.01 933
1587042902454 0.01 934
1587042908939 0.01 935
1587042915355 0.01 936
1587042921764 0.01 937
1587042928130 0.01 938
1587042934548 0.01 939
1587042940994 0.01 940
1587042947411 0.01 941
1587042953808 0.01 942
1587042960285 0.01 943
1587042966699 0.01 944
1587042973110 0.01 945
1587042979666 0.01 946
1587042986043 0.01 947
1587042992582 0.01 948
1587042998994 0.01 949
1587043005526 0.01 950
1587043011922 0.01 951
1587043018357 0.01 952
1587043024725 0.01 953
1587043031149 0.01 954
1587043037529 0.01 955
1587043043904 0.01 956
1587043050504 0.01 957
1587043056984 0.01 958
1587043063373 0.01 959
1587043069845 0.01 960
1587043076322 0.01 961
1587043082795 0.01 962
1587043095477 0.01 963
1587043103185 0.01 964
1587043111067 0.01 965
1587043119013 0.01 966
1587043126860 0.01 967
1587043134803 0.01 968
1587043142648 0.01 969
1587043152298 0.01 970
1587043160052 0.01 971
1587043167890 0.01 972
1587043175887 0.01 973
1587043183865 0.01 974
1587043191752 0.01 975
1587043199487 0.01 976
1587043207226 0.01 977
1587043215012 0.01 978
1587043222747 0.01 979
1587043230549 0.01 980
1587043238202 0.01 981
1587043245959 0.01 982
1587043253963 0.01 983
1587043269896 0.01 984
1587043281549 0.01 985
1587043291237 0.01 986
1587043303260 0.01 987
1587043317179 0.01 988
1587043326886 0.01 989
1587043337406 0.01 990
1587043350088 0.01 991
1587043361803 0.01 992
1587043372966 0.01 993
1587043383012 0.01 994
1587043393680 0.01 995
1587043404925 0.01 996
1587043414143 0.01 997
1587043435089 0.01 998
1587043448212 0.01 999
1587043469601 0.01 1000
1587043496088 0.01 1001
1587043506875 0.01 1002
1587043515998 0.01 1003
1587043524902 0.01 1004
1587043538225 0.01 1005
1587043554907 0.01 1006
1587043565164 0.01 1007
1587043574537 0.01 1008
1587043588844 0.01 1009
1587043603033 0.01 1010
1587043615304 0.01 1011
1587043627510 0.01 1012
1587043639651 0.01 1013
1587043649913 0.01 1014
1587043658738 0.01 1015
1587043667587 0.01 1016
1587043676376 0.01 1017
1587043685182 0.01 1018
1587043694185 0.01 1019
1587043702941 0.01 1020
1587043711530 0.01 1021
1587043726912 0.01 1022
1587043734705 0.01 1023
1587043742166 0.01 1024
1587043751515 0.01 1025
1587043764159 0.01 1026
1587043780125 0.01 1027
1587043795956 0.01 1028
1587043807572 0.01 1029
1587043818992 0.01 1030
1587043830711 0.01 1031
1587043841998 0.01 1032
1587043853571 0.01 1033
1587043864999 0.01 1034
1587043876253 0.01 1035
1587043887919 0.01 1036
1587043899719 0.01 1037
1587043911475 0.01 1038
1587043923278 0.01 1039
1587043934868 0.01 1040
1587043946581 0.01 1041
1587043957914 0.01 1042
1587043969414 0.01 1043
1587043980939 0.01 1044
1587043992680 0.01 1045
1587044004185 0.01 1046
1587044019111 0.01 1047
1587044033243 0.01 1048
1587044045973 0.01 1049
1587044057891 0.01 1050
1587044069254 0.01 1051
1587044080452 0.01 1052
1587044092105 0.01 1053
1587044104027 0.01 1054
1587044115494 0.01 1055
1587044126987 0.01 1056
1587044137999 0.01 1057
1587044150187 0.01 1058
1587044158159 0.01 1059
1587044165141 0.01 1060
1587044171976 0.01 1061
1587044178851 0.01 1062
1587044185810 0.01 1063
1587044192739 0.01 1064
1587044203187 0.01 1065
1587044213860 0.01 1066
1587044220925 0.01 1067
1587044229208 0.01 1068
1587044236394 0.01 1069
1587044243196 0.01 1070
1587044250070 0.01 1071
1587044256968 0.01 1072
1587044263771 0.01 1073
1587044270677 0.01 1074
1587044279799 0.01 1075
1587044287129 0.01 1076
1587044296013 0.01 1077
1587044302733 0.01 1078
1587044309437 0.01 1079
1587044316212 0.01 1080
1587044322976 0.01 1081
1587044329758 0.01 1082
1587044336586 0.01 1083
1587044343375 0.01 1084
1587044350078 0.01 1085
1587044356833 0.01 1086
1587044363620 0.01 1087
1587044370772 0.01 1088
1587044377352 0.01 1089
1587044384176 0.01 1090
1587044390915 0.01 1091
1587044397515 0.01 1092
1587044404281 0.01 1093
1587044413503 0.01 1094
1587044421675 0.01 1095
1587044428590 0.01 1096
1587044435206 0.01 1097
1587044441861 0.01 1098
1587044448693 0.01 1099
1587044459051 0.01 1100
1587044467819 0.01 1101
1587044475434 0.01 1102
1587044483104 0.01 1103
1587044491576 0.01 1104
1587044500272 0.01 1105
1587044507080 0.01 1106
1587044513779 0.01 1107
1587044520452 0.01 1108
1587044527168 0.01 1109
1587044534173 0.01 1110
1587044541009 0.01 1111
1587044547754 0.01 1112
1587044554577 0.01 1113
1587044561298 0.01 1114
1587044568077 0.01 1115
1587044576313 0.01 1116
1587044584685 0.01 1117
1587044594305 0.01 1118
1587044601393 0.01 1119
1587044609676 0.01 1120
1587044617058 0.01 1121
1587044624143 0.01 1122
1587044630897 0.01 1123
1587044638015 0.01 1124
1587044644852 0.01 1125
1587044651722 0.01 1126
1587044658494 0.01 1127
1587044665393 0.01 1128
1587044672125 0.01 1129
1587044678949 0.01 1130
1587044685826 0.01 1131
1587044692882 0.01 1132
1587044699727 0.01 1133
1587044706723 0.01 1134
1587044713609 0.01 1135
1587044720563 0.01 1136
1587044727414 0.01 1137
1587044734319 0.01 1138
1587044741121 0.01 1139
1587044748169 0.01 1140
1587044754894 0.01 1141
1587044761723 0.01 1142
1587044768509 0.01 1143
1587044775327 0.01 1144
1587044787759 0.01 1145
1587044803395 0.01 1146
1587044814707 0.01 1147
1587044826146 0.01 1148
1587044837796 0.01 1149
1587044850043 0.01 1150
1587044861312 0.01 1151
1587044872954 0.01 1152
1587044884681 0.01 1153
1587044896308 0.01 1154
1587044907755 0.01 1155
1587044919193 0.01 1156
1587044930434 0.01 1157
1587044941636 0.01 1158
1587044953141 0.01 1159
1587044964553 0.01 1160
1587044976066 0.01 1161
1587044987511 0.01 1162
1587044999203 0.01 1163
1587045010675 0.01 1164
1587045022582 0.01 1165
1587045033551 0.01 1166
1587045044351 0.01 1167
1587045056078 0.01 1168
1587045074105 0.01 1169
1587045086038 0.01 1170
1587045098572 0.01 1171
1587045110452 0.01 1172
1587045122434 0.01 1173
1587045134339 0.01 1174
1587045145738 0.01 1175
1587045156900 0.01 1176
1587045168598 0.01 1177
1587045180441 0.01 1178
1587045192274 0.01 1179
1587045207624 0.01 1180
1587045220488 0.01 1181
1587045234037 0.01 1182
1587045246120 0.01 1183
1587045257914 0.01 1184
1587045265213 0.01 1185
1587045271955 0.01 1186
1587045278707 0.01 1187
1587045285447 0.01 1188
1587045292492 0.01 1189
1587045299341 0.01 1190
1587045306132 0.01 1191
1587045312905 0.01 1192
1587045319608 0.01 1193
1587045326374 0.01 1194
1587045333042 0.01 1195
1587045339747 0.01 1196
1587045346395 0.01 1197
1587045353147 0.01 1198
1587045359768 0.01 1199
1587045366583 0.01 1200
1587045373670 0.01 1201
1587045380556 0.01 1202
1587045387442 0.01 1203
1587045394241 0.01 1204
1587045400840 0.01 1205
1587045407516 0.01 1206
1587045414151 0.01 1207
1587045420905 0.01 1208
1587045427532 0.01 1209
1587045434270 0.01 1210
1587045440976 0.01 1211
1587045447763 0.01 1212
1587045454429 0.01 1213
1587045461168 0.01 1214
1587045467966 0.01 1215
1587045474704 0.01 1216
1587045481474 0.01 1217
1587045488160 0.01 1218
1587045495012 0.01 1219
1587045501684 0.01 1220
1587045508475 0.01 1221
1587045515267 0.01 1222
1587045521920 0.01 1223
1587045528682 0.01 1224
1587045535423 0.01 1225
1587045542142 0.01 1226
1587045548886 0.01 1227
1587045555628 0.01 1228
1587045562402 0.01 1229
1587045569152 0.01 1230
1587045575834 0.01 1231
1587045582555 0.01 1232
1587045589191 0.01 1233
1587045596092 0.01 1234
1587045602862 0.01 1235
1587045609612 0.01 1236
1587045616268 0.01 1237
1587045623006 0.01 1238
1587045629706 0.01 1239
1587045636391 0.01 1240
1587045643136 0.01 1241
1587045649919 0.01 1242
1587045656668 0.01 1243
1587045663360 0.01 1244
1587045670079 0.01 1245
1587045676720 0.01 1246
1587045683489 0.01 1247
1587045690271 0.01 1248
1587045697010 0.01 1249
1587045703799 0.01 1250
1587045710479 0.01 1251
1587045717215 0.01 1252
1587045723985 0.01 1253
1587045730598 0.01 1254
1587045737357 0.01 1255
1587045744024 0.01 1256
1587045750679 0.01 1257
1587045757307 0.01 1258
1587045764076 0.01 1259
1587045770847 0.01 1260
1587045777514 0.01 1261
1587045784322 0.01 1262
1587045791091 0.01 1263
1587045797858 0.01 1264
1587045804562 0.01 1265
1587045811343 0.01 1266
1587045818049 0.01 1267
1587045824814 0.01 1268
1587045831652 0.01 1269
1587045838355 0.01 1270
1587045845045 0.01 1271
1587045852045 0.01 1272
1587045858778 0.01 1273
1587045865501 0.01 1274
1587045872036 0.01 1275
1587045878681 0.01 1276
1587045885504 0.01 1277
1587045892225 0.01 1278
1587045898864 0.01 1279
1587045905710 0.01 1280
1587045912323 0.01 1281
1587045919054 0.01 1282
1587045925739 0.01 1283
1587045932415 0.01 1284
1587045938970 0.01 1285
1587045945642 0.01 1286
1587045952228 0.01 1287
1587045958709 0.01 1288
1587045965308 0.01 1289
1587045971903 0.01 1290
1587045978584 0.01 1291
1587045985318 0.01 1292
1587045992025 0.01 1293
1587045998679 0.01 1294
1587046005332 0.01 1295
1587046011884 0.01 1296
1587046018449 0.01 1297
1587046025214 0.01 1298
1587046031817 0.01 1299
1587046038487 0.01 1300
1587046045306 0.01 1301
1587046052040 0.01 1302
1587046058659 0.01 1303
1587046065362 0.01 1304
1587046071964 0.01 1305
1587046078592 0.01 1306
1587046085304 0.01 1307
1587046091962 0.01 1308
1587046098605 0.01 1309
1587046105361 0.01 1310
1587046112067 0.01 1311
1587046118716 0.01 1312
1587046125432 0.01 1313
1587046132172 0.01 1314
1587046138823 0.01 1315
1587046145442 0.01 1316
1587046152044 0.01 1317
1587046158746 0.01 1318
1587046165347 0.01 1319
1587046172114 0.01 1320
1587046178716 0.01 1321
1587046185335 0.01 1322
1587046192118 0.01 1323
1587046198854 0.01 1324
1587046205690 0.01 1325
1587046212374 0.01 1326
1587046219127 0.01 1327
1587046225831 0.01 1328
1587046232466 0.01 1329
1587046239208 0.01 1330
1587046245795 0.01 1331
1587046252457 0.01 1332
1587046259060 0.01 1333
1587046265681 0.01 1334
1587046272165 0.01 1335
1587046278848 0.01 1336
1587046285488 0.01 1337
1587046292089 0.01 1338
1587046298745 0.01 1339
1587046305423 0.01 1340
1587046312082 0.01 1341
1587046318668 0.01 1342
1587046325432 0.01 1343
1587046332160 0.01 1344
1587046338619 0.01 1345
1587046345121 0.01 1346
1587046351622 0.01 1347
1587046358363 0.01 1348
1587046364983 0.01 1349
1587046371576 0.01 1350
1587046378372 0.01 1351
1587046385124 0.01 1352
1587046392029 0.01 1353
1587046398678 0.01 1354
1587046405316 0.01 1355
1587046411818 0.01 1356
1587046418454 0.01 1357
1587046425020 0.01 1358
1587046431757 0.01 1359
1587046438423 0.01 1360
1587046445224 0.01 1361
1587046452260 0.01 1362
1587046458907 0.01 1363
1587046465680 0.01 1364
1587046472306 0.01 1365
1587046479038 0.01 1366
1587046485692 0.01 1367
1587046492456 0.01 1368
1587046499142 0.01 1369
1587046505979 0.01 1370
1587046512600 0.01 1371
1587046519373 0.01 1372
1587046525999 0.01 1373
1587046532687 0.01 1374
1587046539295 0.01 1375
1587046545914 0.01 1376
1587046552429 0.01 1377
1587046559066 0.01 1378
1587046565681 0.01 1379
1587046572300 0.01 1380
1587046578971 0.01 1381
1587046585582 0.01 1382
1587046592277 0.01 1383
1587046598811 0.01 1384
1587046605527 0.01 1385
1587046612147 0.01 1386
1587046618753 0.01 1387
1587046625415 0.01 1388
1587046632155 0.01 1389
1587046638771 0.01 1390
1587046645325 0.01 1391
1587046652093 0.01 1392
1587046658714 0.01 1393
1587046665348 0.01 1394
1587046672008 0.01 1395
1587046678736 0.01 1396
1587046685405 0.01 1397
1587046692095 0.01 1398
1587046698824 0.01 1399
1587046705542 0.01 1400
1587046712565 0.01 1401
1587046719181 0.01 1402
1587046725924 0.01 1403
1587046732703 0.01 1404
1587046739341 0.01 1405
1587046746215 0.01 1406
1587046753014 0.01 1407
1587046759784 0.01 1408
1587046766924 0.01 1409
1587046774143 0.01 1410
1587046781245 0.01 1411
1587046788304 0.01 1412
1587046795108 0.01 1413
1587046801917 0.01 1414
1587046808647 0.01 1415
1587046815432 0.01 1416
1587046822136 0.01 1417
1587046828922 0.01 1418
1587046835573 0.01 1419
1587046842344 0.01 1420
1587046848960 0.01 1421
1587046855677 0.01 1422
1587046862367 0.01 1423
1587046869081 0.01 1424
1587046875768 0.01 1425
1587046882390 0.01 1426
1587046888873 0.01 1427
1587046895610 0.01 1428
1587046902310 0.01 1429
1587046908998 0.01 1430
1587046915665 0.01 1431
1587046922467 0.01 1432
1587046929106 0.01 1433
1587046935940 0.01 1434
1587046942609 0.01 1435
1587046949293 0.01 1436
1587046955896 0.01 1437
1587046962566 0.01 1438
1587046969150 0.01 1439
1587046975898 0.01 1440
1587046982468 0.01 1441
1587046989122 0.01 1442
1587046995802 0.01 1443
1587047002440 0.01 1444
1587047009100 0.01 1445
1587047015745 0.01 1446
1587047022501 0.01 1447
1587047029388 0.01 1448
1587047036070 0.01 1449
1587047042816 0.01 1450
1587047049443 0.01 1451
1587047056441 0.01 1452
1587047063280 0.01 1453
1587047070718 0.01 1454
1587047077941 0.01 1455
1587047084718 0.01 1456
1587047091274 0.01 1457
1587047097890 0.01 1458
1587047104613 0.01 1459
1587047111239 0.01 1460
1587047117882 0.01 1461
1587047124535 0.01 1462
1587047131099 0.01 1463
1587047137940 0.01 1464
1587047144727 0.01 1465
1587047151494 0.01 1466
1587047158212 0.01 1467
1587047165030 0.01 1468
1587047174100 0.01 1469
1587047181034 0.01 1470
1587047187740 0.01 1471
1587047194452 0.01 1472
1587047201156 0.01 1473
1587047207818 0.01 1474
1587047214381 0.01 1475
1587047221147 0.01 1476
1587047227782 0.01 1477
1587047234400 0.01 1478
1587047241004 0.01 1479
1587047247684 0.01 1480
1587047254425 0.01 1481
1587047261108 0.01 1482
1587047267826 0.01 1483
1587047274495 0.01 1484
1587047281165 0.01 1485
1587047287934 0.01 1486
1587047294539 0.01 1487
1587047302076 0.01 1488
1587047308779 0.01 1489
1587047315484 0.01 1490
1587047428222 0.01 1491
1587047435310 0.01 1492
1587047444594 0.01 1493
1587047453828 0.01 1494
1587047462521 0.01 1495
1587047471314 0.01 1496
1587048812350 0.01 1497
1587048821829 0.01 1498
1587048830435 0.01 1499
1587048841142 0.01 1500
1587048864313 0.01 1501
1587048871558 0.01 1502
1587048880840 0.01 1503
1587048894517 0.01 1504
1587048904894 0.01 1505
1587048912890 0.01 1506
1587048920734 0.01 1507
1587048931777 0.01 1508
1587048946942 0.01 1509
1587048963370 0.01 1510
1587048973873 0.01 1511
1587048984421 0.01 1512
1587048991307 0.01 1513
1587048998144 0.01 1514
1587049005398 0.01 1515
1587049013534 0.01 1516
1587049029534 0.01 1517
1587049043657 0.01 1518
1587049060244 0.01 1519
1587049078905 0.01 1520
1587049087896 0.01 1521
1587049097327 0.01 1522
1587049105717 0.01 1523
1587049113899 0.01 1524
1587049122462 0.01 1525
1587049132442 0.01 1526
1587049140794 0.01 1527
1587049149566 0.01 1528
1587049157992 0.01 1529
1587049167989 0.01 1530
1587049176043 0.01 1531
1587049183654 0.01 1532
1587049192267 0.01 1533
1587049199523 0.01 1534
1587049206644 0.01 1535
1587049214189 0.01 1536
1587049221283 0.01 1537
1587049228319 0.01 1538
1587049235392 0.01 1539
1587049242408 0.01 1540
1587049249466 0.01 1541
1587049256575 0.01 1542
1587049263505 0.01 1543
1587049270574 0.01 1544
1587049277736 0.01 1545
1587049285971 0.01 1546
1587049293019 0.01 1547
1587049299987 0.01 1548
1587049306812 0.01 1549
1587049313826 0.01 1550
1587049320793 0.01 1551
1587049327812 0.01 1552
1587049334815 0.01 1553
1587049341516 0.01 1554
1587049347936 0.01 1555
1587049355108 0.01 1556
1587049365197 0.01 1557
1587049373597 0.01 1558
1587049382615 0.01 1559
1587049391313 0.01 1560
1587049398262 0.01 1561
1587049405331 0.01 1562
1587049412456 0.01 1563
1587049419573 0.01 1564
1587049426180 0.01 1565
1587049433145 0.01 1566
1587049440597 0.01 1567
1587049449414 0.01 1568
1587049458151 0.01 1569
1587049471325 0.01 1570
1587049479023 0.01 1571
1587049488412 0.01 1572
1587049499765 0.01 1573
1587049506911 0.01 1574
1587049513780 0.01 1575
1587049520469 0.01 1576
1587049527155 0.01 1577
1587049533820 0.01 1578
1587049541344 0.01 1579
1587049549517 0.01 1580
1587049556446 0.01 1581
1587049563301 0.01 1582
1587049572268 0.01 1583
1587049580733 0.01 1584
1587049588175 0.01 1585
1587049595827 0.01 1586
1587049602790 0.01 1587
1587049609969 0.01 1588
1587049617377 0.01 1589
1587049625139 0.01 1590
1587049632765 0.01 1591
1587049640323 0.01 1592
1587049647546 0.01 1593
1587049655236 0.01 1594
1587049662918 0.01 1595
1587049670158 0.01 1596
1587049677452 0.01 1597
1587049685252 0.01 1598
1587049692373 0.01 1599
1587049702296 0.01 1600
1587049714789 0.01 1601
1587049726911 0.01 1602
1587049734362 0.01 1603
1587049743380 0.01 1604
1587049754610 0.01 1605
1587049761371 0.01 1606
1587049768429 0.01 1607
1587049775688 0.01 1608
1587049782359 0.01 1609
1587049789274 0.01 1610
1587049797296 0.01 1611
1587049804557 0.01 1612
1587049811776 0.01 1613
1587049821392 0.01 1614
1587049827869 0.01 1615
1587049834230 0.01 1616
1587049841109 0.01 1617
1587049848346 0.01 1618
1587049858004 0.01 1619
1587049866417 0.01 1620
1587049873330 0.01 1621
1587049881172 0.01 1622
1587049888572 0.01 1623
1587049895588 0.01 1624
1587049906598 0.01 1625
1587049916681 0.01 1626
1587049923811 0.01 1627
1587049931074 0.01 1628
1587049940424 0.01 1629
1587049948235 0.01 1630
1587049956624 0.01 1631
1587049963669 0.01 1632
1587049971983 0.01 1633
1587049980363 0.01 1634
1587049987299 0.01 1635
1587049994899 0.01 1636
1587050001738 0.01 1637
1587050008858 0.01 1638
1587050017199 0.01 1639
1587050025304 0.01 1640
1587050044180 0.01 1641
1587050053350 0.01 1642
1587050060957 0.01 1643
1587050068543 0.01 1644
1587050075646 0.01 1645
1587050083366 0.01 1646
1587050093014 0.01 1647
1587050102210 0.01 1648
1587050110009 0.01 1649
1587050118727 0.01 1650
1587050126952 0.01 1651
1587050134539 0.01 1652
1587050142005 0.01 1653
1587050152811 0.01 1654
1587050165399 0.01 1655
1587050177843 0.01 1656
1587050187373 0.01 1657
1587050198479 0.01 1658
1587050206877 0.01 1659
1587050214393 0.01 1660
1587050224037 0.01 1661
1587050235677 0.01 1662
1587050244440 0.01 1663
1587050251559 0.01 1664
1587050258983 0.01 1665
1587050266482 0.01 1666
1587050273522 0.01 1667
1587050282639 0.01 1668
1587050307195 0.01 1669
1587050316232 0.01 1670
1587050326017 0.01 1671
1587050333245 0.01 1672
1587050341016 0.01 1673
1587050348417 0.01 1674
1587050356423 0.01 1675
1587050363247 0.01 1676
1587050371445 0.01 1677
1587050379495 0.01 1678
1587050387177 0.01 1679
1587050394746 0.01 1680
1587050402107 0.01 1681
1587050409525 0.01 1682
1587050416928 0.01 1683
1587050424138 0.01 1684
1587050431909 0.01 1685
1587050438980 0.01 1686
1587050446452 0.01 1687
1587050453516 0.01 1688
1587050460904 0.01 1689
1587050468294 0.01 1690
1587050476149 0.01 1691
1587050484048 0.01 1692
1587050491590 0.01 1693
1587050499766 0.01 1694
1587050507687 0.01 1695
1587050515688 0.01 1696
1587050522973 0.01 1697
1587050530539 0.01 1698
1587050537850 0.01 1699
1587050548107 0.01 1700
1587050564098 0.01 1701
1587050573617 0.01 1702
1587050581834 0.01 1703
1587050589185 0.01 1704
1587050597304 0.01 1705
1587050604176 0.01 1706
1587050611899 0.01 1707
1587050620034 0.01 1708
1587050628175 0.01 1709
1587050635894 0.01 1710
1587050644469 0.01 1711
1587050651460 0.01 1712
1587050658603 0.01 1713
1587050668982 0.01 1714
1587050679326 0.01 1715
1587050687643 0.01 1716
1587050696620 0.01 1717
1587050703954 0.01 1718
1587050711458 0.01 1719
1587050718457 0.01 1720
1587050726212 0.01 1721
1587050733898 0.01 1722
1587050741281 0.01 1723
1587050748713 0.01 1724
1587050756020 0.01 1725
1587050763402 0.01 1726
1587050770139 0.01 1727
1587050776786 0.01 1728
1587050783475 0.01 1729
1587050789896 0.01 1730
1587050796431 0.01 1731
1587050802898 0.01 1732
1587050809539 0.01 1733
1587050816604 0.01 1734
1587050828175 0.01 1735
1587050842660 0.01 1736
1587050849862 0.01 1737
1587050861381 0.01 1738
1587050868374 0.01 1739
1587050875517 0.01 1740
1587050883054 0.01 1741
1587050890488 0.01 1742
1587050897925 0.01 1743
1587050904689 0.01 1744
1587050911630 0.01 1745
1587050922428 0.01 1746
1587050934774 0.01 1747
1587050946902 0.01 1748
1587050961949 0.01 1749
1587050974273 0.01 1750
1587050983810 0.01 1751
1587050992846 0.01 1752
1587051001097 0.01 1753
1587051014194 0.01 1754
1587051024936 0.01 1755
1587051039077 0.01 1756
1587051047606 0.01 1757
1587051055118 0.01 1758
1587051065402 0.01 1759
1587051075118 0.01 1760
1587051083324 0.01 1761
1587051090987 0.01 1762
1587051101476 0.01 1763
1587051109578 0.01 1764
1587051119171 0.01 1765
1587051129864 0.01 1766
1587051138065 0.01 1767
1587051145633 0.01 1768
1587051153535 0.01 1769
1587051160606 0.01 1770
1587051167838 0.01 1771
1587051177296 0.01 1772
1587051191878 0.01 1773
1587051199071 0.01 1774
1587051207863 0.01 1775
1587051215680 0.01 1776
1587051222658 0.01 1777
1587051229338 0.01 1778
1587051235956 0.01 1779
1587051242567 0.01 1780
1587051249304 0.01 1781
1587051256127 0.01 1782
1587051262698 0.01 1783
1587051269164 0.01 1784
1587051275836 0.01 1785
1587051282354 0.01 1786
1587051289090 0.01 1787
1587051295867 0.01 1788
1587051304029 0.01 1789
1587051311658 0.01 1790
1587051319296 0.01 1791
1587051328224 0.01 1792
1587051335436 0.01 1793
1587051342823 0.01 1794
1587051350691 0.01 1795
1587051358299 0.01 1796
1587051365014 0.01 1797
1587051371735 0.01 1798
1587051378851 0.01 1799
1587051385451 0.01 1800
1587051392439 0.01 1801
1587051399044 0.01 1802
1587051405694 0.01 1803
1587051412292 0.01 1804
1587051418878 0.01 1805
1587051425450 0.01 1806
1587051431985 0.01 1807
1587051438702 0.01 1808
1587051446357 0.01 1809
1587051453661 0.01 1810
1587051460846 0.01 1811
1587051468254 0.01 1812
1587051475799 0.01 1813
1587051483225 0.01 1814
1587051491590 0.01 1815
1587051498696 0.01 1816
1587051506660 0.01 1817
1587051513962 0.01 1818
1587051521648 0.01 1819
1587051533195 0.01 1820
1587051540198 0.01 1821
1587051554066 0.01 1822
1587051563487 0.01 1823
1587051576461 0.01 1824
1587051587011 0.01 1825
1587051596148 0.01 1826
1587051603631 0.01 1827
1587051614683 0.01 1828
1587051622036 0.01 1829
1587051630218 0.01 1830
1587051637724 0.01 1831
1587051653089 0.01 1832
1587051667603 0.01 1833
1587051677447 0.01 1834
1587051685268 0.01 1835
1587051694318 0.01 1836
1587051703640 0.01 1837
1587051713066 0.01 1838
1587051722350 0.01 1839
1587051732748 0.01 1840
1587051741284 0.01 1841
1587051750204 0.01 1842
1587051761877 0.01 1843
1587051780669 0.01 1844
1587051789910 0.01 1845
1587051798337 0.01 1846
1587051811180 0.01 1847
1587051828397 0.01 1848
1587051835822 0.01 1849
1587051844286 0.01 1850
1587051852037 0.01 1851
1587051859236 0.01 1852
1587051867177 0.01 1853
1587051875133 0.01 1854
1587051888776 0.01 1855
1587051903399 0.01 1856
1587051917262 0.01 1857
1587051930686 0.01 1858
1587051942538 0.01 1859
1587051967004 0.01 1860
1587051974457 0.01 1861
1587051982235 0.01 1862
1587051989076 0.01 1863
1587051997231 0.01 1864
1587052007558 0.01 1865
1587052019047 0.01 1866
1587052026625 0.01 1867
1587052034486 0.01 1868
1587052042494 0.01 1869
1587052054238 0.01 1870
1587052064573 0.01 1871
1587052072516 0.01 1872
1587052081590 0.01 1873
1587052088764 0.01 1874
1587052096876 0.01 1875
1587052110939 0.01 1876
1587052131086 0.01 1877
1587052151312 0.01 1878
1587052165862 0.01 1879
1587052179039 0.01 1880
1587052196704 0.01 1881
1587052211613 0.01 1882
1587052224134 0.01 1883
1587052234815 0.01 1884
1587052246330 0.01 1885
1587052255574 0.01 1886
1587052264425 0.01 1887
1587052276354 0.01 1888
1587052286138 0.01 1889
1587052294975 0.01 1890
1587052303170 0.01 1891
1587052311189 0.01 1892
1587052318514 0.01 1893
1587052325541 0.01 1894
1587052332669 0.01 1895
1587052339809 0.01 1896
1587052347596 0.01 1897
1587052355212 0.01 1898
1587052362528 0.01 1899
1587052370085 0.01 1900
1587052377918 0.01 1901
1587052385489 0.01 1902
1587052393460 0.01 1903
1587052402246 0.01 1904
1587052411365 0.01 1905
1587052421661 0.01 1906
1587052430488 0.01 1907
1587052439245 0.01 1908
1587052447823 0.01 1909
1587052455955 0.01 1910
1587052465765 0.01 1911
1587052476910 0.01 1912
1587052484650 0.01 1913
1587052493042 0.01 1914
1587052501580 0.01 1915
1587052510514 0.01 1916
1587052519172 0.01 1917
1587052527499 0.01 1918
1587052537866 0.01 1919
1587052547750 0.01 1920
1587052558080 0.01 1921
1587052568124 0.01 1922
1587052577811 0.01 1923
1587052586310 0.01 1924
1587052595035 0.01 1925
1587052602468 0.01 1926
1587052610015 0.01 1927
1587052617685 0.01 1928
1587052625288 0.01 1929
1587052633088 0.01 1930
1587052641846 0.01 1931
1587052651208 0.01 1932
1587052661148 0.01 1933
1587052677794 0.01 1934
1587052689348 0.01 1935
1587052710269 0.01 1936
1587052731361 0.01 1937
1587052741927 0.01 1938
1587052751837 0.01 1939
1587052762057 0.01 1940
1587052771568 0.01 1941
1587052782946 0.01 1942
1587052794952 0.01 1943
1587052805281 0.01 1944
1587052815050 0.01 1945
1587052823136 0.01 1946
1587052831395 0.01 1947
1587052839227 0.01 1948
1587052847488 0.01 1949
1587052855434 0.01 1950
1587052863367 0.01 1951
1587052871871 0.01 1952
1587052880089 0.01 1953
1587052888162 0.01 1954
1587052896150 0.01 1955
1587052904216 0.01 1956
1587052912323 0.01 1957
1587052920374 0.01 1958
1587052928378 0.01 1959
1587052936492 0.01 1960
1587052944444 0.01 1961
1587052952253 0.01 1962
1587052960201 0.01 1963
1587052968171 0.01 1964
1587052976740 0.01 1965
1587052984620 0.01 1966
1587052992570 0.01 1967
1587053000488 0.01 1968
1587053008542 0.01 1969
1587053016420 0.01 1970
1587053032633 0.01 1971
1587053075197 0.01 1972
1587053084351 0.01 1973
1587053092467 0.01 1974
1587053100594 0.01 1975
1587053108796 0.01 1976
1587053116397 0.01 1977
1587053123349 0.01 1978
1587053130910 0.01 1979
1587053140411 0.01 1980
1587053153360 0.01 1981
1587053162772 0.01 1982
1587053174083 0.01 1983
1587053190779 0.01 1984
1587053199560 0.01 1985
1587053207862 0.01 1986
1587053216403 0.01 1987
1587053224772 0.01 1988
1587053233227 0.01 1989
1587053241595 0.01 1990
1587053249701 0.01 1991
1587053258043 0.01 1992
1587053266658 0.01 1993
1587053275386 0.01 1994
1587053283595 0.01 1995
1587053291864 0.01 1996
1587053300436 0.01 1997
1587053308659 0.01 1998
1587053317001 0.01 1999
1587053325168 0.01 2000
1587053333930 0.01 2001
1587053342401 0.01 2002
1587053350688 0.01 2003
1587053359124 0.01 2004
1587053367327 0.01 2005
1587053376037 0.01 2006
1587053384190 0.01 2007
1587053392575 0.01 2008
1587053400997 0.01 2009
1587053409577 0.01 2010
1587053417772 0.01 2011
1587053426051 0.01 2012
1587053434241 0.01 2013
1587053443070 0.01 2014
1587053451390 0.01 2015
1587053460038 0.01 2016
1587053468217 0.01 2017
1587053477371 0.01 2018
1587053485972 0.01 2019
1587053494378 0.01 2020
1587053502630 0.01 2021
1587053511331 0.01 2022
1587053519587 0.01 2023
1587053527951 0.01 2024
1587053536318 0.01 2025
1587053544567 0.01 2026
1587053553391 0.01 2027
1587053561650 0.01 2028
1587053569918 0.01 2029
1587053578198 0.01 2030
1587053587177 0.01 2031
1587053595480 0.01 2032
1587053603634 0.01 2033
1587053611859 0.01 2034
1587053620758 0.01 2035
1587053627858 0.01 2036
1587053637570 0.01 2037
1587053645759 0.01 2038
1587053653572 0.01 2039
1587053664463 0.01 2040
1587053683827 0.01 2041
1587053697249 0.01 2042
1587053714386 0.01 2043
1587053732135 0.01 2044
1587053755708 0.01 2045
1587053773783 0.01 2046
1587053803105 0.01 2047
1587053825828 0.01 2048
1587053841119 0.01 2049
1587053864707 0.01 2050
1587053887880 0.01 2051
1587053921866 0.01 2052
1587053944516 0.01 2053
1587053960683 0.01 2054
1587053975526 0.01 2055
1587053995599 0.01 2056
1587054003825 0.01 2057
1587054012422 0.01 2058
1587054026630 0.01 2059
1587054037282 0.01 2060
1587054047401 0.01 2061
1587054057098 0.01 2062
1587054067361 0.01 2063
1587054077137 0.01 2064
1587054085779 0.01 2065
1587054102232 0.01 2066
1587054119037 0.01 2067
1587054132987 0.01 2068
1587054143304 0.01 2069
1587054153502 0.01 2070
1587054162163 0.01 2071
1587054172578 0.01 2072
1587054185066 0.01 2073
1587054194271 0.01 2074
1587054206406 0.01 2075
1587054217523 0.01 2076
1587054227953 0.01 2077
1587054239189 0.01 2078
1587054248534 0.01 2079
1587054255675 0.01 2080
1587054262771 0.01 2081
1587054271110 0.01 2082
1587054279742 0.01 2083
1587054288006 0.01 2084
1587054296011 0.01 2085
1587054304032 0.01 2086
1587054311903 0.01 2087
1587054321148 0.01 2088
1587054331062 0.01 2089
1587054338472 0.01 2090
1587054345511 0.01 2091
1587054360611 0.01 2092
1587054377547 0.01 2093
1587054389621 0.01 2094
1587054407232 0.01 2095
1587054417539 0.01 2096
1587054427978 0.01 2097
1587054440682 0.01 2098
1587054448918 0.01 2099
1587054462728 0.01 2100
1587054474249 0.01 2101
1587054484760 0.01 2102
1587054496297 0.01 2103
1587054506544 0.01 2104
1587054515881 0.01 2105
1587054524700 0.01 2106
1587054533740 0.01 2107
1587054551893 0.01 2108
1587054564768 0.01 2109
1587054578425 0.01 2110
1587054588187 0.01 2111
1587054597645 0.01 2112
1587054607005 0.01 2113
1587054618191 0.01 2114
1587054627393 0.01 2115
1587054635849 0.01 2116
1587054644553 0.01 2117
1587054657623 0.01 2118
1587054666442 0.01 2119
1587054675896 0.01 2120
1587054690632 0.01 2121
1587054704353 0.01 2122
1587054719763 0.01 2123
1587054732218 0.01 2124
1587054740624 0.01 2125
1587054748325 0.01 2126
1587054762978 0.01 2127
1587054773824 0.01 2128
1587054784610 0.01 2129
1587054794293 0.01 2130
1587054803378 0.01 2131
1587054813372 0.01 2132
1587054824113 0.01 2133
1587054833727 0.01 2134
1587054846847 0.01 2135
1587054855703 0.01 2136
1587054866054 0.01 2137
1587054874776 0.01 2138
1587054884902 0.01 2139
1587054900088 0.01 2140
1587054913575 0.01 2141
1587054927694 0.01 2142
1587054938742 0.01 2143
1587054949424 0.01 2144
1587054967243 0.01 2145
1587054979733 0.01 2146
1587054989591 0.01 2147
1587055001069 0.01 2148
1587055012891 0.01 2149
1587055026003 0.01 2150
1587055036732 0.01 2151
1587055048123 0.01 2152
1587055066933 0.01 2153
1587055078301 0.01 2154
1587055092926 0.01 2155
1587055102892 0.01 2156
1587055112474 0.01 2157
1587055123154 0.01 2158
1587055136642 0.01 2159
1587055151970 0.01 2160
1587055165500 0.01 2161
1587055176984 0.01 2162
1587055189665 0.01 2163
1587055205311 0.01 2164
1587055223798 0.01 2165
1587055238433 0.01 2166
1587055248988 0.01 2167
1587055266871 0.01 2168
1587055278350 0.01 2169
1587055287831 0.01 2170
1587055296452 0.01 2171
1587055305254 0.01 2172
1587055316442 0.01 2173
1587055325309 0.01 2174
1587055335499 0.01 2175
1587055343636 0.01 2176
1587055352369 0.01 2177
1587055361098 0.01 2178
1587055369899 0.01 2179
1587055383129 0.01 2180
1587055396419 0.01 2181
1587055407985 0.01 2182
1587055425329 0.01 2183
1587055437735 0.01 2184
1587055447766 0.01 2185
1587055458104 0.01 2186
1587055467726 0.01 2187
1587055477262 0.01 2188
1587055486436 0.01 2189
1587055495921 0.01 2190
1587055505811 0.01 2191
1587055515409 0.01 2192
1587055528485 0.01 2193
1587055538435 0.01 2194
1587055570266 0.01 2195
1587055580552 0.01 2196
1587055591222 0.01 2197
1587055601752 0.01 2198
1587055612126 0.01 2199
1587055622811 0.01 2200
1587055633683 0.01 2201
1587055643639 0.01 2202
1587055653077 0.01 2203
1587055662547 0.01 2204
1587055672477 0.01 2205
1587055682937 0.01 2206
1587055693076 0.01 2207
1587055703758 0.01 2208
1587055713896 0.01 2209
1587055724254 0.01 2210
1587055734267 0.01 2211
1587055744230 0.01 2212
1587055754193 0.01 2213
1587055764038 0.01 2214
1587055773550 0.01 2215
1587055787245 0.01 2216
1587055795671 0.01 2217
1587055803007 0.01 2218
1587055810877 0.01 2219
1587055819745 0.01 2220
1587055828532 0.01 2221
1587055835749 0.01 2222
1587055843418 0.01 2223
1587055852956 0.01 2224
1587055860391 0.01 2225
1587055868056 0.01 2226
1587055876096 0.01 2227
1587055887605 0.01 2228
1587055896133 0.01 2229
1587055907180 0.01 2230
1587055916780 0.01 2231
1587055928425 0.01 2232
1587055938099 0.01 2233
1587055948964 0.01 2234
1587055959490 0.01 2235
1587055968134 0.01 2236
1587055976473 0.01 2237
1587055985536 0.01 2238
1587055996110 0.01 2239
1587056007073 0.01 2240
1587056017531 0.01 2241
1587056025432 0.01 2242
1587056034672 0.01 2243
1587056051632 0.01 2244
1587056062106 0.01 2245
1587056075634 0.01 2246
1587056089523 0.01 2247
1587056098137 0.01 2248
1587056108823 0.01 2249
1587056121275 0.01 2250
1587056131005 0.01 2251
1587056145059 0.01 2252
1587056156915 0.01 2253
1587056167209 0.01 2254
1587056175450 0.01 2255
1587056183961 0.01 2256
1587056192151 0.01 2257
1587056200630 0.01 2258
1587056209482 0.01 2259
1587056225179 0.01 2260
1587056233429 0.01 2261
1587056247690 0.01 2262
1587056255818 0.01 2263
1587056264467 0.01 2264
1587056272496 0.01 2265
1587056279872 0.01 2266
1587056286858 0.01 2267
1587056294756 0.01 2268
1587056302547 0.01 2269
1587056312747 0.01 2270
1587056322835 0.01 2271
1587056331521 0.01 2272
1587056339687 0.01 2273
1587056347709 0.01 2274
1587056355335 0.01 2275
1587056370459 0.01 2276
1587056379500 0.01 2277
1587056388450 0.01 2278
1587056396286 0.01 2279
1587056404925 0.01 2280
1587056414631 0.01 2281
1587056424286 0.01 2282
1587056433061 0.01 2283
1587056441908 0.01 2284
1587056449864 0.01 2285
1587056458139 0.01 2286
1587056466005 0.01 2287
1587056474591 0.01 2288
1587056482635 0.01 2289
1587056491169 0.01 2290
1587056499262 0.01 2291
1587056507895 0.01 2292
1587056516990 0.01 2293
1587056525422 0.01 2294
1587056533860 0.01 2295
1587056543724 0.01 2296
1587056552198 0.01 2297
1587056568188 0.01 2298
1587056581986 0.01 2299
1587056590722 0.01 2300
1587056604456 0.01 2301
1587056613636 0.01 2302
1587056621739 0.01 2303
1587056629221 0.01 2304
1587056639085 0.01 2305
1587056649612 0.01 2306
1587056658556 0.01 2307
1587056669434 0.01 2308
1587056677553 0.01 2309
1587056687637 0.01 2310
1587056695693 0.01 2311
1587056703826 0.01 2312
1587056711969 0.01 2313
1587056720612 0.01 2314
1587056728302 0.01 2315
1587056738413 0.01 2316
1587056749405 0.01 2317
1587056757676 0.01 2318
1587056765366 0.01 2319
1587056773082 0.01 2320
1587056782396 0.01 2321
1587056791099 0.01 2322
1587056799195 0.01 2323
1587056806940 0.01 2324
1587056814341 0.01 2325
1587056823052 0.01 2326
1587056831033 0.01 2327
1587056841268 0.01 2328
1587056849445 0.01 2329
1587056857239 0.01 2330
1587056864659 0.01 2331
1587056872051 0.01 2332
1587056879555 0.01 2333
1587056887576 0.01 2334
1587056898620 0.01 2335
1587056907096 0.01 2336
1587056914567 0.01 2337
1587056922554 0.01 2338
1587056929779 0.01 2339
1587056936823 0.01 2340
1587056943976 0.01 2341
1587056951335 0.01 2342
1587056959377 0.01 2343
1587056968026 0.01 2344
1587056976401 0.01 2345
1587056985087 0.01 2346
1587056994049 0.01 2347
1587057002438 0.01 2348
1587057010447 0.01 2349
1587057019722 0.01 2350
1587057028114 0.01 2351
1587057037451 0.01 2352
1587057051506 0.01 2353
1587057062597 0.01 2354
1587057074487 0.01 2355
1587057084333 0.01 2356
1587057092815 0.01 2357
1587057100871 0.01 2358
1587057108700 0.01 2359
1587057116885 0.01 2360
1587057123983 0.01 2361
1587057131380 0.01 2362
1587057138425 0.01 2363
1587057145832 0.01 2364
1587057154649 0.01 2365
1587057163922 0.01 2366
1587057183118 0.01 2367
1587057197737 0.01 2368
1587057213343 0.01 2369
1587057231828 0.01 2370
1587057245637 0.01 2371
1587057257719 0.01 2372
1587057270175 0.01 2373
1587057282994 0.01 2374
1587057295192 0.01 2375
1587057304343 0.01 2376
1587057312480 0.01 2377
1587057321349 0.01 2378
1587057331552 0.01 2379
1587057341019 0.01 2380
1587057349819 0.01 2381
1587057359279 0.01 2382
1587057369978 0.01 2383
1587057383919 0.01 2384
1587057395858 0.01 2385
1587057409865 0.01 2386
1587057418489 0.01 2387
1587057431267 0.01 2388
1587057443733 0.01 2389
1587057456491 0.01 2390
1587057492210 0.01 2391
1587057510037 0.01 2392
1587057527063 0.01 2393
1587057543982 0.01 2394
1587057562250 0.01 2395
1587057579055 0.01 2396
1587057598568 0.01 2397
1587057618052 0.01 2398
1587057637348 0.01 2399
1587057661656 0.01 2400
1587057680251 0.01 2401
1587057695344 0.01 2402
1587057712284 0.01 2403
1587057731273 0.01 2404
1587057749888 0.01 2405
1587057771087 0.01 2406
1587057789382 0.01 2407
1587057807488 0.01 2408
1587057825108 0.01 2409
1587057842701 0.01 2410
1587057862061 0.01 2411
1587057878934 0.01 2412
1587057894000 0.01 2413
1587057911518 0.01 2414
1587057928012 0.01 2415
1587057945258 0.01 2416
1587057960155 0.01 2417
1587057975837 0.01 2418
1587057993432 0.01 2419
1587058006523 0.01 2420
1587058022725 0.01 2421
1587058037538 0.01 2422
1587058052707 0.01 2423
1587058064867 0.01 2424
1587058076157 0.01 2425
1587058088512 0.01 2426
1587058103515 0.01 2427
1587058114955 0.01 2428
1587058136372 0.01 2429
1587058144392 0.01 2430
1587058151931 0.01 2431
1587058159347 0.01 2432
1587058167541 0.01 2433
1587058176098 0.01 2434
1587058184751 0.01 2435
1587058192250 0.01 2436
1587058200272 0.01 2437
1587058211201 0.01 2438
1587058226479 0.01 2439
1587058240457 0.01 2440
1587058251984 0.01 2441
1587058262789 0.01 2442
1587058272690 0.01 2443
1587058282928 0.01 2444
1587058292400 0.01 2445
1587058301875 0.01 2446
1587058311379 0.01 2447
1587058320815 0.01 2448
1587058330531 0.01 2449
1587058340072 0.01 2450
1587058349570 0.01 2451
1587058360573 0.01 2452
1587058369845 0.01 2453
1587058379584 0.01 2454
1587058388822 0.01 2455
1587058398539 0.01 2456
1587058407855 0.01 2457
1587058417101 0.01 2458
1587058431384 0.01 2459
1587058440406 0.01 2460
1587058453727 0.01 2461
1587058463332 0.01 2462
1587058473435 0.01 2463
1587058482922 0.01 2464
1587058492688 0.01 2465
1587058502067 0.01 2466
1587058511554 0.01 2467
1587058521674 0.01 2468
1587058530944 0.01 2469
1587058540318 0.01 2470
1587058549809 0.01 2471
1587058559300 0.01 2472
1587058569036 0.01 2473
1587058578785 0.01 2474
1587058588213 0.01 2475
1587058598041 0.01 2476
1587058607616 0.01 2477
1587058616941 0.01 2478
1587058626740 0.01 2479
1587058636018 0.01 2480
1587058645523 0.01 2481
1587058655205 0.01 2482
1587058665046 0.01 2483
1587058674563 0.01 2484
1587058684236 0.01 2485
1587058693855 0.01 2486
1587058703292 0.01 2487
1587058712716 0.01 2488
1587058722248 0.01 2489
1587058732229 0.01 2490
1587058742033 0.01 2491
1587058751685 0.01 2492
1587058761036 0.01 2493
1587058770449 0.01 2494
1587058780089 0.01 2495
1587058789459 0.01 2496
1587058798900 0.01 2497
1587058808111 0.01 2498
1587058817943 0.01 2499
1587058827323 0.01 2500
