1587035916471 1001 1
1587035923518 1001 2
1587035929706 1001 3
1587035935835 1001 4
1587035941889 1001 5
1587035948027 1001 6
1587035955895 1001 7
1587035966664 1001 8
1587035973241 1001 9
1587035979583 1001 10
1587035985855 1001 11
1587035991885 1001 12
1587036001471 1001 13
1587036011704 1001 14
1587036018399 1001 15
1587036025488 1001 16
1587036032074 1001 17
1587036039962 1001 18
1587036048298 1001 19
1587036057270 1001 20
1587036065161 1001 21
1587036073549 1001 22
1587036080534 1001 23
1587036087901 1001 24
1587036095357 1001 25
1587036101753 1001 26
1587036107910 1001 27
1587036114123 1001 28
1587036121927 1001 29
1587036129843 1001 30
1587036136962 1001 31
1587036143230 1001 32
1587036149534 1001 33
1587036155861 1001 34
1587036165031 1001 35
1587036175266 1001 36
1587036189238 1001 37
1587036217853 1001 38
1587036226200 1001 39
1587036245736 1001 40
1587036263731 1001 41
1587036271139 1001 42
1587036278598 1001 43
1587036285162 1001 44
1587036292677 1001 45
1587036299222 1001 46
1587036305672 1001 47
1587036315070 1001 48
1587036326949 1001 49
1587036336974 1001 50
1587036347700 1001 51
1587036356634 1001 52
1587036363886 1001 53
1587036370997 1001 54
1587036380557 1001 55
1587036387375 1001 56
1587036394050 1001 57
1587036404387 1001 58
1587036412052 1001 59
1587036419993 1001 60
1587036427276 1001 61
1587036434110 1001 62
1587036441407 1001 63
1587036451016 1001 64
1587036459653 1001 65
1587036468902 1001 66
1587036478142 1001 67
1587036486100 1001 68
1587036495154 1001 69
1587036504020 1001 70
1587036512744 1001 71
1587036521259 1001 72
1587036529380 1001 73
1587036535696 1001 74
1587036543018 1001 75
1587036551450 1001 76
1587036559599 1001 77
1587036567512 1001 78
1587036578530 1001 79
1587036590014 1001 80
1587036600152 1001 81
1587036610494 1001 82
1587036619904 1001 83
1587036629573 1001 84
1587036639098 1001 85
1587036648623 1001 86
1587036657549 1001 87
1587036667053 1001 88
1587036677040 1001 89
1587036686387 1001 90
1587036695942 1001 91
1587036704929 1001 92
1587036714424 1001 93
1587036724739 1001 94
1587036734787 1001 95
1587036745027 1001 96
1587036754086 1001 97
1587036763776 1001 98
1587036772456 1001 99
1587036781102 1001 100
1587036790847 1001 101
1587036798935 1001 102
1587036807168 1001 103
1587036815033 1001 104
1587036823237 1001 105
1587036832880 1001 106
1587036844466 1001 107
1587036855292 1001 108
1587036864305 1001 109
1587036872690 1001 110
1587036881042 1001 111
1587036889738 1001 112
1587036897566 1001 113
1587036906015 1001 114
1587036914513 1001 115
1587036922629 1001 116
1587036931285 1001 117
1587036940204 1001 118
1587036948076 1001 119
1587036956395 1001 120
1587036965022 1001 121
1587036972784 1001 122
1587036981364 1001 123
1587036989652 1001 124
1587036997500 1001 125
1587037006007 1001 126
1587037013466 1001 127
1587037021754 1001 128
1587037029381 1001 129
1587037037234 1001 130
1587037044705 1001 131
1587037053063 1001 132
1587037061063 1001 133
1587037069721 1001 134
1587037077225 1001 135
1587037085062 1001 136
1587037092765 1001 137
1587037101723 1001 138
1587037110256 1001 139
1587037122210 1001 140
1587037131696 1001 141
1587037140583 1001 142
1587037148748 1001 143
1587037157959 1001 144
1587037166675 1001 145
1587037175670 1001 146
1587037184213 1001 147
1587037193235 1001 148
1587037201843 1001 149
1587037210720 1001 150
1587037219660 1001 151
1587037229299 1001 152
1587037237942 1001 153
1587037246221 1001 154
1587037254552 1001 155
1587037263790 1001 156
1587037271242 1001 157
1587037279855 1001 158
1587037288637 1001 159
1587037297314 1001 160
1587037305273 1001 161
1587037313340 1001 162
1587037322325 1001 163
1587037330510 1001 164
1587037339393 1001 165
1587037347939 1001 166
1587037356581 1001 167
1587037365948 1001 168
1587037374852 1001 169
1587037383720 1001 170
1587037392324 1001 171
1587037404366 1001 172
1587037413855 1001 173
1587037423294 1001 174
1587037432567 1001 175
1587037441326 1001 176
1587037449135 1001 177
1587037458272 1001 178
1587037466165 1001 179
1587037475231 1001 180
1587037483592 1001 181
1587037492408 1001 182
1587037501428 1001 183
1587037509814 1001 184
1587037519773 1001 185
1587037527509 1001 186
1587037536175 1001 187
1587037545322 1001 188
1587037553363 1001 189
1587037562696 1001 190
1587037570928 1001 191
1587037579322 1001 192
1587037586616 1001 193
1587037595211 1001 194
1587037603999 1001 195
1587037612648 1001 196
1587037621495 1001 197
1587037631434 1001 198
1587037639982 1001 199
1587037648694 1001 200
1587037656773 1001 201
1587037667258 1001 202
1587037676265 1001 203
1587037685959 1001 204
1587037695403 1001 205
1587037704213 1001 206
1587037712540 1001 207
1587037721970 1001 208
1587037730928 1001 209
1587037739885 1001 210
1587037748114 1001 211
1587037755717 1001 212
1587037764025 1001 213
1587037773032 1001 214
1587037781147 1001 215
1587037788887 1001 216
1587037796543 1001 217
1587037805081 1001 218
1587037813400 1001 219
1587037822017 1001 220
1587037830669 1001 221
1587037839491 1001 222
1587037849324 1001 223
1587037860096 1001 224
1587037869238 1001 225
1587037878294 1001 226
1587037887296 1001 227
1587037896287 1001 228
1587037904390 1001 229
1587037912744 1001 230
1587037920661 1001 231
1587037929143 1001 232
1587037936702 1001 233
1587037944499 1001 234
1587037952752 1001 235
1587037961104 1001 236
1587037969255 1001 237
1587037976723 1001 238
1587037987784 1001 239
1587037998063 1001 240
1587038006532 1001 241
1587038014907 1001 242
1587038023175 1001 243
1587038031069 1001 244
1587038040082 1001 245
1587038048654 1001 246
1587038057287 1001 247
1587038066335 1001 248
1587038073571 1001 249
1587038081671 1001 250
1587038089486 1001 251
1587038097390 1001 252
1587038105746 1001 253
1587038113461 1001 254
1587038122256 1001 255
1587038131483 1001 256
1587038139873 1001 257
1587038148590 1001 258
1587038156563 1001 259
1587038165188 1001 260
1587038174434 1001 261
1587038183333 1001 262
1587038191769 1001 263
1587038200330 1001 264
1587038208793 1001 265
1587038217592 1001 266
1587038229008 1001 267
1587038238110 1001 268
1587038246995 1001 269
1587038255852 1001 270
1587038264940 1001 271
1587038273441 1001 272
1587038282891 1001 273
1587038290440 1001 274
1587038297964 1001 275
1587038306344 1001 276
1587038315455 1001 277
1587038323680 1001 278
1587038331773 1001 279
1587038340322 1001 280
1587038350133 1001 281
1587038358760 1001 282
1587038366463 1001 283
1587038374749 1001 284
1587038382079 1001 285
1587038390266 1001 286
1587038397855 1001 287
1587038406222 1001 288
1587038415375 1001 289
1587038423418 1001 290
1587038431396 1001 291
1587038439052 1001 292
1587038447387 1001 293
1587038455978 1001 294
1587038464124 1001 295
1587038475853 1001 296
1587038485635 1001 297
1587038494610 1001 298
1587038502403 1001 299
1587038511185 1001 300
1587038520716 1001 301
1587038529087 1001 302
1587038537888 1001 303
1587038546265 1001 304
1587038554700 1001 305
1587038562203 1001 306
1587038570687 1001 307
1587038578329 1001 308
1587038586201 1001 309
1587038593339 1001 310
1587038601855 1001 311
1587038610689 1001 312
1587038619912 1001 313
1587038628645 1001 314
1587038637155 1001 315
1587038645866 1001 316
1587038654052 1001 317
1587038662438 1001 318
1587038669725 1001 319
1587038678639 1001 320
1587038687250 1001 321
1587038695385 1001 322
1587038703532 1001 323
1587038712175 1001 324
1587038720475 1001 325
1587038729522 1001 326
1587038737856 1001 327
1587038746261 1001 328
1587038754706 1001 329
1587038762926 1001 330
1587038770956 1001 331
1587038778428 1001 332
1587038787323 1001 333
1587038795956 1001 334
1587038804826 1001 335
1587038813679 1001 336
1587038822626 1001 337
1587038831621 1001 338
1587038842050 1001 339
1587038851598 1001 340
1587038859830 1001 341
1587038869162 1001 342
1587038877796 1001 343
1587038884374 1001 344
1587038890830 1001 345
1587038897241 1001 346
1587038903768 1001 347
1587038912135 1001 348
1587038921333 1001 349
1587038928608 1001 350
1587038943847 1001 351
1587038961650 1001 352
1587038969567 1001 353
1587038977579 1001 354
1587038985857 1001 355
1587038994084 1001 356
1587039001966 1001 357
1587039011383 1001 358
1587039021130 1001 359
1587039031160 1001 360
1587039039064 1001 361
1587039046932 1001 362
1587039054607 1001 363
1587039062314 1001 364
1587039069954 1001 365
1587039077607 1001 366
1587039085348 1001 367
1587039093216 1001 368
1587039101101 1001 369
1587039108956 1001 370
1587039116622 1001 371
1587039124495 1001 372
1587039132100 1001 373
1587039139886 1001 374
1587039147596 1001 375
1587039155227 1001 376
1587039162959 1001 377
1587039170913 1001 378
1587039182499 1001 379
1587039193619 1001 380
1587039204515 1001 381
1587039212407 1001 382
1587039220085 1001 383
1587039227714 1001 384
1587039237273 1001 385
1587039245194 1001 386
1587039253117 1001 387
1587039260912 1001 388
1587039271594 1001 389
1587039282853 1001 390
1587039290943 1001 391
1587039298630 1001 392
1587039306297 1001 393
1587039314133 1001 394
1587039322378 1001 395
1587039330188 1001 396
1587039337857 1001 397
1587039345494 1001 398
1587039353117 1001 399
1587039360821 1001 400
1587039369325 1001 401
1587039377442 1001 402
1587039385152 1001 403
1587039393116 1001 404
1587039400717 1001 405
1587039408436 1001 406
1587039416277 1001 407
1587039424085 1001 408
1587039432051 1001 409
1587039439817 1001 410
1587039447539 1001 411
1587039455372 1001 412
1587039462996 1001 413
1587039471572 1001 414
1587039482176 1001 415
1587039492725 1001 416
1587039501278 1001 417
1587039509081 1001 418
1587039516884 1001 419
1587039524987 1001 420
1587039532688 1001 421
1587039540589 1001 422
1587039548707 1001 423
1587039556526 1001 424
1587039564275 1001 425
1587039572112 1001 426
1587039579844 1001 427
1587039587742 1001 428
1587039595411 1001 429
1587039603214 1001 430
1587039611230 1001 431
1587039619306 1001 432
1587039626916 1001 433
1587039634714 1001 434
1587039642352 1001 435
1587039650357 1001 436
1587039658058 1001 437
1587039665962 1001 438
1587039673982 1001 439
1587039681817 1001 440
1587039690128 1001 441
1587039696900 1001 442
1587039703467 1001 443
1587039710183 1001 444
1587039716703 1001 445
1587039723540 1001 446
1587039730293 1001 447
1587039736941 1001 448
1587039743611 1001 449
1587039750262 1001 450
1587039756903 1001 451
1587039763587 1001 452
1587039770356 1001 453
1587039776943 1001 454
1587039783528 1001 455
1587039790295 1001 456
1587039797090 1001 457
1587039804762 1001 458
1587039812186 1001 459
1587039818986 1001 460
1587039825884 1001 461
1587039832608 1001 462
1587039839230 1001 463
1587039845993 1001 464
1587039852993 1001 465
1587039859621 1001 466
1587039866055 1001 467
1587039872740 1001 468
1587039879172 1001 469
1587039885610 1001 470
1587039891948 1001 471
1587039898441 1001 472
1587039904999 1001 473
1587039911631 1001 474
1587039918310 1001 475
1587039924936 1001 476
1587039931456 1001 477
1587039937665 1001 478
1587039944367 1001 479
1587039951178 1001 480
1587039957570 1001 481
1587039964085 1001 482
1587039970808 1001 483
1587039977505 1001 484
1587039984110 1001 485
1587039990617 1001 486
1587039997047 1001 487
1587040003476 1001 488
1587040009874 1001 489
1587040016372 1001 490
1587040022839 1001 491
1587040029380 1001 492
1587040035979 1001 493
1587040042534 1001 494
1587040049103 1001 495
1587040055502 1001 496
1587040061960 1001 497
1587040068316 1001 498
1587040074940 1001 499
1587040081418 1001 500
1587040088280 1001 501
1587040095229 1001 502
1587040101916 1001 503
1587040108415 1001 504
1587040115018 1001 505
1587040121506 1001 506
1587040127906 1001 507
1587040134290 1001 508
1587040140841 1001 509
1587040147355 1001 510
1587040154008 1001 511
1587040160567 1001 512
1587040167104 1001 513
1587040173547 1001 514
1587040180004 1001 515
1587040186523 1001 516
1587040192932 1001 517
1587040199369 1001 518
1587040206088 1001 519
1587040213752 1001 520
1587040220332 1001 521
1587040227233 1001 522
1587040234024 1001 523
1587040241071 1001 524
1587040247632 1001 525
1587040254042 1001 526
1587040260520 1001 527
1587040267158 1001 528
1587040273903 1001 529
1587040280495 1001 530
1587040287133 1001 531
1587040293733 1001 532
1587040300370 1001 533
1587040306908 1001 534
1587040313310 1001 535
1587040319810 1001 536
1587040326399 1001 537
1587040332885 1001 538
1587040339457 1001 539
1587040345981 1001 540
1587040352385 1001 541
1587040358794 1001 542
1587040365255 1001 543
1587040371826 1001 544
1587040378146 1001 545
1587040384755 1001 546
1587040391173 1001 547
1587040397883 1001 548
1587040404483 1001 549
1587040411484 1001 550
1587040417961 1001 551
1587040424559 1001 552
1587040431064 1001 553
1587040437521 1001 554
1587040444036 1001 555
1587040450585 1001 556
1587040457288 1001 557
1587040463891 1001 558
1587040470278 1001 559
1587040476591 1001 560
1587040483099 1001 561
1587040489508 1001 562
1587040496004 1001 563
1587040502469 1001 564
1587040508869 1001 565
1587040515454 1001 566
1587040521848 1001 567
1587040528294 1001 568
1587040534766 1001 569
1587040541336 1001 570
1587040547805 1001 571
1587040554251 1001 572
1587040560758 1001 573
1587040567257 1001 574
1587040574007 1001 575
1587040580613 1001 576
1587040587802 1001 577
1587040594288 1001 578
1587040600851 1001 579
1587040607339 1001 580
1587040613717 1001 581
1587040620236 1001 582
1587040626681 1001 583
1587040633180 1001 584
1587040639647 1001 585
1587040646204 1001 586
1587040652710 1001 587
1587040659239 1001 588
1587040665694 1001 589
1587040672178 1001 590
1587040678592 1001 591
1587040685181 1001 592
1587040691650 1001 593
1587040698126 1001 594
1587040704715 1001 595
1587040711158 1001 596
1587040717574 1001 597
1587040724130 1001 598
1587040730584 1001 599
1587040737093 1001 600
1587040743986 1001 601
1587040750423 1001 602
1587040756891 1001 603
1587040763453 1001 604
1587040769892 1001 605
1587040776462 1001 606
1587040783001 1001 607
1587040789450 1001 608
1587040795849 1001 609
1587040802206 1001 610
1587040808633 1001 611
1587040815219 1001 612
1587040821764 1001 613
1587040828199 1001 614
1587040834758 1001 615
1587040841169 1001 616
1587040847472 1001 617
1587040853959 1001 618
1587040860530 1001 619
1587040866993 1001 620
1587040873360 1001 621
1587040879914 1001 622
1587040886486 1001 623
1587040892813 1001 624
1587040899168 1001 625
1587040905742 1001 626
1587040912101 1001 627
1587040918497 1001 628
1587040924885 1001 629
1587040931279 1001 630
1587040937651 1001 631
1587040944044 1001 632
1587040950745 1001 633
1587040956993 1001 634
1587040963414 1001 635
1587040969895 1001 636
1587040976238 1001 637
1587040982718 1001 638
1587040988963 1001 639
1587040995366 1001 640
1587041001831 1001 641
1587041008139 1001 642
1587041015142 1001 643
1587041021547 1001 644
1587041028048 1001 645
1587041034568 1001 646
1587041041070 1001 647
1587041047500 1001 648
1587041054106 1001 649
1587041060624 1001 650
1587041067163 1001 651
1587041073649 1001 652
1587041080217 1001 653
1587041086694 1001 654
1587041093161 1001 655
1587041099487 1001 656
1587041106034 1001 657
1587041112465 1001 658
1587041118864 1001 659
1587041125409 1001 660
1587041131895 1001 661
1587041138364 1001 662
1587041144892 1001 663
1587041151471 1001 664
1587041157919 1001 665
1587041164596 1001 666
1587041170916 1001 667
1587041177397 1001 668
1587041183900 1001 669
1587041190372 1001 670
1587041196676 1001 671
1587041203139 1001 672
1587041209653 1001 673
1587041216028 1001 674
1587041222415 1001 675
1587041228915 1001 676
1587041235568 1001 677
1587041241957 1001 678
1587041248609 1001 679
1587041255208 1001 680
1587041261733 1001 681
1587041268157 1001 682
1587041274619 1001 683
1587041281148 1001 684
1587041287753 1001 685
1587041294271 1001 686
1587041300810 1001 687
1587041307309 1001 688
1587041313742 1001 689
1587041320180 1001 690
1587041326613 1001 691
1587041333054 1001 692
1587041339439 1001 693
1587041345862 1001 694
1587041352154 1001 695
1587041358670 1001 696
1587041365230 1001 697
1587041371743 1001 698
1587041378229 1001 699
1587041384558 1001 700
1587041391251 1001 701
1587041397566 1001 702
1587041403986 1001 703
1587041410522 1001 704
1587041417127 1001 705
1587041423760 1001 706
1587041430284 1001 707
1587041436710 1001 708
1587041443080 1001 709
1587041449549 1001 710
1587041456074 1001 711
1587041462548 1001 712
1587041468992 1001 713
1587041475463 1001 714
1587041481953 1001 715
1587041488294 1001 716
1587041494652 1001 717
1587041501073 1001 718
1587041507461 1001 719
1587041513858 1001 720
1587041520235 1001 721
1587041526746 1001 722
1587041533230 1001 723
1587041539830 1001 724
1587041546402 1001 725
1587041552968 1001 726
1587041559577 1001 727
1587041566041 1001 728
1587041572407 1001 729
1587041579149 1001 730
1587041585642 1001 731
1587041592046 1001 732
1587041598521 1001 733
1587041605040 1001 734
1587041611716 1001 735
1587041619718 1001 736
1587041626463 1001 737
1587041632832 1001 738
1587041639236 1001 739
1587041645762 1001 740
1587041652100 1001 741
1587041658622 1001 742
1587041665022 1001 743
1587041671407 1001 744
1587041677796 1001 745
1587041684268 1001 746
1587041690789 1001 747
1587041697132 1001 748
1587041703519 1001 749
1587041709992 1001 750
1587041716576 1001 751
1587041723060 1001 752
1587041729479 1001 753
1587041735864 1001 754
1587041742237 1001 755
1587041748653 1001 756
1587041755071 1001 757
1587041761557 1001 758
1587041768047 1001 759
1587041774745 1001 760
1587041781159 1001 761
1587041787545 1001 762
1587041793990 1001 763
1587041800398 1001 764
1587041806729 1001 765
1587041813070 1001 766
1587041819513 1001 767
1587041826013 1001 768
1587041832400 1001 769
1587041838900 1001 770
1587041845627 1001 771
1587041852976 1001 772
1587041859729 1001 773
1587041866057 1001 774
1587041872485 1001 775
1587041878880 1001 776
1587041885350 1001 777
1587041891964 1001 778
1587041898472 1001 779
1587041905051 1001 780
1587041911481 1001 781
1587041917941 1001 782
1587041924350 1001 783
1587041930861 1001 784
1587041937365 1001 785
1587041943837 1001 786
1587041950256 1001 787
1587041956821 1001 788
1587041963429 1001 789
1587041970012 1001 790
1587041976465 1001 791
1587041982980 1001 792
1587041989401 1001 793
1587041995919 1001 794
1587042002409 1001 795
1587042009044 1001 796
1587042015620 1001 797
1587042022478 1001 798
1587042029095 1001 799
1587042035663 1001 800
1587042042537 1001 801
1587042048954 1001 802
1587042055277 1001 803
1587042061771 1001 804
1587042068109 1001 805
1587042074623 1001 806
1587042081102 1001 807
1587042087665 1001 808
1587042094067 1001 809
1587042100391 1001 810
1587042106808 1001 811
1587042113170 1001 812
1587042119505 1001 813
1587042126047 1001 814
1587042132581 1001 815
1587042139057 1001 816
1587042145540 1001 817
1587042151926 1001 818
1587042158363 1001 819
1587042164727 1001 820
1587042171193 1001 821
1587042177646 1001 822
1587042184026 1001 823
1587042190229 1001 824
1587042196616 1001 825
1587042202952 1001 826
1587042209406 1001 827
1587042216023 1001 828
1587042222816 1001 829
1587042229200 1001 830
1587042235603 1001 831
1587042242046 1001 832
1587042248569 1001 833
1587042255292 1001 834
1587042261629 1001 835
1587042268167 1001 836
1587042274529 1001 837
1587042280935 1001 838
1587042287438 1001 839
1587042293818 1001 840
1587042300276 1001 841
1587042306720 1001 842
1587042313125 1001 843
1587042319582 1001 844
1587042325977 1001 845
1587042332363 1001 846
1587042338850 1001 847
1587042345114 1001 848
1587042351587 1001 849
1587042357992 1001 850
1587042364496 1001 851
1587042370983 1001 852
1587042377433 1001 853
1587042383884 1001 854
1587042390370 1001 855
1587042396914 1001 856
1587042403361 1001 857
1587042409821 1001 858
1587042416147 1001 859
1587042422443 1001 860
1587042428815 1001 861
1587042435199 1001 862
1587042441706 1001 863
1587042448207 1001 864
1587042454684 1001 865
1587042461192 1001 866
1587042467588 1001 867
1587042474374 1001 868
1587042480763 1001 869
1587042487311 1001 870
1587042493850 1001 871
1587042500288 1001 872
1587042506631 1001 873
1587042513062 1001 874
1587042519560 1001 875
1587042526076 1001 876
1587042532508 1001 877
1587042538942 1001 878
1587042545392 1001 879
1587042551752 1001 880
1587042558093 1001 881
1587042564517 1001 882
1587042570966 1001 883
1587042577355 1001 884
1587042583842 1001 885
1587042590230 1001 886
1587042596716 1001 887
1587042603183 1001 888
1587042609701 1001 889
1587042616071 1001 890
1587042622658 1001 891
1587042629055 1001 892
1587042635439 1001 893
1587042641785 1001 894
1587042648169 1001 895
1587042654650 1001 896
1587042661015 1001 897
1587042667407 1001 898
1587042673791 1001 899
1587042680179 1001 900
1587042686863 1001 901
1587042693053 1001 902
1587042699450 1001 903
1587042705997 1001 904
1587042712467 1001 905
1587042718988 1001 906
1587042725480 1001 907
1587042732135 1001 908
1587042738596 1001 909
1587042745013 1001 910
1587042751614 1001 911
1587042758067 1001 912
1587042764569 1001 913
1587042770956 1001 914
1587042777407 1001 915
1587042783766 1001 916
1587042790233 1001 917
1587042797003 1001 918
1587042804273 1001 919
1587042810687 1001 920
1587042817301 1001 921
1587042824894 1001 922
1587042831843 1001 923
1587042838390 1001 924
1587042844813 1001 925
1587042851096 1001 926
1587042857621 1001 927
1587042864018 1001 928
1587042870368 1001 929
1587042876813 1001 930
1587042883225 1001 931
1587042889580 1001 932
1587042896012 1001 933
1587042902454 1001 934
1587042908939 1001 935
1587042915355 1001 936
1587042921764 1001 937
1587042928130 1001 938
1587042934548 1001 939
1587042940994 1001 940
1587042947411 1001 941
1587042953808 1001 942
1587042960285 1001 943
1587042966699 1001 944
1587042973110 1001 945
1587042979666 1001 946
1587042986043 1001 947
1587042992582 1001 948
1587042998994 1001 949
1587043005526 1001 950
1587043011922 1001 951
1587043018357 1001 952
1587043024725 1001 953
1587043031149 1001 954
1587043037529 1001 955
1587043043904 1001 956
1587043050504 1001 957
1587043056984 1001 958
1587043063373 1001 959
1587043069845 1001 960
1587043076322 1001 961
1587043082795 1001 962
1587043095477 1001 963
1587043103185 1001 964
1587043111067 1001 965
1587043119013 1001 966
1587043126860 1001 967
1587043134803 1001 968
1587043142648 1001 969
1587043152298 1001 970
1587043160052 1001 971
1587043167890 1001 972
1587043175887 1001 973
1587043183865 1001 974
1587043191752 1001 975
1587043199487 1001 976
1587043207226 1001 977
1587043215012 1001 978
1587043222747 1001 979
1587043230549 1001 980
1587043238202 1001 981
1587043245959 1001 982
1587043253963 1001 983
1587043269896 1001 984
1587043281549 1001 985
1587043291237 1001 986
1587043303260 1001 987
1587043317179 1001 988
1587043326886 1001 989
1587043337406 1001 990
1587043350088 1001 991
1587043361803 1001 992
1587043372966 1001 993
1587043383012 1001 994
1587043393680 1001 995
1587043404925 1001 996
1587043414143 1001 997
1587043435089 1001 998
1587043448212 1001 999
1587043469601 1001 1000
1587043496088 1001 1001
1587043506875 1001 1002
1587043515998 1001 1003
1587043524902 1001 1004
1587043538225 1001 1005
1587043554907 1001 1006
1587043565164 1001 1007
1587043574537 1001 1008
1587043588844 1001 1009
1587043603033 1001 1010
1587043615304 1001 1011
1587043627510 1001 1012
1587043639651 1001 1013
1587043649913 1001 1014
1587043658738 1001 1015
1587043667587 1001 1016
1587043676376 1001 1017
1587043685182 1001 1018
1587043694185 1001 1019
1587043702941 1001 1020
1587043711530 1001 1021
1587043726912 1001 1022
1587043734705 1001 1023
1587043742166 1001 1024
1587043751515 1001 1025
1587043764159 1001 1026
1587043780125 1001 1027
1587043795956 1001 1028
1587043807572 1001 1029
1587043818992 1001 1030
1587043830711 1001 1031
1587043841998 1001 1032
1587043853571 1001 1033
1587043864999 1001 1034
1587043876253 1001 1035
1587043887919 1001 1036
1587043899719 1001 1037
1587043911475 1001 1038
1587043923278 1001 1039
1587043934868 1001 1040
1587043946581 1001 1041
1587043957914 1001 1042
1587043969414 1001 1043
1587043980939 1001 1044
1587043992680 1001 1045
1587044004185 1001 1046
1587044019111 1001 1047
1587044033243 1001 1048
1587044045973 1001 1049
1587044057891 1001 1050
1587044069254 1001 1051
1587044080452 1001 1052
1587044092105 1001 1053
1587044104027 1001 1054
1587044115494 1001 1055
1587044126987 1001 1056
1587044137999 1001 1057
1587044150187 1001 1058
1587044158159 1001 1059
1587044165141 1001 1060
1587044171976 1001 1061
1587044178851 1001 1062
1587044185810 1001 1063
1587044192739 1001 1064
1587044203187 1001 1065
1587044213860 1001 1066
1587044220925 1001 1067
1587044229208 1001 1068
1587044236394 1001 1069
1587044243196 1001 1070
1587044250070 1001 1071
1587044256968 1001 1072
1587044263771 1001 1073
1587044270677 1001 1074
1587044279799 1001 1075
1587044287129 1001 1076
1587044296013 1001 1077
1587044302733 1001 1078
1587044309437 1001 1079
1587044316212 1001 1080
1587044322976 1001 1081
1587044329758 1001 1082
1587044336586 1001 1083
1587044343375 1001 1084
1587044350078 1001 1085
1587044356833 1001 1086
1587044363620 1001 1087
1587044370772 1001 1088
1587044377352 1001 1089
1587044384176 1001 1090
1587044390915 1001 1091
1587044397515 1001 1092
1587044404281 1001 1093
1587044413503 1001 1094
1587044421675 1001 1095
1587044428590 1001 1096
1587044435206 1001 1097
1587044441861 1001 1098
1587044448693 1001 1099
1587044459051 1001 1100
1587044467819 1001 1101
1587044475434 1001 1102
1587044483104 1001 1103
1587044491576 1001 1104
1587044500272 1001 1105
1587044507080 1001 1106
1587044513779 1001 1107
1587044520452 1001 1108
1587044527168 1001 1109
1587044534173 1001 1110
1587044541009 1001 1111
1587044547754 1001 1112
1587044554577 1001 1113
1587044561298 1001 1114
1587044568077 1001 1115
1587044576313 1001 1116
1587044584685 1001 1117
1587044594305 1001 1118
1587044601393 1001 1119
1587044609676 1001 1120
1587044617058 1001 1121
1587044624143 1001 1122
1587044630897 1001 1123
1587044638015 1001 1124
1587044644852 1001 1125
1587044651722 1001 1126
1587044658494 1001 1127
1587044665393 1001 1128
1587044672125 1001 1129
1587044678949 1001 1130
1587044685826 1001 1131
1587044692882 1001 1132
1587044699727 1001 1133
1587044706723 1001 1134
1587044713609 1001 1135
1587044720563 1001 1136
1587044727414 1001 1137
1587044734319 1001 1138
1587044741121 1001 1139
1587044748169 1001 1140
1587044754894 1001 1141
1587044761723 1001 1142
1587044768509 1001 1143
1587044775327 1001 1144
1587044787759 1001 1145
1587044803395 1001 1146
1587044814707 1001 1147
1587044826146 1001 1148
1587044837796 1001 1149
1587044850043 1001 1150
1587044861312 1001 1151
1587044872954 1001 1152
1587044884681 1001 1153
1587044896308 1001 1154
1587044907755 1001 1155
1587044919193 1001 1156
1587044930434 1001 1157
1587044941636 1001 1158
1587044953141 1001 1159
1587044964553 1001 1160
1587044976066 1001 1161
1587044987511 1001 1162
1587044999203 1001 1163
1587045010675 1001 1164
1587045022582 1001 1165
1587045033551 1001 1166
1587045044351 1001 1167
1587045056078 1001 1168
1587045074105 1001 1169
1587045086038 1001 1170
1587045098572 1001 1171
1587045110452 1001 1172
1587045122434 1001 1173
1587045134339 1001 1174
1587045145738 1001 1175
1587045156900 1001 1176
1587045168598 1001 1177
1587045180441 1001 1178
1587045192274 1001 1179
1587045207624 1001 1180
1587045220488 1001 1181
1587045234037 1001 1182
1587045246120 1001 1183
1587045257914 1001 1184
1587045265213 1001 1185
1587045271955 1001 1186
1587045278707 1001 1187
1587045285447 1001 1188
1587045292492 1001 1189
1587045299341 1001 1190
1587045306132 1001 1191
1587045312905 1001 1192
1587045319608 1001 1193
1587045326374 1001 1194
1587045333042 1001 1195
1587045339747 1001 1196
1587045346395 1001 1197
1587045353147 1001 1198
1587045359768 1001 1199
1587045366583 1001 1200
1587045373670 1001 1201
1587045380556 1001 1202
1587045387442 1001 1203
1587045394241 1001 1204
1587045400840 1001 1205
1587045407516 1001 1206
1587045414151 1001 1207
1587045420905 1001 1208
1587045427532 1001 1209
1587045434270 1001 1210
1587045440976 1001 1211
1587045447763 1001 1212
1587045454429 1001 1213
1587045461168 1001 1214
1587045467966 1001 1215
1587045474704 1001 1216
1587045481474 1001 1217
1587045488160 1001 1218
1587045495012 1001 1219
1587045501684 1001 1220
1587045508475 1001 1221
1587045515267 1001 1222
1587045521920 1001 1223
1587045528682 1001 1224
1587045535423 1001 1225
1587045542142 1001 1226
1587045548886 1001 1227
1587045555628 1001 1228
1587045562402 1001 1229
1587045569152 1001 1230
1587045575834 1001 1231
1587045582555 1001 1232
1587045589191 1001 1233
1587045596092 1001 1234
1587045602862 1001 1235
1587045609612 1001 1236
1587045616268 1001 1237
1587045623006 1001 1238
1587045629706 1001 1239
1587045636391 1001 1240
1587045643136 1001 1241
1587045649919 1001 1242
1587045656668 1001 1243
1587045663360 1001 1244
1587045670079 1001 1245
1587045676720 1001 1246
1587045683489 1001 1247
1587045690271 1001 1248
1587045697010 1001 1249
1587045703799 1001 1250
1587045710479 1001 1251
1587045717215 1001 1252
1587045723985 1001 1253
1587045730598 1001 1254
1587045737357 1001 1255
1587045744024 1001 1256
1587045750679 1001 1257
1587045757307 1001 1258
1587045764076 1001 1259
1587045770847 1001 1260
1587045777514 1001 1261
1587045784322 1001 1262
1587045791091 1001 1263
1587045797858 1001 1264
1587045804562 1001 1265
1587045811343 1001 1266
1587045818049 1001 1267
1587045824814 1001 1268
1587045831652 1001 1269
1587045838355 1001 1270
1587045845045 1001 1271
1587045852045 1001 1272
1587045858778 1001 1273
1587045865501 1001 1274
1587045872036 1001 1275
1587045878681 1001 1276
1587045885504 1001 1277
1587045892225 1001 1278
1587045898864 1001 1279
1587045905710 1001 1280
1587045912323 1001 1281
1587045919054 1001 1282
1587045925739 1001 1283
1587045932415 1001 1284
1587045938970 1001 1285
1587045945642 1001 1286
1587045952228 1001 1287
1587045958709 1001 1288
1587045965308 1001 1289
1587045971903 1001 1290
1587045978584 1001 1291
1587045985318 1001 1292
1587045992025 1001 1293
1587045998679 1001 1294
1587046005332 1001 1295
1587046011884 1001 1296
1587046018449 1001 1297
1587046025214 1001 1298
1587046031817 1001 1299
1587046038487 1001 1300
1587046045306 1001 1301
1587046052040 1001 1302
1587046058659 1001 1303
1587046065362 1001 1304
1587046071964 1001 1305
1587046078592 1001 1306
1587046085304 1001 1307
1587046091962 1001 1308
1587046098605 1001 1309
1587046105361 1001 1310
1587046112067 1001 1311
1587046118716 1001 1312
1587046125432 1001 1313
1587046132172 1001 1314
1587046138823 1001 1315
1587046145442 1001 1316
1587046152044 1001 1317
1587046158746 1001 1318
1587046165347 1001 1319
1587046172114 1001 1320
1587046178716 1001 1321
1587046185335 1001 1322
1587046192118 1001 1323
1587046198854 1001 1324
1587046205690 1001 1325
1587046212374 1001 1326
1587046219127 1001 1327
1587046225831 1001 1328
1587046232466 1001 1329
1587046239208 1001 1330
1587046245795 1001 1331
1587046252457 1001 1332
1587046259060 1001 1333
1587046265681 1001 1334
1587046272165 1001 1335
1587046278848 1001 1336
1587046285488 1001 1337
1587046292089 1001 1338
1587046298745 1001 1339
1587046305423 1001 1340
1587046312082 1001 1341
1587046318668 1001 1342
1587046325432 1001 1343
1587046332160 1001 1344
1587046338619 1001 1345
1587046345121 1001 1346
1587046351622 1001 1347
1587046358363 1001 1348
1587046364983 1001 1349
1587046371576 1001 1350
1587046378372 1001 1351
1587046385124 1001 1352
1587046392029 1001 1353
1587046398678 1001 1354
1587046405316 1001 1355
1587046411818 1001 1356
1587046418454 1001 1357
1587046425020 1001 1358
1587046431757 1001 1359
1587046438423 1001 1360
1587046445224 1001 1361
1587046452260 1001 1362
1587046458907 1001 1363
1587046465680 1001 1364
1587046472306 1001 1365
1587046479038 1001 1366
1587046485692 1001 1367
1587046492456 1001 1368
1587046499142 1001 1369
1587046505979 1001 1370
1587046512600 1001 1371
1587046519373 1001 1372
1587046525999 1001 1373
1587046532687 1001 1374
1587046539295 1001 1375
1587046545914 1001 1376
1587046552429 1001 1377
1587046559066 1001 1378
1587046565681 1001 1379
1587046572300 1001 1380
1587046578971 1001 1381
1587046585582 1001 1382
1587046592277 1001 1383
1587046598811 1001 1384
1587046605527 1001 1385
1587046612147 1001 1386
1587046618753 1001 1387
1587046625415 1001 1388
1587046632155 1001 1389
1587046638771 1001 1390
1587046645325 1001 1391
1587046652093 1001 1392
1587046658714 1001 1393
1587046665348 1001 1394
1587046672008 1001 1395
1587046678736 1001 1396
1587046685405 1001 1397
1587046692095 1001 1398
1587046698824 1001 1399
1587046705542 1001 1400
1587046712565 1001 1401
1587046719181 1001 1402
1587046725924 1001 1403
1587046732703 1001 1404
1587046739341 1001 1405
1587046746215 1001 1406
1587046753014 1001 1407
1587046759784 1001 1408
1587046766924 1001 1409
1587046774143 1001 1410
1587046781245 1001 1411
1587046788304 1001 1412
1587046795108 1001 1413
1587046801917 1001 1414
1587046808647 1001 1415
1587046815432 1001 1416
1587046822136 1001 1417
1587046828922 1001 1418
1587046835573 1001 1419
1587046842344 1001 1420
1587046848960 1001 1421
1587046855677 1001 1422
1587046862367 1001 1423
1587046869081 1001 1424
1587046875768 1001 1425
1587046882390 1001 1426
1587046888873 1001 1427
1587046895610 1001 1428
1587046902310 1001 1429
1587046908998 1001 1430
1587046915665 1001 1431
1587046922467 1001 1432
1587046929106 1001 1433
1587046935940 1001 1434
1587046942609 1001 1435
1587046949293 1001 1436
1587046955896 1001 1437
1587046962566 1001 1438
1587046969150 1001 1439
1587046975898 1001 1440
1587046982468 1001 1441
1587046989122 1001 1442
1587046995802 1001 1443
1587047002440 1001 1444
1587047009100 1001 1445
1587047015745 1001 1446
1587047022501 1001 1447
1587047029388 1001 1448
1587047036070 1001 1449
1587047042816 1001 1450
1587047049443 1001 1451
1587047056441 1001 1452
1587047063280 1001 1453
1587047070718 1001 1454
1587047077941 1001 1455
1587047084718 1001 1456
1587047091274 1001 1457
1587047097890 1001 1458
1587047104613 1001 1459
1587047111239 1001 1460
1587047117882 1001 1461
1587047124535 1001 1462
1587047131099 1001 1463
1587047137940 1001 1464
1587047144727 1001 1465
1587047151494 1001 1466
1587047158212 1001 1467
1587047165030 1001 1468
1587047174100 1001 1469
1587047181034 1001 1470
1587047187740 1001 1471
1587047194452 1001 1472
1587047201156 1001 1473
1587047207818 1001 1474
1587047214381 1001 1475
1587047221147 1001 1476
1587047227782 1001 1477
1587047234400 1001 1478
1587047241004 1001 1479
1587047247684 1001 1480
1587047254425 1001 1481
1587047261108 1001 1482
1587047267826 1001 1483
1587047274495 1001 1484
1587047281165 1001 1485
1587047287934 1001 1486
1587047294539 1001 1487
1587047302076 1001 1488
1587047308779 1001 1489
1587047315484 1001 1490
1587047428222 1001 1491
1587047435310 1001 1492
1587047444594 1001 1493
1587047453828 1001 1494
1587047462521 1001 1495
1587047471314 1001 1496
1587048812350 1001 1497
1587048821829 1001 1498
1587048830435 1001 1499
1587048841142 1001 1500
1587048864313 1001 1501
1587048871558 1001 1502
1587048880840 1001 1503
1587048894517 1001 1504
1587048904894 1001 1505
1587048912890 1001 1506
1587048920734 1001 1507
1587048931777 1001 1508
1587048946942 1001 1509
1587048963370 1001 1510
1587048973873 1001 1511
1587048984421 1001 1512
1587048991307 1001 1513
1587048998144 1001 1514
1587049005398 1001 1515
1587049013534 1001 1516
1587049029534 1001 1517
1587049043657 1001 1518
1587049060244 1001 1519
1587049078905 1001 1520
1587049087896 1001 1521
1587049097327 1001 1522
1587049105717 1001 1523
1587049113899 1001 1524
1587049122462 1001 1525
1587049132442 1001 1526
1587049140794 1001 1527
1587049149566 1001 1528
1587049157992 1001 1529
1587049167989 1001 1530
1587049176043 1001 1531
1587049183654 1001 1532
1587049192267 1001 1533
1587049199523 1001 1534
1587049206644 1001 1535
1587049214189 1001 1536
1587049221283 1001 1537
1587049228319 1001 1538
1587049235392 1001 1539
1587049242408 1001 1540
1587049249466 1001 1541
1587049256575 1001 1542
1587049263505 1001 1543
1587049270574 1001 1544
1587049277736 1001 1545
1587049285971 1001 1546
1587049293019 1001 1547
1587049299987 1001 1548
1587049306812 1001 1549
1587049313826 1001 1550
1587049320793 1001 1551
1587049327812 1001 1552
1587049334815 1001 1553
1587049341516 1001 1554
1587049347936 1001 1555
1587049355108 1001 1556
1587049365197 1001 1557
1587049373597 1001 1558
1587049382615 1001 1559
1587049391313 1001 1560
1587049398262 1001 1561
1587049405331 1001 1562
1587049412456 1001 1563
1587049419573 1001 1564
1587049426180 1001 1565
1587049433145 1001 1566
1587049440597 1001 1567
1587049449414 1001 1568
1587049458151 1001 1569
1587049471325 1001 1570
1587049479023 1001 1571
1587049488412 1001 1572
1587049499765 1001 1573
1587049506911 1001 1574
1587049513780 1001 1575
1587049520469 1001 1576
1587049527155 1001 1577
1587049533820 1001 1578
1587049541344 1001 1579
1587049549517 1001 1580
1587049556446 1001 1581
1587049563301 1001 1582
1587049572268 1001 1583
1587049580733 1001 1584
1587049588175 1001 1585
1587049595827 1001 1586
1587049602790 1001 1587
1587049609969 1001 1588
1587049617377 1001 1589
1587049625139 1001 1590
1587049632765 1001 1591
1587049640323 1001 1592
1587049647546 1001 1593
1587049655236 1001 1594
1587049662918 1001 1595
1587049670158 1001 1596
1587049677452 1001 1597
1587049685252 1001 1598
1587049692373 1001 1599
1587049702296 1001 1600
1587049714789 1001 1601
1587049726911 1001 1602
1587049734362 1001 1603
1587049743380 1001 1604
1587049754610 1001 1605
1587049761371 1001 1606
1587049768429 1001 1607
1587049775688 1001 1608
1587049782359 1001 1609
1587049789274 1001 1610
1587049797296 1001 1611
1587049804557 1001 1612
1587049811776 1001 1613
1587049821392 1001 1614
1587049827869 1001 1615
1587049834230 1001 1616
1587049841109 1001 1617
1587049848346 1001 1618
1587049858004 1001 1619
1587049866417 1001 1620
1587049873330 1001 1621
1587049881172 1001 1622
1587049888572 1001 1623
1587049895588 1001 1624
1587049906598 1001 1625
1587049916681 1001 1626
1587049923811 1001 1627
1587049931074 1001 1628
1587049940424 1001 1629
1587049948235 1001 1630
1587049956624 1001 1631
1587049963669 1001 1632
1587049971983 1001 1633
1587049980363 1001 1634
1587049987299 1001 1635
1587049994899 1001 1636
1587050001738 1001 1637
1587050008858 1001 1638
1587050017199 1001 1639
1587050025304 1001 1640
1587050044180 1001 1641
1587050053350 1001 1642
1587050060957 1001 1643
1587050068543 1001 1644
1587050075646 1001 1645
1587050083366 1001 1646
1587050093014 1001 1647
1587050102210 1001 1648
1587050110009 1001 1649
1587050118727 1001 1650
1587050126952 1001 1651
1587050134539 1001 1652
1587050142005 1001 1653
1587050152811 1001 1654
1587050165399 1001 1655
1587050177843 1001 1656
1587050187373 1001 1657
1587050198479 1001 1658
1587050206877 1001 1659
1587050214393 1001 1660
1587050224037 1001 1661
1587050235677 1001 1662
1587050244440 1001 1663
1587050251559 1001 1664
1587050258983 1001 1665
1587050266482 1001 1666
1587050273522 1001 1667
1587050282639 1001 1668
1587050307195 1001 1669
1587050316232 1001 1670
1587050326017 1001 1671
1587050333245 1001 1672
1587050341016 1001 1673
1587050348417 1001 1674
1587050356423 1001 1675
1587050363247 1001 1676
1587050371445 1001 1677
1587050379495 1001 1678
1587050387177 1001 1679
1587050394746 1001 1680
1587050402107 1001 1681
1587050409525 1001 1682
1587050416928 1001 1683
1587050424138 1001 1684
1587050431909 1001 1685
1587050438980 1001 1686
1587050446452 1001 1687
1587050453516 1001 1688
1587050460904 1001 1689
1587050468294 1001 1690
1587050476149 1001 1691
1587050484048 1001 1692
1587050491590 1001 1693
1587050499766 1001 1694
1587050507687 1001 1695
1587050515688 1001 1696
1587050522973 1001 1697
1587050530539 1001 1698
1587050537850 1001 1699
1587050548107 1001 1700
1587050564098 1001 1701
1587050573617 1001 1702
1587050581834 1001 1703
1587050589185 1001 1704
1587050597304 1001 1705
1587050604176 1001 1706
1587050611899 1001 1707
1587050620034 1001 1708
1587050628175 1001 1709
1587050635894 1001 1710
1587050644469 1001 1711
1587050651460 1001 1712
1587050658603 1001 1713
1587050668982 1001 1714
1587050679326 1001 1715
1587050687643 1001 1716
1587050696620 1001 1717
1587050703954 1001 1718
1587050711458 1001 1719
1587050718457 1001 1720
1587050726212 1001 1721
1587050733898 1001 1722
1587050741281 1001 1723
1587050748713 1001 1724
1587050756020 1001 1725
1587050763402 1001 1726
1587050770139 1001 1727
1587050776786 1001 1728
1587050783475 1001 1729
1587050789896 1001 1730
1587050796431 1001 1731
1587050802898 1001 1732
1587050809539 1001 1733
1587050816604 1001 1734
1587050828175 1001 1735
1587050842660 1001 1736
1587050849862 1001 1737
1587050861381 1001 1738
1587050868374 1001 1739
1587050875517 1001 1740
1587050883054 1001 1741
1587050890488 1001 1742
1587050897925 1001 1743
1587050904689 1001 1744
1587050911630 1001 1745
1587050922428 1001 1746
1587050934774 1001 1747
1587050946902 1001 1748
1587050961949 1001 1749
1587050974273 1001 1750
1587050983810 1001 1751
1587050992846 1001 1752
1587051001097 1001 1753
1587051014194 1001 1754
1587051024936 1001 1755
1587051039077 1001 1756
1587051047606 1001 1757
1587051055118 1001 1758
1587051065402 1001 1759
1587051075118 1001 1760
1587051083324 1001 1761
1587051090987 1001 1762
1587051101476 1001 1763
1587051109578 1001 1764
1587051119171 1001 1765
1587051129864 1001 1766
1587051138065 1001 1767
1587051145633 1001 1768
1587051153535 1001 1769
1587051160606 1001 1770
1587051167838 1001 1771
1587051177296 1001 1772
1587051191878 1001 1773
1587051199071 1001 1774
1587051207863 1001 1775
1587051215680 1001 1776
1587051222658 1001 1777
1587051229338 1001 1778
1587051235956 1001 1779
1587051242567 1001 1780
1587051249304 1001 1781
1587051256127 1001 1782
1587051262698 1001 1783
1587051269164 1001 1784
1587051275836 1001 1785
1587051282354 1001 1786
1587051289090 1001 1787
1587051295867 1001 1788
1587051304029 1001 1789
1587051311658 1001 1790
1587051319296 1001 1791
1587051328224 1001 1792
1587051335436 1001 1793
1587051342823 1001 1794
1587051350691 1001 1795
1587051358299 1001 1796
1587051365014 1001 1797
1587051371735 1001 1798
1587051378851 1001 1799
1587051385451 1001 1800
1587051392439 1001 1801
1587051399044 1001 1802
1587051405694 1001 1803
1587051412292 1001 1804
1587051418878 1001 1805
1587051425450 1001 1806
1587051431985 1001 1807
1587051438702 1001 1808
1587051446357 1001 1809
1587051453661 1001 1810
1587051460846 1001 1811
1587051468254 1001 1812
1587051475799 1001 1813
1587051483225 1001 1814
1587051491590 1001 1815
1587051498696 1001 1816
1587051506660 1001 1817
1587051513962 1001 1818
1587051521648 1001 1819
1587051533195 1001 1820
1587051540198 1001 1821
1587051554066 1001 1822
1587051563487 1001 1823
1587051576461 1001 1824
1587051587011 1001 1825
1587051596148 1001 1826
1587051603631 1001 1827
1587051614683 1001 1828
1587051622036 1001 1829
1587051630218 1001 1830
1587051637724 1001 1831
1587051653089 1001 1832
1587051667603 1001 1833
1587051677447 1001 1834
1587051685268 1001 1835
1587051694318 1001 1836
1587051703640 1001 1837
1587051713066 1001 1838
1587051722350 1001 1839
1587051732748 1001 1840
1587051741284 1001 1841
1587051750204 1001 1842
1587051761877 1001 1843
1587051780669 1001 1844
1587051789910 1001 1845
1587051798337 1001 1846
1587051811180 1001 1847
1587051828397 1001 1848
1587051835822 1001 1849
1587051844286 1001 1850
1587051852037 1001 1851
1587051859236 1001 1852
1587051867177 1001 1853
1587051875133 1001 1854
1587051888776 1001 1855
1587051903399 1001 1856
1587051917262 1001 1857
1587051930686 1001 1858
1587051942538 1001 1859
1587051967004 1001 1860
1587051974457 1001 1861
1587051982235 1001 1862
1587051989076 1001 1863
1587051997231 1001 1864
1587052007558 1001 1865
1587052019047 1001 1866
1587052026625 1001 1867
1587052034486 1001 1868
1587052042494 1001 1869
1587052054238 1001 1870
1587052064573 1001 1871
1587052072516 1001 1872
1587052081590 1001 1873
1587052088764 1001 1874
1587052096876 1001 1875
1587052110939 1001 1876
1587052131086 1001 1877
1587052151312 1001 1878
1587052165862 1001 1879
1587052179039 1001 1880
1587052196704 1001 1881
1587052211613 1001 1882
1587052224134 1001 1883
1587052234815 1001 1884
1587052246330 1001 1885
1587052255574 1001 1886
1587052264425 1001 1887
1587052276354 1001 1888
1587052286138 1001 1889
1587052294975 1001 1890
1587052303170 1001 1891
1587052311189 1001 1892
1587052318514 1001 1893
1587052325541 1001 1894
1587052332669 1001 1895
1587052339809 1001 1896
1587052347596 1001 1897
1587052355212 1001 1898
1587052362528 1001 1899
1587052370085 1001 1900
1587052377918 1001 1901
1587052385489 1001 1902
1587052393460 1001 1903
1587052402246 1001 1904
1587052411365 1001 1905
1587052421661 1001 1906
1587052430488 1001 1907
1587052439245 1001 1908
1587052447823 1001 1909
1587052455955 1001 1910
1587052465765 1001 1911
1587052476910 1001 1912
1587052484650 1001 1913
1587052493042 1001 1914
1587052501580 1001 1915
1587052510514 1001 1916
1587052519172 1001 1917
1587052527499 1001 1918
1587052537866 1001 1919
1587052547750 1001 1920
1587052558080 1001 1921
1587052568124 1001 1922
1587052577811 1001 1923
1587052586310 1001 1924
1587052595035 1001 1925
1587052602468 1001 1926
1587052610015 1001 1927
1587052617685 1001 1928
1587052625288 1001 1929
1587052633088 1001 1930
1587052641846 1001 1931
1587052651208 1001 1932
1587052661148 1001 1933
1587052677794 1001 1934
1587052689348 1001 1935
1587052710269 1001 1936
1587052731361 1001 1937
1587052741927 1001 1938
1587052751837 1001 1939
1587052762057 1001 1940
1587052771568 1001 1941
1587052782946 1001 1942
1587052794952 1001 1943
1587052805281 1001 1944
1587052815050 1001 1945
1587052823136 1001 1946
1587052831395 1001 1947
1587052839227 1001 1948
1587052847488 1001 1949
1587052855434 1001 1950
1587052863367 1001 1951
1587052871871 1001 1952
1587052880089 1001 1953
1587052888162 1001 1954
1587052896150 1001 1955
1587052904216 1001 1956
1587052912323 1001 1957
1587052920374 1001 1958
1587052928378 1001 1959
1587052936492 1001 1960
1587052944444 1001 1961
1587052952253 1001 1962
1587052960201 1001 1963
1587052968171 1001 1964
1587052976740 1001 1965
1587052984620 1001 1966
1587052992570 1001 1967
1587053000488 1001 1968
1587053008542 1001 1969
1587053016420 1001 1970
1587053032633 1001 1971
1587053075197 1001 1972
1587053084351 1001 1973
1587053092467 1001 1974
1587053100594 1001 1975
1587053108796 1001 1976
1587053116397 1001 1977
1587053123349 1001 1978
1587053130910 1001 1979
1587053140411 1001 1980
1587053153360 1001 1981
1587053162772 1001 1982
1587053174083 1001 1983
1587053190779 1001 1984
1587053199560 1001 1985
1587053207862 1001 1986
1587053216403 1001 1987
1587053224772 1001 1988
1587053233227 1001 1989
1587053241595 1001 1990
1587053249701 1001 1991
1587053258043 1001 1992
1587053266658 1001 1993
1587053275386 1001 1994
1587053283595 1001 1995
1587053291864 1001 1996
1587053300436 1001 1997
1587053308659 1001 1998
1587053317001 1001 1999
1587053325168 1001 2000
1587053333930 1001 2001
1587053342401 1001 2002
1587053350688 1001 2003
1587053359124 1001 2004
1587053367327 1001 2005
1587053376037 1001 2006
1587053384190 1001 2007
1587053392575 1001 2008
1587053400997 1001 2009
1587053409577 1001 2010
1587053417772 1001 2011
1587053426051 1001 2012
1587053434241 1001 2013
1587053443070 1001 2014
1587053451390 1001 2015
1587053460038 1001 2016
1587053468217 1001 2017
1587053477371 1001 2018
1587053485972 1001 2019
1587053494378 1001 2020
1587053502630 1001 2021
1587053511331 1001 2022
1587053519587 1001 2023
1587053527951 1001 2024
1587053536318 1001 2025
1587053544567 1001 2026
1587053553391 1001 2027
1587053561650 1001 2028
1587053569918 1001 2029
1587053578198 1001 2030
1587053587177 1001 2031
1587053595480 1001 2032
1587053603634 1001 2033
1587053611859 1001 2034
1587053620758 1001 2035
1587053627858 1001 2036
1587053637570 1001 2037
1587053645759 1001 2038
1587053653572 1001 2039
1587053664463 1001 2040
1587053683827 1001 2041
1587053697249 1001 2042
1587053714386 1001 2043
1587053732135 1001 2044
1587053755708 1001 2045
1587053773783 1001 2046
1587053803105 1001 2047
1587053825828 1001 2048
1587053841119 1001 2049
1587053864707 1001 2050
1587053887880 1001 2051
1587053921866 1001 2052
1587053944516 1001 2053
1587053960683 1001 2054
1587053975526 1001 2055
1587053995599 1001 2056
1587054003825 1001 2057
1587054012422 1001 2058
1587054026630 1001 2059
1587054037282 1001 2060
1587054047401 1001 2061
1587054057098 1001 2062
1587054067361 1001 2063
1587054077137 1001 2064
1587054085779 1001 2065
1587054102232 1001 2066
1587054119037 1001 2067
1587054132987 1001 2068
1587054143304 1001 2069
1587054153502 1001 2070
1587054162163 1001 2071
1587054172578 1001 2072
1587054185066 1001 2073
1587054194271 1001 2074
1587054206406 1001 2075
1587054217523 1001 2076
1587054227953 1001 2077
1587054239189 1001 2078
1587054248534 1001 2079
1587054255675 1001 2080
1587054262771 1001 2081
1587054271110 1001 2082
1587054279742 1001 2083
1587054288006 1001 2084
1587054296011 1001 2085
1587054304032 1001 2086
1587054311903 1001 2087
1587054321148 1001 2088
1587054331062 1001 2089
1587054338472 1001 2090
1587054345511 1001 2091
1587054360611 1001 2092
1587054377547 1001 2093
1587054389621 1001 2094
1587054407232 1001 2095
1587054417539 1001 2096
1587054427978 1001 2097
1587054440682 1001 2098
1587054448918 1001 2099
1587054462728 1001 2100
1587054474249 1001 2101
1587054484760 1001 2102
1587054496297 1001 2103
1587054506544 1001 2104
1587054515881 1001 2105
1587054524700 1001 2106
1587054533740 1001 2107
1587054551893 1001 2108
1587054564768 1001 2109
1587054578425 1001 2110
1587054588187 1001 2111
1587054597645 1001 2112
1587054607005 1001 2113
1587054618191 1001 2114
1587054627393 1001 2115
1587054635849 1001 2116
1587054644553 1001 2117
1587054657623 1001 2118
1587054666442 1001 2119
1587054675896 1001 2120
1587054690632 1001 2121
1587054704353 1001 2122
1587054719763 1001 2123
1587054732218 1001 2124
1587054740624 1001 2125
1587054748325 1001 2126
1587054762978 1001 2127
1587054773824 1001 2128
1587054784610 1001 2129
1587054794293 1001 2130
1587054803378 1001 2131
1587054813372 1001 2132
1587054824113 1001 2133
1587054833727 1001 2134
1587054846847 1001 2135
1587054855703 1001 2136
1587054866054 1001 2137
1587054874776 1001 2138
1587054884902 1001 2139
1587054900088 1001 2140
1587054913575 1001 2141
1587054927694 1001 2142
1587054938742 1001 2143
1587054949424 1001 2144
1587054967243 1001 2145
1587054979733 1001 2146
1587054989591 1001 2147
1587055001069 1001 2148
1587055012891 1001 2149
1587055026003 1001 2150
1587055036732 1001 2151
1587055048123 1001 2152
1587055066933 1001 2153
1587055078301 1001 2154
1587055092926 1001 2155
1587055102892 1001 2156
1587055112474 1001 2157
1587055123154 1001 2158
1587055136642 1001 2159
1587055151970 1001 2160
1587055165500 1001 2161
1587055176984 1001 2162
1587055189665 1001 2163
1587055205311 1001 2164
1587055223798 1001 2165
1587055238433 1001 2166
1587055248988 1001 2167
1587055266871 1001 2168
1587055278350 1001 2169
1587055287831 1001 2170
1587055296452 1001 2171
1587055305254 1001 2172
1587055316442 1001 2173
1587055325309 1001 2174
1587055335499 1001 2175
1587055343636 1001 2176
1587055352369 1001 2177
1587055361098 1001 2178
1587055369899 1001 2179
1587055383129 1001 2180
1587055396419 1001 2181
1587055407985 1001 2182
1587055425329 1001 2183
1587055437735 1001 2184
1587055447766 1001 2185
1587055458104 1001 2186
1587055467726 1001 2187
1587055477262 1001 2188
1587055486436 1001 2189
1587055495921 1001 2190
1587055505811 1001 2191
1587055515409 1001 2192
1587055528485 1001 2193
1587055538435 1001 2194
1587055570266 1001 2195
1587055580552 1001 2196
1587055591222 1001 2197
1587055601752 1001 2198
1587055612126 1001 2199
1587055622811 1001 2200
1587055633683 1001 2201
1587055643639 1001 2202
1587055653077 1001 2203
1587055662547 1001 2204
1587055672477 1001 2205
1587055682937 1001 2206
1587055693076 1001 2207
1587055703758 1001 2208
1587055713896 1001 2209
1587055724254 1001 2210
1587055734267 1001 2211
1587055744230 1001 2212
1587055754193 1001 2213
1587055764038 1001 2214
1587055773550 1001 2215
1587055787245 1001 2216
1587055795671 1001 2217
1587055803007 1001 2218
1587055810877 1001 2219
1587055819745 1001 2220
1587055828532 1001 2221
1587055835749 1001 2222
1587055843418 1001 2223
1587055852956 1001 2224
1587055860391 1001 2225
1587055868056 1001 2226
1587055876096 1001 2227
1587055887605 1001 2228
1587055896133 1001 2229
1587055907180 1001 2230
1587055916780 1001 2231
1587055928425 1001 2232
1587055938099 1001 2233
1587055948964 1001 2234
1587055959490 1001 2235
1587055968134 1001 2236
1587055976473 1001 2237
1587055985536 1001 2238
1587055996110 1001 2239
1587056007073 1001 2240
1587056017531 1001 2241
1587056025432 1001 2242
1587056034672 1001 2243
1587056051632 1001 2244
1587056062106 1001 2245
1587056075634 1001 2246
1587056089523 1001 2247
1587056098137 1001 2248
1587056108823 1001 2249
1587056121275 1001 2250
1587056131005 1001 2251
1587056145059 1001 2252
1587056156915 1001 2253
1587056167209 1001 2254
1587056175450 1001 2255
1587056183961 1001 2256
1587056192151 1001 2257
1587056200630 1001 2258
1587056209482 1001 2259
1587056225179 1001 2260
1587056233429 1001 2261
1587056247690 1001 2262
1587056255818 1001 2263
1587056264467 1001 2264
1587056272496 1001 2265
1587056279872 1001 2266
1587056286858 1001 2267
1587056294756 1001 2268
1587056302547 1001 2269
1587056312747 1001 2270
1587056322835 1001 2271
1587056331521 1001 2272
1587056339687 1001 2273
1587056347709 1001 2274
1587056355335 1001 2275
1587056370459 1001 2276
1587056379500 1001 2277
1587056388450 1001 2278
1587056396286 1001 2279
1587056404925 1001 2280
1587056414631 1001 2281
1587056424286 1001 2282
1587056433061 1001 2283
1587056441908 1001 2284
1587056449864 1001 2285
1587056458139 1001 2286
1587056466005 1001 2287
1587056474591 1001 2288
1587056482635 1001 2289
1587056491169 1001 2290
1587056499262 1001 2291
1587056507895 1001 2292
1587056516990 1001 2293
1587056525422 1001 2294
1587056533860 1001 2295
1587056543724 1001 2296
1587056552198 1001 2297
1587056568188 1001 2298
1587056581986 1001 2299
1587056590722 1001 2300
1587056604456 1001 2301
1587056613636 1001 2302
1587056621739 1001 2303
1587056629221 1001 2304
1587056639085 1001 2305
1587056649612 1001 2306
1587056658556 1001 2307
1587056669434 1001 2308
1587056677553 1001 2309
1587056687637 1001 2310
1587056695693 1001 2311
1587056703826 1001 2312
1587056711969 1001 2313
1587056720612 1001 2314
1587056728302 1001 2315
1587056738413 1001 2316
1587056749405 1001 2317
1587056757676 1001 2318
1587056765366 1001 2319
1587056773082 1001 2320
1587056782396 1001 2321
1587056791099 1001 2322
1587056799195 1001 2323
1587056806940 1001 2324
1587056814341 1001 2325
1587056823052 1001 2326
1587056831033 1001 2327
1587056841268 1001 2328
1587056849445 1001 2329
1587056857239 1001 2330
1587056864659 1001 2331
1587056872051 1001 2332
1587056879555 1001 2333
1587056887576 1001 2334
1587056898620 1001 2335
1587056907096 1001 2336
1587056914567 1001 2337
1587056922554 1001 2338
1587056929779 1001 2339
1587056936823 1001 2340
1587056943976 1001 2341
1587056951335 1001 2342
1587056959377 1001 2343
1587056968026 1001 2344
1587056976401 1001 2345
1587056985087 1001 2346
1587056994049 1001 2347
1587057002438 1001 2348
1587057010447 1001 2349
1587057019722 1001 2350
1587057028114 1001 2351
1587057037451 1001 2352
1587057051506 1001 2353
1587057062597 1001 2354
1587057074487 1001 2355
1587057084333 1001 2356
1587057092815 1001 2357
1587057100871 1001 2358
1587057108700 1001 2359
1587057116885 1001 2360
1587057123983 1001 2361
1587057131380 1001 2362
1587057138425 1001 2363
1587057145832 1001 2364
1587057154649 1001 2365
1587057163922 1001 2366
1587057183118 1001 2367
1587057197737 1001 2368
1587057213343 1001 2369
1587057231828 1001 2370
1587057245637 1001 2371
1587057257719 1001 2372
1587057270175 1001 2373
1587057282994 1001 2374
1587057295192 1001 2375
1587057304343 1001 2376
1587057312480 1001 2377
1587057321349 1001 2378
1587057331552 1001 2379
1587057341019 1001 2380
1587057349819 1001 2381
1587057359279 1001 2382
1587057369978 1001 2383
1587057383919 1001 2384
1587057395858 1001 2385
1587057409865 1001 2386
1587057418489 1001 2387
1587057431267 1001 2388
1587057443733 1001 2389
1587057456491 1001 2390
1587057492210 1001 2391
1587057510037 1001 2392
1587057527063 1001 2393
1587057543982 1001 2394
1587057562250 1001 2395
1587057579055 1001 2396
1587057598568 1001 2397
1587057618052 1001 2398
1587057637348 1001 2399
1587057661656 1001 2400
1587057680251 1001 2401
1587057695344 1001 2402
1587057712284 1001 2403
1587057731273 1001 2404
1587057749888 1001 2405
1587057771087 1001 2406
1587057789382 1001 2407
1587057807488 1001 2408
1587057825108 1001 2409
1587057842701 1001 2410
1587057862061 1001 2411
1587057878934 1001 2412
1587057894000 1001 2413
1587057911518 1001 2414
1587057928012 1001 2415
1587057945258 1001 2416
1587057960155 1001 2417
1587057975837 1001 2418
1587057993432 1001 2419
1587058006523 1001 2420
1587058022725 1001 2421
1587058037538 1001 2422
1587058052707 1001 2423
1587058064867 1001 2424
1587058076157 1001 2425
1587058088512 1001 2426
1587058103515 1001 2427
1587058114955 1001 2428
1587058136372 1001 2429
1587058144392 1001 2430
1587058151931 1001 2431
1587058159347 1001 2432
1587058167541 1001 2433
1587058176098 1001 2434
1587058184751 1001 2435
1587058192250 1001 2436
1587058200272 1001 2437
1587058211201 1001 2438
1587058226479 1001 2439
1587058240457 1001 2440
1587058251984 1001 2441
1587058262789 1001 2442
1587058272690 1001 2443
1587058282928 1001 2444
1587058292400 1001 2445
1587058301875 1001 2446
1587058311379 1001 2447
1587058320815 1001 2448
1587058330531 1001 2449
1587058340072 1001 2450
1587058349570 1001 2451
1587058360573 1001 2452
1587058369845 1001 2453
1587058379584 1001 2454
1587058388822 1001 2455
1587058398539 1001 2456
1587058407855 1001 2457
1587058417101 1001 2458
1587058431384 1001 2459
1587058440406 1001 2460
1587058453727 1001 2461
1587058463332 1001 2462
1587058473435 1001 2463
1587058482922 1001 2464
1587058492688 1001 2465
1587058502067 1001 2466
1587058511554 1001 2467
1587058521674 1001 2468
1587058530944 1001 2469
1587058540318 1001 2470
1587058549809 1001 2471
1587058559300 1001 2472
1587058569036 1001 2473
1587058578785 1001 2474
1587058588213 1001 2475
1587058598041 1001 2476
1587058607616 1001 2477
1587058616941 1001 2478
1587058626740 1001 2479
1587058636018 1001 2480
1587058645523 1001 2481
1587058655205 1001 2482
1587058665046 1001 2483
1587058674563 1001 2484
1587058684236 1001 2485
1587058693855 1001 2486
1587058703292 1001 2487
1587058712716 1001 2488
1587058722248 1001 2489
1587058732229 1001 2490
1587058742033 1001 2491
1587058751685 1001 2492
1587058761036 1001 2493
1587058770449 1001 2494
1587058780089 1001 2495
1587058789459 1001 2496
1587058798900 1001 2497
1587058808111 1001 2498
1587058817943 1001 2499
1587058827323 1001 2500
