1587035916471 0.0 1
1587035923518 0.0 2
1587035929706 0.0 3
1587035935835 0.0 4
1587035941889 0.13999999687075615 5
1587035948027 0.08999999798834324 6
1587035955895 0.0 7
1587035966664 0.0 8
1587035973241 0.0 9
1587035979583 0.0 10
1587035985855 0.09999999776482582 11
1587035991885 0.0 12
1587036001471 0.20999999530613422 13
1587036011704 0.3899999912828207 14
1587036018399 1.0199999772012234 15
1587036025488 0.8099999818950891 16
1587036032074 0.8899999801069498 17
1587036039962 0.9299999792128801 18
1587036048298 0.5999999865889549 19
1587036057270 0.3399999924004078 20
1587036065161 0.9299999792128801 21
1587036073549 0.5899999868124723 22
1587036080534 0.7199999839067459 23
1587036087901 0.5199999883770943 24
1587036095357 0.549999987706542 25
1587036101753 1.0699999760836363 26
1587036107910 0.9999999776482582 27
1587036114123 0.8999999798834324 28
1587036121927 0.8099999818950891 29
1587036129843 0.1599999964237213 30
1587036136962 0.0 31
1587036143230 0.0 32
1587036149534 0.8999999798834324 33
1587036155861 1.099999975413084 34
1587036165031 0.6099999863654375 35
1587036175266 0.40999999083578587 36
1587036189238 0.0 37
1587036217853 0.0 38
1587036226200 0.0 39
1587036245736 0.0 40
1587036263731 0.0 41
1587036271139 0.0 42
1587036278598 0.0 43
1587036285162 0.0 44
1587036292677 0.0 45
1587036299222 0.0 46
1587036305672 0.0 47
1587036315070 0.0 48
1587036326949 0.0 49
1587036336974 0.07999999821186066 50
1587036347700 0.0 51
1587036356634 0.0 52
1587036363886 0.0 53
1587036370997 0.0 54
1587036380557 0.0 55
1587036387375 0.0 56
1587036394050 0.0 57
1587036404387 0.0 58
1587036412052 0.0 59
1587036419993 0.0 60
1587036427276 0.0 61
1587036434110 0.0 62
1587036441407 0.0 63
1587036451016 0.0 64
1587036459653 0.0 65
1587036468902 0.0 66
1587036478142 0.1699999962002039 67
1587036486100 0.1599999964237213 68
1587036495154 0.2899999935179949 69
1587036504020 0.0 70
1587036512744 1.4699999671429396 71
1587036521259 1.0899999756366014 72
1587036529380 0.35999999195337296 73
1587036535696 0.3799999915063381 74
1587036543018 1.529999965801835 75
1587036551450 0.8099999818950891 76
1587036559599 1.1599999740719795 77
1587036567512 1.029999976977706 78
1587036578530 0.7099999841302633 79
1587036590014 0.23999999463558197 80
1587036600152 1.7799999602138996 81
1587036610494 0.9299999792128801 82
1587036619904 0.669999985024333 83
1587036629573 1.409999968484044 84
1587036639098 0.0 85
1587036648623 0.7799999825656414 86
1587036657549 1.7399999611079693 87
1587036667053 1.4699999671429396 88
1587036677040 0.0 89
1587036686387 1.8699999582022429 90
1587036695942 0.7999999821186066 91
1587036704929 1.0799999758601189 92
1587036714424 0.6299999859184027 93
1587036724739 0.8599999807775021 94
1587036734787 0.2699999939650297 95
1587036745027 0.0 96
1587036754086 0.18999999575316906 97
1587036763776 0.42999999038875103 98
1587036772456 0.06999999843537807 99
1587036781102 1.4499999675899744 100
1587036790847 0.08999999798834324 101
1587036798935 0.9999999776482582 102
1587036807168 0.29999999329447746 103
1587036815033 0.4599999897181988 104
1587036823237 1.0099999774247408 105
1587036832880 1.0199999772012234 106
1587036844466 0.0 107
1587036855292 0.7399999834597111 108
1587036864305 0.2699999939650297 109
1587036872690 0.47999998927116394 110
1587036881042 0.6299999859184027 111
1587036889738 0.5799999870359898 112
1587036897566 0.24999999441206455 113
1587036906015 0.0 114
1587036914513 0.0 115
1587036922629 0.14999999664723873 116
1587036931285 0.5899999868124723 117
1587036940204 0.0 118
1587036948076 0.14999999664723873 119
1587036956395 0.3199999928474426 120
1587036965022 0.0 121
1587036972784 0.0 122
1587036981364 0.0 123
1587036989652 0.0 124
1587036997500 0.04999999888241291 125
1587037006007 0.5899999868124723 126
1587037013466 0.0 127
1587037021754 1.1399999745190144 128
1587037029381 0.6799999848008156 129
1587037037234 0.0 130
1587037044705 0.18999999575316906 131
1587037053063 0.1099999975413084 132
1587037061063 0.12999999709427357 133
1587037069721 0.0 134
1587037077225 0.20999999530613422 135
1587037085062 0.0 136
1587037092765 0.0 137
1587037101723 0.0 138
1587037110256 0.03999999910593033 139
1587037122210 0.0 140
1587037131696 0.0 141
1587037140583 0.0 142
1587037148748 0.2699999939650297 143
1587037157959 0.29999999329447746 144
1587037166675 0.19999999552965164 145
1587037175670 2.659999940544367 146
1587037184213 1.1999999731779099 147
1587037193235 1.5599999651312828 148
1587037201843 0.5199999883770943 149
1587037210720 1.699999962002039 150
1587037219660 1.459999967366457 151
1587037229299 0.09999999776482582 152
1587037237942 0.08999999798834324 153
1587037246221 0.2299999948590994 154
1587037254552 0.04999999888241291 155
1587037263790 0.6299999859184027 156
1587037271242 1.289999971166253 157
1587037279855 0.5799999870359898 158
1587037288637 1.2599999718368053 159
1587037297314 1.1899999734014273 160
1587037305273 0.3199999928474426 161
1587037313340 0.019999999552965164 162
1587037322325 0.18999999575316906 163
1587037330510 0.0 164
1587037339393 0.18999999575316906 165
1587037347939 0.1099999975413084 166
1587037356581 0.5999999865889549 167
1587037365948 0.35999999195337296 168
1587037374852 0.6399999856948853 169
1587037383720 0.42999999038875103 170
1587037392324 0.5599999874830246 171
1587037404366 0.7999999821186066 172
1587037413855 0.03999999910593033 173
1587037423294 0.6799999848008156 174
1587037432567 1.389999968931079 175
1587037441326 0.0 176
1587037449135 0.46999998949468136 177
1587037458272 0.3499999921768904 178
1587037466165 0.3999999910593033 179
1587037475231 0.18999999575316906 180
1587037483592 0.3199999928474426 181
1587037492408 0.019999999552965164 182
1587037501428 0.2299999948590994 183
1587037509814 1.1899999734014273 184
1587037519773 1.649999963119626 185
1587037527509 0.2299999948590994 186
1587037536175 1.6799999624490738 187
1587037545322 0.9699999783188105 188
1587037553363 0.6399999856948853 189
1587037562696 0.8699999805539846 190
1587037570928 0.4899999890476465 191
1587037579322 0.1599999964237213 192
1587037586616 0.3199999928474426 193
1587037595211 0.7299999836832285 194
1587037603999 0.909999979659915 195
1587037612648 1.2799999713897705 196
1587037621495 1.1199999749660492 197
1587037631434 0.9199999794363976 198
1587037639982 1.1199999749660492 199
1587037648694 0.42999999038875103 200
1587037656773 0.5599999874830246 201
1587037667258 0.549999987706542 202
1587037676265 0.979999978095293 203
1587037685959 0.549999987706542 204
1587037695403 2.009999955072999 205
1587037704213 0.8899999801069498 206
1587037712540 0.5299999881535769 207
1587037721970 1.0799999758601189 208
1587037730928 1.0699999760836363 209
1587037739885 1.1399999745190144 210
1587037748114 0.7799999825656414 211
1587037755717 1.459999967366457 212
1587037764025 0.3799999915063381 213
1587037773032 0.7099999841302633 214
1587037781147 0.5299999881535769 215
1587037788887 0.6199999861419201 216
1587037796543 1.0099999774247408 217
1587037805081 0.5299999881535769 218
1587037813400 2.179999951273203 219
1587037822017 0.3999999910593033 220
1587037830669 1.1799999736249447 221
1587037839491 1.649999963119626 222
1587037849324 1.6799999624490738 223
1587037860096 0.6499999854713678 224
1587037869238 0.8199999816715717 225
1587037878294 1.289999971166253 226
1587037887296 0.2299999948590994 227
1587037896287 0.1699999962002039 228
1587037904390 1.0099999774247408 229
1587037912744 0.29999999329447746 230
1587037920661 1.2099999729543924 231
1587037929143 1.959999956190586 232
1587037936702 0.7399999834597111 233
1587037944499 0.40999999083578587 234
1587037952752 0.2199999950826168 235
1587037961104 1.7899999599903822 236
1587037969255 0.8899999801069498 237
1587037976723 0.549999987706542 238
1587037987784 2.2899999488145113 239
1587037998063 1.099999975413084 240
1587038006532 0.5599999874830246 241
1587038014907 0.7499999832361937 242
1587038023175 1.1199999749660492 243
1587038031069 1.2499999720603228 244
1587038040082 0.8899999801069498 245
1587038048654 0.8699999805539846 246
1587038057287 1.3199999704957008 247
1587038066335 1.4499999675899744 248
1587038073571 0.40999999083578587 249
1587038081671 0.29999999329447746 250
1587038089486 0.8399999812245369 251
1587038097390 1.219999972730875 252
1587038105746 0.6399999856948853 253
1587038113461 0.8799999803304672 254
1587038122256 0.2799999937415123 255
1587038131483 0.5299999881535769 256
1587038139873 1.3599999696016312 257
1587038148590 0.1599999964237213 258
1587038156563 0.7399999834597111 259
1587038165188 0.5799999870359898 260
1587038174434 0.2699999939650297 261
1587038183333 0.3499999921768904 262
1587038191769 0.2699999939650297 263
1587038200330 0.47999998927116394 264
1587038208793 1.2799999713897705 265
1587038217592 0.8699999805539846 266
1587038229008 0.979999978095293 267
1587038238110 0.7299999836832285 268
1587038246995 0.46999998949468136 269
1587038255852 0.6099999863654375 270
1587038264940 1.1799999736249447 271
1587038273441 1.3699999693781137 272
1587038282891 1.1299999747425318 273
1587038290440 0.14999999664723873 274
1587038297964 0.8799999803304672 275
1587038306344 0.9199999794363976 276
1587038315455 1.3099999707192183 277
1587038323680 0.9699999783188105 278
1587038331773 0.9199999794363976 279
1587038340322 1.8699999582022429 280
1587038350133 0.7699999827891588 281
1587038358760 1.389999968931079 282
1587038366463 0.6999999843537807 283
1587038374749 1.0799999758601189 284
1587038382079 0.41999999061226845 285
1587038390266 0.669999985024333 286
1587038397855 0.789999982342124 287
1587038406222 0.9599999785423279 288
1587038415375 0.2799999937415123 289
1587038423418 0.3799999915063381 290
1587038431396 1.8799999579787254 291
1587038439052 0.23999999463558197 292
1587038447387 1.409999968484044 293
1587038455978 0.8599999807775021 294
1587038464124 0.7999999821186066 295
1587038475853 1.219999972730875 296
1587038485635 0.36999999172985554 297
1587038494610 0.35999999195337296 298
1587038502403 0.7399999834597111 299
1587038511185 0.019999999552965164 300
1587038520716 0.3299999926239252 301
1587038529087 1.029999976977706 302
1587038537888 0.06999999843537807 303
1587038546265 0.6199999861419201 304
1587038554700 0.5399999879300594 305
1587038562203 0.7699999827891588 306
1587038570687 1.0599999763071537 307
1587038578329 0.5699999872595072 308
1587038586201 0.8099999818950891 309
1587038593339 1.4899999666959047 310
1587038601855 1.6099999640136957 311
1587038610689 0.3499999921768904 312
1587038619912 0.7499999832361937 313
1587038628645 0.8799999803304672 314
1587038637155 0.25999999418854713 315
1587038645866 0.9199999794363976 316
1587038654052 0.7199999839067459 317
1587038662438 0.25999999418854713 318
1587038669725 1.0799999758601189 319
1587038678639 1.0599999763071537 320
1587038687250 0.3199999928474426 321
1587038695385 0.47999998927116394 322
1587038703532 0.8599999807775021 323
1587038712175 1.3199999704957008 324
1587038720475 0.13999999687075615 325
1587038729522 0.8299999814480543 326
1587038737856 0.2699999939650297 327
1587038746261 2.899999935179949 328
1587038754706 0.0 329
1587038762926 0.0 330
1587038770956 0.0 331
1587038778428 0.7099999841302633 332
1587038787323 0.1599999964237213 333
1587038795956 0.0 334
1587038804826 0.0 335
1587038813679 0.5199999883770943 336
1587038822626 0.0 337
1587038831621 0.4999999888241291 338
1587038842050 0.14999999664723873 339
1587038851598 0.0 340
1587038859830 0.0 341
1587038869162 0.6899999845772982 342
1587038877796 0.3299999926239252 343
1587038884374 0.0 344
1587038890830 0.0 345
1587038897241 0.1099999975413084 346
1587038903768 1.149999974295497 347
1587038912135 1.1799999736249447 348
1587038921333 0.47999998927116394 349
1587038928608 0.20999999530613422 350
1587038943847 1.7799999602138996 351
1587038961650 0.7799999825656414 352
1587038969567 1.0599999763071537 353
1587038977579 0.9899999778717756 354
1587038985857 2.1899999510496855 355
1587038994084 1.1199999749660492 356
1587039001966 0.9299999792128801 357
1587039011383 2.029999954625964 358
1587039021130 0.09999999776482582 359
1587039031160 1.2599999718368053 360
1587039039064 0.549999987706542 361
1587039046932 2.2799999490380287 362
1587039054607 0.7599999830126762 363
1587039062314 0.5999999865889549 364
1587039069954 0.4999999888241291 365
1587039077607 0.7299999836832285 366
1587039085348 1.7799999602138996 367
1587039093216 1.1299999747425318 368
1587039101101 0.40999999083578587 369
1587039108956 0.6599999852478504 370
1587039116622 1.1899999734014273 371
1587039124495 0.8199999816715717 372
1587039132100 1.339999970048666 373
1587039139886 1.099999975413084 374
1587039147596 1.099999975413084 375
1587039155227 1.5199999660253525 376
1587039162959 1.5499999653548002 377
1587039170913 0.4399999901652336 378
1587039182499 2.1899999510496855 379
1587039193619 1.0399999767541885 380
1587039204515 0.07999999821186066 381
1587039212407 1.3599999696016312 382
1587039220085 2.079999953508377 383
1587039227714 0.9399999789893627 384
1587039237273 0.2199999950826168 385
1587039245194 1.4899999666959047 386
1587039253117 1.029999976977706 387
1587039260912 1.529999965801835 388
1587039271594 1.0599999763071537 389
1587039282853 1.2799999713897705 390
1587039290943 1.2299999725073576 391
1587039298630 0.29999999329447746 392
1587039306297 1.2999999709427357 393
1587039314133 0.3399999924004078 394
1587039322378 0.979999978095293 395
1587039330188 1.1899999734014273 396
1587039337857 0.9399999789893627 397
1587039345494 1.8999999575316906 398
1587039353117 1.1799999736249447 399
1587039360821 1.9099999573081732 400
1587039369325 1.2499999720603228 401
1587039377442 1.1999999731779099 402
1587039385152 1.4699999671429396 403
1587039393116 1.6699999626725912 404
1587039400717 1.5699999649077654 405
1587039408436 1.889999957755208 406
1587039416277 1.3099999707192183 407
1587039424085 0.9399999789893627 408
1587039432051 0.5099999886006117 409
1587039439817 1.0199999772012234 410
1587039447539 0.9399999789893627 411
1587039455372 0.9299999792128801 412
1587039462996 0.5899999868124723 413
1587039471572 1.2499999720603228 414
1587039482176 1.289999971166253 415
1587039492725 0.6799999848008156 416
1587039501278 0.549999987706542 417
1587039509081 0.0 418
1587039516884 0.8299999814480543 419
1587039524987 0.5099999886006117 420
1587039532688 1.2499999720603228 421
1587039540589 0.46999998949468136 422
1587039548707 0.909999979659915 423
1587039556526 0.8699999805539846 424
1587039564275 0.17999999597668648 425
1587039572112 0.7199999839067459 426
1587039579844 0.6799999848008156 427
1587039587742 0.7799999825656414 428
1587039595411 1.2499999720603228 429
1587039603214 0.549999987706542 430
1587039611230 0.3299999926239252 431
1587039619306 0.9699999783188105 432
1587039626916 0.9299999792128801 433
1587039634714 0.8299999814480543 434
1587039642352 0.3499999921768904 435
1587039650357 0.909999979659915 436
1587039658058 1.6199999637901783 437
1587039665962 0.4399999901652336 438
1587039673982 0.9699999783188105 439
1587039681817 0.2899999935179949 440
1587039690128 0.8099999818950891 441
1587039696900 0.7199999839067459 442
1587039703467 0.1699999962002039 443
1587039710183 0.3999999910593033 444
1587039716703 1.7999999597668648 445
1587039723540 1.339999970048666 446
1587039730293 0.5899999868124723 447
1587039736941 1.0799999758601189 448
1587039743611 0.7399999834597111 449
1587039750262 0.0 450
1587039756903 0.25999999418854713 451
1587039763587 0.0 452
1587039770356 0.0 453
1587039776943 0.0 454
1587039783528 0.0 455
1587039790295 0.0 456
1587039797090 0.0 457
1587039804762 0.0 458
1587039812186 0.0 459
1587039818986 0.0 460
1587039825884 0.0 461
1587039832608 0.41999999061226845 462
1587039839230 1.3099999707192183 463
1587039845993 0.3999999910593033 464
1587039852993 0.549999987706542 465
1587039859621 1.029999976977706 466
1587039866055 0.35999999195337296 467
1587039872740 0.7099999841302633 468
1587039879172 1.2499999720603228 469
1587039885610 1.7299999613314867 470
1587039891948 1.3099999707192183 471
1587039898441 1.7099999617785215 472
1587039904999 0.6399999856948853 473
1587039911631 1.3999999687075615 474
1587039918310 1.3999999687075615 475
1587039924936 1.3599999696016312 476
1587039931456 0.14999999664723873 477
1587039937665 0.6099999863654375 478
1587039944367 1.8099999595433474 479
1587039951178 0.6299999859184027 480
1587039957570 0.5099999886006117 481
1587039964085 0.7099999841302633 482
1587039970808 0.9999999776482582 483
1587039977505 2.0499999541789293 484
1587039984110 1.219999972730875 485
1587039990617 1.50999996624887 486
1587039997047 1.0799999758601189 487
1587040003476 0.7299999836832285 488
1587040009874 0.5599999874830246 489
1587040016372 0.4599999897181988 490
1587040022839 0.979999978095293 491
1587040029380 1.0499999765306711 492
1587040035979 1.6899999622255564 493
1587040042534 0.5199999883770943 494
1587040049103 0.5899999868124723 495
1587040055502 0.7499999832361937 496
1587040061960 0.2799999937415123 497
1587040068316 1.029999976977706 498
1587040074940 0.3399999924004078 499
1587040081418 0.8599999807775021 500
1587040088280 0.789999982342124 501
1587040095229 0.03999999910593033 502
1587040101916 1.2399999722838402 503
1587040108415 0.3499999921768904 504
1587040115018 0.09999999776482582 505
1587040121506 0.0 506
1587040127906 0.9999999776482582 507
1587040134290 1.0499999765306711 508
1587040140841 0.7799999825656414 509
1587040147355 0.9899999778717756 510
1587040154008 0.8399999812245369 511
1587040160567 1.699999962002039 512
1587040167104 0.549999987706542 513
1587040173547 0.2899999935179949 514
1587040180004 0.0 515
1587040186523 0.12999999709427357 516
1587040192932 0.3899999912828207 517
1587040199369 0.8099999818950891 518
1587040206088 1.1099999751895666 519
1587040213752 0.3499999921768904 520
1587040220332 0.2699999939650297 521
1587040227233 0.7599999830126762 522
1587040234024 0.8999999798834324 523
1587040241071 0.8299999814480543 524
1587040247632 0.5099999886006117 525
1587040254042 0.29999999329447746 526
1587040260520 0.3199999928474426 527
1587040267158 1.6599999628961086 528
1587040273903 0.40999999083578587 529
1587040280495 0.7299999836832285 530
1587040287133 0.1699999962002039 531
1587040293733 0.2799999937415123 532
1587040300370 0.3199999928474426 533
1587040306908 0.2299999948590994 534
1587040313310 0.5899999868124723 535
1587040319810 0.9999999776482582 536
1587040326399 1.0799999758601189 537
1587040332885 1.1299999747425318 538
1587040339457 1.269999971613288 539
1587040345981 1.169999973848462 540
1587040352385 0.7399999834597111 541
1587040358794 0.9499999787658453 542
1587040365255 0.8299999814480543 543
1587040371826 0.3499999921768904 544
1587040378146 0.7799999825656414 545
1587040384755 1.0199999772012234 546
1587040391173 0.6499999854713678 547
1587040397883 0.4399999901652336 548
1587040404483 0.0 549
1587040411484 0.46999998949468136 550
1587040417961 0.8599999807775021 551
1587040424559 0.7999999821186066 552
1587040431064 0.7499999832361937 553
1587040437521 1.5399999655783176 554
1587040444036 0.8399999812245369 555
1587040450585 0.7099999841302633 556
1587040457288 0.2699999939650297 557
1587040463891 0.9699999783188105 558
1587040470278 1.8699999582022429 559
1587040476591 0.29999999329447746 560
1587040483099 1.5699999649077654 561
1587040489508 0.24999999441206455 562
1587040496004 0.1599999964237213 563
1587040502469 0.04999999888241291 564
1587040508869 0.20999999530613422 565
1587040515454 0.5299999881535769 566
1587040521848 0.3199999928474426 567
1587040528294 0.4899999890476465 568
1587040534766 0.0 569
1587040541336 1.0599999763071537 570
1587040547805 0.0 571
1587040554251 0.25999999418854713 572
1587040560758 0.4899999890476465 573
1587040567257 0.14999999664723873 574
1587040574007 0.8999999798834324 575
1587040580613 1.1799999736249447 576
1587040587802 0.9699999783188105 577
1587040594288 0.41999999061226845 578
1587040600851 1.0399999767541885 579
1587040607339 1.219999972730875 580
1587040613717 0.36999999172985554 581
1587040620236 0.4399999901652336 582
1587040626681 0.13999999687075615 583
1587040633180 0.7199999839067459 584
1587040639647 0.2199999950826168 585
1587040646204 1.81999995931983 586
1587040652710 1.5999999642372131 587
1587040659239 0.7199999839067459 588
1587040665694 0.9299999792128801 589
1587040672178 2.2599999494850636 590
1587040678592 0.0 591
1587040685181 0.669999985024333 592
1587040691650 1.269999971613288 593
1587040698126 0.2799999937415123 594
1587040704715 0.9399999789893627 595
1587040711158 0.18999999575316906 596
1587040717574 0.0 597
1587040724130 0.7599999830126762 598
1587040730584 0.25999999418854713 599
1587040737093 0.12999999709427357 600
1587040743986 1.1899999734014273 601
1587040750423 0.5899999868124723 602
1587040756891 0.0 603
1587040763453 0.0 604
1587040769892 0.0 605
1587040776462 0.0 606
1587040783001 0.0 607
1587040789450 0.5899999868124723 608
1587040795849 0.0 609
1587040802206 0.0 610
1587040808633 0.0 611
1587040815219 0.0 612
1587040821764 0.0 613
1587040828199 0.0 614
1587040834758 0.1699999962002039 615
1587040841169 0.6599999852478504 616
1587040847472 0.3299999926239252 617
1587040853959 0.4999999888241291 618
1587040860530 0.2899999935179949 619
1587040866993 0.9399999789893627 620
1587040873360 1.0099999774247408 621
1587040879914 0.7499999832361937 622
1587040886486 1.029999976977706 623
1587040892813 1.4899999666959047 624
1587040899168 0.8999999798834324 625
1587040905742 0.3899999912828207 626
1587040912101 0.0 627
1587040918497 1.2399999722838402 628
1587040924885 0.5299999881535769 629
1587040931279 0.6999999843537807 630
1587040937651 2.779999937862158 631
1587040944044 2.009999955072999 632
1587040950745 0.6899999845772982 633
1587040956993 0.05999999865889549 634
1587040963414 0.3399999924004078 635
1587040969895 0.6799999848008156 636
1587040976238 1.5699999649077654 637
1587040982718 1.149999974295497 638
1587040988963 0.3999999910593033 639
1587040995366 0.9299999792128801 640
1587041001831 1.219999972730875 641
1587041008139 1.2399999722838402 642
1587041015142 0.35999999195337296 643
1587041021547 0.42999999038875103 644
1587041028048 0.2299999948590994 645
1587041034568 0.8699999805539846 646
1587041041070 0.3499999921768904 647
1587041047500 1.9299999568611383 648
1587041054106 1.4899999666959047 649
1587041060624 1.0599999763071537 650
1587041067163 1.1299999747425318 651
1587041073649 0.11999999731779099 652
1587041080217 0.4499999899417162 653
1587041086694 1.9099999573081732 654
1587041093161 0.3299999926239252 655
1587041099487 1.699999962002039 656
1587041106034 0.29999999329447746 657
1587041112465 1.5199999660253525 658
1587041118864 1.5899999644607306 659
1587041125409 1.3299999702721834 660
1587041131895 1.289999971166253 661
1587041138364 0.0 662
1587041144892 0.2899999935179949 663
1587041151471 1.699999962002039 664
1587041157919 1.2299999725073576 665
1587041164596 0.8999999798834324 666
1587041170916 1.0499999765306711 667
1587041177397 0.6099999863654375 668
1587041183900 0.0 669
1587041190372 0.7099999841302633 670
1587041196676 0.0 671
1587041203139 1.169999973848462 672
1587041209653 0.13999999687075615 673
1587041216028 0.029999999329447746 674
1587041222415 0.3999999910593033 675
1587041228915 0.35999999195337296 676
1587041235568 1.099999975413084 677
1587041241957 0.08999999798834324 678
1587041248609 0.8299999814480543 679
1587041255208 0.2199999950826168 680
1587041261733 0.8799999803304672 681
1587041268157 0.05999999865889549 682
1587041274619 0.8499999810010195 683
1587041281148 0.05999999865889549 684
1587041287753 1.2299999725073576 685
1587041294271 0.09999999776482582 686
1587041300810 0.7499999832361937 687
1587041307309 0.9299999792128801 688
1587041313742 0.2699999939650297 689
1587041320180 0.3299999926239252 690
1587041326613 0.2199999950826168 691
1587041333054 0.4999999888241291 692
1587041339439 2.2199999503791332 693
1587041345862 0.3399999924004078 694
1587041352154 0.07999999821186066 695
1587041358670 0.3499999921768904 696
1587041365230 0.7799999825656414 697
1587041371743 0.1699999962002039 698
1587041378229 0.0 699
1587041384558 0.2899999935179949 700
1587041391251 1.1199999749660492 701
1587041397566 0.24999999441206455 702
1587041403986 0.4399999901652336 703
1587041410522 0.5999999865889549 704
1587041417127 0.3399999924004078 705
1587041423760 0.0 706
1587041430284 0.0 707
1587041436710 1.2299999725073576 708
1587041443080 0.0 709
1587041449549 0.14999999664723873 710
1587041456074 0.4599999897181988 711
1587041462548 0.9299999792128801 712
1587041468992 0.6799999848008156 713
1587041475463 0.9599999785423279 714
1587041481953 0.2699999939650297 715
1587041488294 0.0 716
1587041494652 0.04999999888241291 717
1587041501073 0.0 718
1587041507461 0.0 719
1587041513858 0.009999999776482582 720
1587041520235 0.0 721
1587041526746 1.1099999751895666 722
1587041533230 1.3599999696016312 723
1587041539830 0.17999999597668648 724
1587041546402 0.0 725
1587041552968 0.9599999785423279 726
1587041559577 1.1799999736249447 727
1587041566041 0.9499999787658453 728
1587041572407 0.1699999962002039 729
1587041579149 1.6199999637901783 730
1587041585642 0.6299999859184027 731
1587041592046 0.4599999897181988 732
1587041598521 0.8099999818950891 733
1587041605040 0.7599999830126762 734
1587041611716 0.6099999863654375 735
1587041619718 1.219999972730875 736
1587041626463 0.13999999687075615 737
1587041632832 1.1299999747425318 738
1587041639236 2.229999950155616 739
1587041645762 1.219999972730875 740
1587041652100 0.5099999886006117 741
1587041658622 0.8999999798834324 742
1587041665022 1.9199999570846558 743
1587041671407 1.0199999772012234 744
1587041677796 1.289999971166253 745
1587041684268 0.11999999731779099 746
1587041690789 1.2599999718368053 747
1587041697132 1.3699999693781137 748
1587041703519 1.1799999736249447 749
1587041709992 1.6199999637901783 750
1587041716576 0.8799999803304672 751
1587041723060 0.7799999825656414 752
1587041729479 1.5399999655783176 753
1587041735864 0.9399999789893627 754
1587041742237 1.409999968484044 755
1587041748653 0.8299999814480543 756
1587041755071 0.6999999843537807 757
1587041761557 0.9499999787658453 758
1587041768047 1.1399999745190144 759
1587041774745 0.3499999921768904 760
1587041781159 2.0699999537318945 761
1587041787545 0.7399999834597111 762
1587041793990 1.0799999758601189 763
1587041800398 0.35999999195337296 764
1587041806729 0.11999999731779099 765
1587041813070 0.17999999597668648 766
1587041819513 0.29999999329447746 767
1587041826013 1.3199999704957008 768
1587041832400 0.9399999789893627 769
1587041838900 0.6899999845772982 770
1587041845627 1.2399999722838402 771
1587041852976 0.8499999810010195 772
1587041859729 0.8499999810010195 773
1587041866057 0.9999999776482582 774
1587041872485 1.459999967366457 775
1587041878880 0.9199999794363976 776
1587041885350 1.339999970048666 777
1587041891964 0.30999999307096004 778
1587041898472 0.3299999926239252 779
1587041905051 1.2999999709427357 780
1587041911481 0.2199999950826168 781
1587041917941 0.8399999812245369 782
1587041924350 0.669999985024333 783
1587041930861 1.1799999736249447 784
1587041937365 0.3399999924004078 785
1587041943837 2.539999943226576 786
1587041950256 0.0 787
1587041956821 1.1299999747425318 788
1587041963429 1.8599999584257603 789
1587041970012 0.8799999803304672 790
1587041976465 0.17999999597668648 791
1587041982980 0.6099999863654375 792
1587041989401 1.409999968484044 793
1587041995919 1.269999971613288 794
1587042002409 0.3299999926239252 795
1587042009044 0.7499999832361937 796
1587042015620 0.6199999861419201 797
1587042022478 1.269999971613288 798
1587042029095 0.6299999859184027 799
1587042035663 0.04999999888241291 800
1587042042537 0.35999999195337296 801
1587042048954 1.5499999653548002 802
1587042055277 0.8499999810010195 803
1587042061771 0.8199999816715717 804
1587042068109 0.6599999852478504 805
1587042074623 0.5899999868124723 806
1587042081102 0.5899999868124723 807
1587042087665 1.169999973848462 808
1587042094067 0.7099999841302633 809
1587042100391 1.4299999680370092 810
1587042106808 1.5499999653548002 811
1587042113170 0.5399999879300594 812
1587042119505 0.42999999038875103 813
1587042126047 0.6499999854713678 814
1587042132581 1.0899999756366014 815
1587042139057 0.5699999872595072 816
1587042145540 0.13999999687075615 817
1587042151926 1.029999976977706 818
1587042158363 1.2099999729543924 819
1587042164727 1.1399999745190144 820
1587042171193 0.5299999881535769 821
1587042177646 0.23999999463558197 822
1587042184026 0.07999999821186066 823
1587042190229 0.3399999924004078 824
1587042196616 0.9899999778717756 825
1587042202952 0.8199999816715717 826
1587042209406 2.079999953508377 827
1587042216023 0.549999987706542 828
1587042222816 0.7399999834597111 829
1587042229200 0.05999999865889549 830
1587042235603 0.5699999872595072 831
1587042242046 0.2199999950826168 832
1587042248569 0.5799999870359898 833
1587042255292 0.7799999825656414 834
1587042261629 1.269999971613288 835
1587042268167 0.4599999897181988 836
1587042274529 0.4599999897181988 837
1587042280935 1.939999956637621 838
1587042287438 0.18999999575316906 839
1587042293818 1.0599999763071537 840
1587042300276 0.8899999801069498 841
1587042306720 1.0199999772012234 842
1587042313125 0.6099999863654375 843
1587042319582 0.1599999964237213 844
1587042325977 0.3399999924004078 845
1587042332363 0.7299999836832285 846
1587042338850 0.1699999962002039 847
1587042345114 2.029999954625964 848
1587042351587 0.4899999890476465 849
1587042357992 0.9499999787658453 850
1587042364496 1.1199999749660492 851
1587042370983 1.8599999584257603 852
1587042377433 0.0 853
1587042383884 0.42999999038875103 854
1587042390370 1.2499999720603228 855
1587042396914 0.25999999418854713 856
1587042403361 1.3099999707192183 857
1587042409821 0.46999998949468136 858
1587042416147 0.0 859
1587042422443 0.41999999061226845 860
1587042428815 0.6999999843537807 861
1587042435199 0.6499999854713678 862
1587042441706 1.0399999767541885 863
1587042448207 1.269999971613288 864
1587042454684 0.6799999848008156 865
1587042461192 1.1299999747425318 866
1587042467588 1.0499999765306711 867
1587042474374 1.1299999747425318 868
1587042480763 0.2199999950826168 869
1587042487311 1.1099999751895666 870
1587042493850 0.3499999921768904 871
1587042500288 0.40999999083578587 872
1587042506631 0.6999999843537807 873
1587042513062 1.1399999745190144 874
1587042519560 1.8499999586492777 875
1587042526076 0.11999999731779099 876
1587042532508 1.3299999702721834 877
1587042538942 0.4599999897181988 878
1587042545392 1.4799999669194221 879
1587042551752 1.4999999664723873 880
1587042558093 0.13999999687075615 881
1587042564517 0.979999978095293 882
1587042570966 1.0199999772012234 883
1587042577355 1.2399999722838402 884
1587042583842 0.8499999810010195 885
1587042590230 0.8999999798834324 886
1587042596716 0.9899999778717756 887
1587042603183 1.7199999615550041 888
1587042609701 0.7599999830126762 889
1587042616071 0.6299999859184027 890
1587042622658 0.0 891
1587042629055 0.09999999776482582 892
1587042635439 0.8199999816715717 893
1587042641785 0.029999999329447746 894
1587042648169 0.7599999830126762 895
1587042654650 0.8199999816715717 896
1587042661015 0.2699999939650297 897
1587042667407 0.2299999948590994 898
1587042673791 0.6899999845772982 899
1587042680179 0.0 900
1587042686863 0.0 901
1587042693053 1.6599999628961086 902
1587042699450 1.459999967366457 903
1587042705997 0.14999999664723873 904
1587042712467 1.0499999765306711 905
1587042718988 1.7099999617785215 906
1587042725480 2.5999999418854713 907
1587042732135 0.4599999897181988 908
1587042738596 0.9299999792128801 909
1587042745013 0.7599999830126762 910
1587042751614 0.40999999083578587 911
1587042758067 0.20999999530613422 912
1587042764569 1.769999960437417 913
1587042770956 0.3799999915063381 914
1587042777407 1.0799999758601189 915
1587042783766 1.3199999704957008 916
1587042790233 0.5999999865889549 917
1587042797003 1.8099999595433474 918
1587042804273 0.4399999901652336 919
1587042810687 0.4599999897181988 920
1587042817301 0.3799999915063381 921
1587042824894 0.5199999883770943 922
1587042831843 1.1899999734014273 923
1587042838390 0.3999999910593033 924
1587042844813 0.3199999928474426 925
1587042851096 0.8199999816715717 926
1587042857621 0.7599999830126762 927
1587042864018 0.36999999172985554 928
1587042870368 0.8299999814480543 929
1587042876813 1.2999999709427357 930
1587042883225 0.7799999825656414 931
1587042889580 1.4899999666959047 932
1587042896012 0.8399999812245369 933
1587042902454 0.3299999926239252 934
1587042908939 3.089999930933118 935
1587042915355 2.249999949708581 936
1587042921764 0.47999998927116394 937
1587042928130 0.8499999810010195 938
1587042934548 0.5399999879300594 939
1587042940994 0.8699999805539846 940
1587042947411 1.1399999745190144 941
1587042953808 1.2799999713897705 942
1587042960285 1.4799999669194221 943
1587042966699 1.389999968931079 944
1587042973110 0.6299999859184027 945
1587042979666 1.269999971613288 946
1587042986043 1.2499999720603228 947
1587042992582 1.0399999767541885 948
1587042998994 0.2699999939650297 949
1587043005526 0.9599999785423279 950
1587043011922 1.0199999772012234 951
1587043018357 0.9999999776482582 952
1587043024725 1.7099999617785215 953
1587043031149 1.5899999644607306 954
1587043037529 0.46999998949468136 955
1587043043904 0.7799999825656414 956
1587043050504 0.9299999792128801 957
1587043056984 0.0 958
1587043063373 1.4999999664723873 959
1587043069845 0.549999987706542 960
1587043076322 0.1099999975413084 961
1587043082795 1.339999970048666 962
1587043095477 1.1399999745190144 963
1587043103185 0.8799999803304672 964
1587043111067 0.12999999709427357 965
1587043119013 0.029999999329447746 966
1587043126860 0.06999999843537807 967
1587043134803 0.6399999856948853 968
1587043142648 0.07999999821186066 969
1587043152298 0.7099999841302633 970
1587043160052 0.7099999841302633 971
1587043167890 0.0 972
1587043175887 0.13999999687075615 973
1587043183865 0.7599999830126762 974
1587043191752 0.8399999812245369 975
1587043199487 0.1099999975413084 976
1587043207226 0.5899999868124723 977
1587043215012 0.6799999848008156 978
1587043222747 0.8699999805539846 979
1587043230549 0.0 980
1587043238202 1.2099999729543924 981
1587043245959 0.2199999950826168 982
1587043253963 0.5699999872595072 983
1587043269896 1.939999956637621 984
1587043281549 0.0 985
1587043291237 1.1899999734014273 986
1587043303260 0.3899999912828207 987
1587043317179 0.1599999964237213 988
1587043326886 1.6599999628961086 989
1587043337406 1.1999999731779099 990
1587043350088 0.9499999787658453 991
1587043361803 0.2199999950826168 992
1587043372966 0.6799999848008156 993
1587043383012 0.3499999921768904 994
1587043393680 0.7999999821186066 995
1587043404925 0.9999999776482582 996
1587043414143 0.6399999856948853 997
1587043435089 0.8799999803304672 998
1587043448212 0.0 999
1587043469601 0.0 1000
1587043496088 0.0 1001
1587043506875 0.6099999863654375 1002
1587043515998 1.3099999707192183 1003
1587043524902 2.149999951943755 1004
1587043538225 0.8399999812245369 1005
1587043554907 0.23999999463558197 1006
1587043565164 2.4999999441206455 1007
1587043574537 0.17999999597668648 1008
1587043588844 0.35999999195337296 1009
1587043603033 0.2899999935179949 1010
1587043615304 0.8799999803304672 1011
1587043627510 0.979999978095293 1012
1587043639651 0.8699999805539846 1013
1587043649913 0.0 1014
1587043658738 1.2499999720603228 1015
1587043667587 0.8899999801069498 1016
1587043676376 0.6899999845772982 1017
1587043685182 0.2799999937415123 1018
1587043694185 1.4199999682605267 1019
1587043702941 0.0 1020
1587043711530 1.0399999767541885 1021
1587043726912 0.9599999785423279 1022
1587043734705 0.669999985024333 1023
1587043742166 0.8999999798834324 1024
1587043751515 1.4399999678134918 1025
1587043764159 0.8199999816715717 1026
1587043780125 0.8599999807775021 1027
1587043795956 0.8099999818950891 1028
1587043807572 0.03999999910593033 1029
1587043818992 0.5899999868124723 1030
1587043830711 1.81999995931983 1031
1587043841998 0.2799999937415123 1032
1587043853571 0.35999999195337296 1033
1587043864999 0.7299999836832285 1034
1587043876253 0.909999979659915 1035
1587043887919 0.8399999812245369 1036
1587043899719 0.8599999807775021 1037
1587043911475 0.0 1038
1587043923278 0.0 1039
1587043934868 0.5099999886006117 1040
1587043946581 0.6499999854713678 1041
1587043957914 0.6799999848008156 1042
1587043969414 0.5699999872595072 1043
1587043980939 1.3299999702721834 1044
1587043992680 1.2499999720603228 1045
1587044004185 0.6499999854713678 1046
1587044019111 0.6599999852478504 1047
1587044033243 1.6899999622255564 1048
1587044045973 0.9699999783188105 1049
1587044057891 0.0 1050
1587044069254 0.6299999859184027 1051
1587044080452 1.169999973848462 1052
1587044092105 0.7699999827891588 1053
1587044104027 1.1999999731779099 1054
1587044115494 0.8499999810010195 1055
1587044126987 0.1099999975413084 1056
1587044137999 0.7299999836832285 1057
1587044150187 0.3299999926239252 1058
1587044158159 0.5199999883770943 1059
1587044165141 0.2199999950826168 1060
1587044171976 1.149999974295497 1061
1587044178851 0.3899999912828207 1062
1587044185810 1.3299999702721834 1063
1587044192739 0.11999999731779099 1064
1587044203187 1.2999999709427357 1065
1587044213860 0.7499999832361937 1066
1587044220925 0.17999999597668648 1067
1587044229208 1.3199999704957008 1068
1587044236394 0.019999999552965164 1069
1587044243196 0.7699999827891588 1070
1587044250070 1.1599999740719795 1071
1587044256968 0.7099999841302633 1072
1587044263771 0.4599999897181988 1073
1587044270677 0.7999999821186066 1074
1587044279799 0.909999979659915 1075
1587044287129 0.8499999810010195 1076
1587044296013 0.0 1077
1587044302733 0.47999998927116394 1078
1587044309437 0.0 1079
1587044316212 0.7999999821186066 1080
1587044322976 0.5099999886006117 1081
1587044329758 0.5299999881535769 1082
1587044336586 0.6399999856948853 1083
1587044343375 0.7399999834597111 1084
1587044350078 1.3699999693781137 1085
1587044356833 0.3499999921768904 1086
1587044363620 0.9899999778717756 1087
1587044370772 0.19999999552965164 1088
1587044377352 0.2799999937415123 1089
1587044384176 0.0 1090
1587044390915 0.6599999852478504 1091
1587044397515 0.8599999807775021 1092
1587044404281 0.20999999530613422 1093
1587044413503 0.29999999329447746 1094
1587044421675 0.9599999785423279 1095
1587044428590 0.7999999821186066 1096
1587044435206 0.04999999888241291 1097
1587044441861 1.5899999644607306 1098
1587044448693 0.0 1099
1587044459051 0.8299999814480543 1100
1587044467819 1.2399999722838402 1101
1587044475434 0.46999998949468136 1102
1587044483104 1.3099999707192183 1103
1587044491576 1.6899999622255564 1104
1587044500272 1.149999974295497 1105
1587044507080 0.5399999879300594 1106
1587044513779 0.5399999879300594 1107
1587044520452 0.3399999924004078 1108
1587044527168 0.6799999848008156 1109
1587044534173 0.4599999897181988 1110
1587044541009 1.099999975413084 1111
1587044547754 0.8599999807775021 1112
1587044554577 1.2399999722838402 1113
1587044561298 0.17999999597668648 1114
1587044568077 0.4599999897181988 1115
1587044576313 0.0 1116
1587044584685 0.8399999812245369 1117
1587044594305 0.19999999552965164 1118
1587044601393 0.019999999552965164 1119
1587044609676 1.5199999660253525 1120
1587044617058 1.4799999669194221 1121
1587044624143 1.459999967366457 1122
1587044630897 0.3799999915063381 1123
1587044638015 0.549999987706542 1124
1587044644852 0.789999982342124 1125
1587044651722 0.6799999848008156 1126
1587044658494 0.3299999926239252 1127
1587044665393 0.0 1128
1587044672125 0.3899999912828207 1129
1587044678949 0.3799999915063381 1130
1587044685826 0.11999999731779099 1131
1587044692882 1.289999971166253 1132
1587044699727 0.14999999664723873 1133
1587044706723 1.5599999651312828 1134
1587044713609 2.2399999499320984 1135
1587044720563 0.5199999883770943 1136
1587044727414 0.7699999827891588 1137
1587044734319 0.07999999821186066 1138
1587044741121 1.099999975413084 1139
1587044748169 0.4899999890476465 1140
1587044754894 0.0 1141
1587044761723 0.0 1142
1587044768509 0.0 1143
1587044775327 1.169999973848462 1144
1587044787759 1.529999965801835 1145
1587044803395 0.9699999783188105 1146
1587044814707 0.7799999825656414 1147
1587044826146 1.8599999584257603 1148
1587044837796 1.1099999751895666 1149
1587044850043 1.4699999671429396 1150
1587044861312 0.8999999798834324 1151
1587044872954 0.0 1152
1587044884681 0.8799999803304672 1153
1587044896308 1.2299999725073576 1154
1587044907755 0.7499999832361937 1155
1587044919193 0.08999999798834324 1156
1587044930434 0.6799999848008156 1157
1587044941636 1.4699999671429396 1158
1587044953141 0.5099999886006117 1159
1587044964553 0.36999999172985554 1160
1587044976066 0.46999998949468136 1161
1587044987511 0.3999999910593033 1162
1587044999203 1.2499999720603228 1163
1587045010675 0.549999987706542 1164
1587045022582 1.4199999682605267 1165
1587045033551 0.5099999886006117 1166
1587045044351 0.20999999530613422 1167
1587045056078 0.789999982342124 1168
1587045074105 0.7299999836832285 1169
1587045086038 1.099999975413084 1170
1587045098572 0.9199999794363976 1171
1587045110452 0.6099999863654375 1172
1587045122434 0.6999999843537807 1173
1587045134339 0.5399999879300594 1174
1587045145738 1.959999956190586 1175
1587045156900 1.0399999767541885 1176
1587045168598 0.7299999836832285 1177
1587045180441 0.9199999794363976 1178
1587045192274 0.11999999731779099 1179
1587045207624 0.789999982342124 1180
1587045220488 0.1599999964237213 1181
1587045234037 0.4899999890476465 1182
1587045246120 0.0 1183
1587045257914 0.25999999418854713 1184
1587045265213 0.669999985024333 1185
1587045271955 0.2799999937415123 1186
1587045278707 0.06999999843537807 1187
1587045285447 0.8699999805539846 1188
1587045292492 0.7699999827891588 1189
1587045299341 0.4599999897181988 1190
1587045306132 0.20999999530613422 1191
1587045312905 0.2699999939650297 1192
1587045319608 0.0 1193
1587045326374 0.0 1194
1587045333042 0.8699999805539846 1195
1587045339747 0.5799999870359898 1196
1587045346395 0.12999999709427357 1197
1587045353147 0.08999999798834324 1198
1587045359768 0.40999999083578587 1199
1587045366583 1.5999999642372131 1200
1587045373670 0.4399999901652336 1201
1587045380556 0.7799999825656414 1202
1587045387442 0.7599999830126762 1203
1587045394241 1.3099999707192183 1204
1587045400840 0.23999999463558197 1205
1587045407516 0.2299999948590994 1206
1587045414151 0.9699999783188105 1207
1587045420905 2.059999953955412 1208
1587045427532 0.0 1209
1587045434270 0.9899999778717756 1210
1587045440976 1.029999976977706 1211
1587045447763 0.0 1212
1587045454429 0.9899999778717756 1213
1587045461168 0.9499999787658453 1214
1587045467966 0.7299999836832285 1215
1587045474704 1.8499999586492777 1216
1587045481474 0.2199999950826168 1217
1587045488160 0.5699999872595072 1218
1587045495012 0.669999985024333 1219
1587045501684 0.11999999731779099 1220
1587045508475 0.8999999798834324 1221
1587045515267 0.6399999856948853 1222
1587045521920 0.07999999821186066 1223
1587045528682 1.6399999633431435 1224
1587045535423 0.7099999841302633 1225
1587045542142 1.0499999765306711 1226
1587045548886 2.1899999510496855 1227
1587045555628 1.3099999707192183 1228
1587045562402 1.0199999772012234 1229
1587045569152 0.18999999575316906 1230
1587045575834 0.36999999172985554 1231
1587045582555 0.12999999709427357 1232
1587045589191 0.7499999832361937 1233
1587045596092 0.2699999939650297 1234
1587045602862 0.3199999928474426 1235
1587045609612 1.529999965801835 1236
1587045616268 1.0099999774247408 1237
1587045623006 0.30999999307096004 1238
1587045629706 1.029999976977706 1239
1587045636391 1.4499999675899744 1240
1587045643136 0.13999999687075615 1241
1587045649919 0.25999999418854713 1242
1587045656668 1.409999968484044 1243
1587045663360 0.9499999787658453 1244
1587045670079 0.019999999552965164 1245
1587045676720 0.9199999794363976 1246
1587045683489 1.6199999637901783 1247
1587045690271 0.7099999841302633 1248
1587045697010 0.9299999792128801 1249
1587045703799 1.7499999608844519 1250
1587045710479 0.0 1251
1587045717215 0.6899999845772982 1252
1587045723985 0.4599999897181988 1253
1587045730598 0.6599999852478504 1254
1587045737357 0.17999999597668648 1255
1587045744024 0.2899999935179949 1256
1587045750679 0.549999987706542 1257
1587045757307 0.6199999861419201 1258
1587045764076 0.36999999172985554 1259
1587045770847 0.0 1260
1587045777514 0.549999987706542 1261
1587045784322 0.1599999964237213 1262
1587045791091 0.5299999881535769 1263
1587045797858 0.0 1264
1587045804562 0.7499999832361937 1265
1587045811343 1.0199999772012234 1266
1587045818049 0.35999999195337296 1267
1587045824814 0.6199999861419201 1268
1587045831652 1.5599999651312828 1269
1587045838355 0.6199999861419201 1270
1587045845045 0.12999999709427357 1271
1587045852045 0.0 1272
1587045858778 1.2599999718368053 1273
1587045865501 0.47999998927116394 1274
1587045872036 0.8999999798834324 1275
1587045878681 1.3299999702721834 1276
1587045885504 0.7799999825656414 1277
1587045892225 1.5999999642372131 1278
1587045898864 0.0 1279
1587045905710 0.09999999776482582 1280
1587045912323 0.2299999948590994 1281
1587045919054 0.19999999552965164 1282
1587045925739 0.0 1283
1587045932415 1.0199999772012234 1284
1587045938970 0.0 1285
1587045945642 1.2999999709427357 1286
1587045952228 0.0 1287
1587045958709 0.2899999935179949 1288
1587045965308 0.9399999789893627 1289
1587045971903 0.4999999888241291 1290
1587045978584 0.3899999912828207 1291
1587045985318 2.1399999521672726 1292
1587045992025 1.3499999698251486 1293
1587045998679 0.04999999888241291 1294
1587046005332 1.029999976977706 1295
1587046011884 0.36999999172985554 1296
1587046018449 1.3799999691545963 1297
1587046025214 0.3999999910593033 1298
1587046031817 0.4399999901652336 1299
1587046038487 1.029999976977706 1300
1587046045306 0.8099999818950891 1301
1587046052040 0.07999999821186066 1302
1587046058659 0.789999982342124 1303
1587046065362 0.7599999830126762 1304
1587046071964 0.5899999868124723 1305
1587046078592 0.549999987706542 1306
1587046085304 0.5299999881535769 1307
1587046091962 0.2799999937415123 1308
1587046098605 0.03999999910593033 1309
1587046105361 0.7799999825656414 1310
1587046112067 0.40999999083578587 1311
1587046118716 1.3099999707192183 1312
1587046125432 1.1599999740719795 1313
1587046132172 0.9899999778717756 1314
1587046138823 0.25999999418854713 1315
1587046145442 1.3099999707192183 1316
1587046152044 1.5399999655783176 1317
1587046158746 0.7999999821186066 1318
1587046165347 1.2999999709427357 1319
1587046172114 0.6099999863654375 1320
1587046178716 0.8599999807775021 1321
1587046185335 0.8999999798834324 1322
1587046192118 0.25999999418854713 1323
1587046198854 1.0399999767541885 1324
1587046205690 0.1099999975413084 1325
1587046212374 0.3399999924004078 1326
1587046219127 0.0 1327
1587046225831 0.8299999814480543 1328
1587046232466 0.789999982342124 1329
1587046239208 1.5999999642372131 1330
1587046245795 0.24999999441206455 1331
1587046252457 0.0 1332
1587046259060 0.1099999975413084 1333
1587046265681 0.3899999912828207 1334
1587046272165 0.0 1335
1587046278848 0.0 1336
1587046285488 1.2399999722838402 1337
1587046292089 0.7299999836832285 1338
1587046298745 0.909999979659915 1339
1587046305423 0.3299999926239252 1340
1587046312082 0.4899999890476465 1341
1587046318668 0.13999999687075615 1342
1587046325432 1.289999971166253 1343
1587046332160 0.7999999821186066 1344
1587046338619 1.1399999745190144 1345
1587046345121 0.669999985024333 1346
1587046351622 2.3999999463558197 1347
1587046358363 1.4699999671429396 1348
1587046364983 0.04999999888241291 1349
1587046371576 0.0 1350
1587046378372 0.9499999787658453 1351
1587046385124 0.8699999805539846 1352
1587046392029 1.0699999760836363 1353
1587046398678 0.8399999812245369 1354
1587046405316 0.5199999883770943 1355
1587046411818 0.5699999872595072 1356
1587046418454 0.3299999926239252 1357
1587046425020 1.6899999622255564 1358
1587046431757 0.13999999687075615 1359
1587046438423 0.4599999897181988 1360
1587046445224 0.5099999886006117 1361
1587046452260 1.1099999751895666 1362
1587046458907 0.36999999172985554 1363
1587046465680 0.7799999825656414 1364
1587046472306 0.0 1365
1587046479038 0.40999999083578587 1366
1587046485692 0.8299999814480543 1367
1587046492456 0.2699999939650297 1368
1587046499142 0.4599999897181988 1369
1587046505979 0.46999998949468136 1370
1587046512600 0.6399999856948853 1371
1587046519373 0.6899999845772982 1372
1587046525999 0.4599999897181988 1373
1587046532687 1.5999999642372131 1374
1587046539295 0.549999987706542 1375
1587046545914 0.25999999418854713 1376
1587046552429 1.2599999718368053 1377
1587046559066 0.0 1378
1587046565681 0.0 1379
1587046572300 0.8099999818950891 1380
1587046578971 0.8399999812245369 1381
1587046585582 1.3799999691545963 1382
1587046592277 0.6199999861419201 1383
1587046598811 0.3999999910593033 1384
1587046605527 0.9499999787658453 1385
1587046612147 0.4399999901652336 1386
1587046618753 0.5299999881535769 1387
1587046625415 0.6499999854713678 1388
1587046632155 0.3799999915063381 1389
1587046638771 0.7699999827891588 1390
1587046645325 1.2399999722838402 1391
1587046652093 1.3799999691545963 1392
1587046658714 0.42999999038875103 1393
1587046665348 0.4999999888241291 1394
1587046672008 0.6299999859184027 1395
1587046678736 0.4399999901652336 1396
1587046685405 0.9199999794363976 1397
1587046692095 0.6099999863654375 1398
1587046698824 0.5199999883770943 1399
1587046705542 0.05999999865889549 1400
1587046712565 0.7599999830126762 1401
1587046719181 1.2299999725073576 1402
1587046725924 0.5099999886006117 1403
1587046732703 0.4399999901652336 1404
1587046739341 1.0799999758601189 1405
1587046746215 0.7699999827891588 1406
1587046753014 0.979999978095293 1407
1587046759784 0.7699999827891588 1408
1587046766924 0.6899999845772982 1409
1587046774143 0.2299999948590994 1410
1587046781245 1.459999967366457 1411
1587046788304 1.1899999734014273 1412
1587046795108 0.6399999856948853 1413
1587046801917 0.4999999888241291 1414
1587046808647 0.6299999859184027 1415
1587046815432 0.08999999798834324 1416
1587046822136 0.2899999935179949 1417
1587046828922 0.25999999418854713 1418
1587046835573 0.17999999597668648 1419
1587046842344 0.8299999814480543 1420
1587046848960 0.7499999832361937 1421
1587046855677 0.2699999939650297 1422
1587046862367 0.42999999038875103 1423
1587046869081 0.3799999915063381 1424
1587046875768 0.5699999872595072 1425
1587046882390 0.0 1426
1587046888873 0.17999999597668648 1427
1587046895610 1.1099999751895666 1428
1587046902310 0.6499999854713678 1429
1587046908998 0.9699999783188105 1430
1587046915665 0.6899999845772982 1431
1587046922467 0.5899999868124723 1432
1587046929106 0.5599999874830246 1433
1587046935940 0.1099999975413084 1434
1587046942609 0.0 1435
1587046949293 0.09999999776482582 1436
1587046955896 0.2199999950826168 1437
1587046962566 0.30999999307096004 1438
1587046969150 0.35999999195337296 1439
1587046975898 0.05999999865889549 1440
1587046982468 0.789999982342124 1441
1587046989122 0.7799999825656414 1442
1587046995802 0.18999999575316906 1443
1587047002440 0.6299999859184027 1444
1587047009100 0.4899999890476465 1445
1587047015745 0.36999999172985554 1446
1587047022501 0.6999999843537807 1447
1587047029388 0.549999987706542 1448
1587047036070 0.7699999827891588 1449
1587047042816 0.29999999329447746 1450
1587047049443 0.47999998927116394 1451
1587047056441 0.0 1452
1587047063280 0.5699999872595072 1453
1587047070718 0.7599999830126762 1454
1587047077941 0.0 1455
1587047084718 0.6999999843537807 1456
1587047091274 0.4499999899417162 1457
1587047097890 0.8899999801069498 1458
1587047104613 0.24999999441206455 1459
1587047111239 1.0899999756366014 1460
1587047117882 0.4999999888241291 1461
1587047124535 0.1699999962002039 1462
1587047131099 0.8499999810010195 1463
1587047137940 0.0 1464
1587047144727 0.6099999863654375 1465
1587047151494 0.4499999899417162 1466
1587047158212 0.2799999937415123 1467
1587047165030 1.0399999767541885 1468
1587047174100 0.0 1469
1587047181034 0.3799999915063381 1470
1587047187740 0.2299999948590994 1471
1587047194452 0.5099999886006117 1472
1587047201156 1.029999976977706 1473
1587047207818 0.8999999798834324 1474
1587047214381 0.8299999814480543 1475
1587047221147 0.9599999785423279 1476
1587047227782 0.0 1477
1587047234400 0.5399999879300594 1478
1587047241004 0.0 1479
1587047247684 0.35999999195337296 1480
1587047254425 1.4799999669194221 1481
1587047261108 1.2799999713897705 1482
1587047267826 1.7899999599903822 1483
1587047274495 0.09999999776482582 1484
1587047281165 1.029999976977706 1485
1587047287934 1.1799999736249447 1486
1587047294539 0.8799999803304672 1487
1587047302076 0.1099999975413084 1488
1587047308779 0.03999999910593033 1489
1587047315484 1.2099999729543924 1490
1587047428222 1.1399999745190144 1491
1587047435310 0.35999999195337296 1492
1587047444594 0.5099999886006117 1493
1587047453828 0.40999999083578587 1494
1587047462521 0.8299999814480543 1495
1587047471314 0.2799999937415123 1496
1587048812350 0.7699999827891588 1497
1587048821829 0.909999979659915 1498
1587048830435 0.12999999709427357 1499
1587048841142 1.7399999611079693 1500
1587048864313 0.8299999814480543 1501
1587048871558 0.3299999926239252 1502
1587048880840 0.6799999848008156 1503
1587048894517 0.029999999329447746 1504
1587048904894 1.409999968484044 1505
1587048912890 0.5199999883770943 1506
1587048920734 0.19999999552965164 1507
1587048931777 0.669999985024333 1508
1587048946942 0.4399999901652336 1509
1587048963370 0.8199999816715717 1510
1587048973873 0.14999999664723873 1511
1587048984421 0.41999999061226845 1512
1587048991307 0.4499999899417162 1513
1587048998144 0.36999999172985554 1514
1587049005398 0.2899999935179949 1515
1587049013534 0.19999999552965164 1516
1587049029534 1.1399999745190144 1517
1587049043657 1.0699999760836363 1518
1587049060244 0.17999999597668648 1519
1587049078905 1.1899999734014273 1520
1587049087896 0.2699999939650297 1521
1587049097327 0.03999999910593033 1522
1587049105717 1.099999975413084 1523
1587049113899 1.4699999671429396 1524
1587049122462 0.8799999803304672 1525
1587049132442 0.7299999836832285 1526
1587049140794 0.11999999731779099 1527
1587049149566 0.4999999888241291 1528
1587049157992 0.8299999814480543 1529
1587049167989 0.8499999810010195 1530
1587049176043 0.12999999709427357 1531
1587049183654 0.13999999687075615 1532
1587049192267 1.579999964684248 1533
1587049199523 0.9699999783188105 1534
1587049206644 0.669999985024333 1535
1587049214189 1.4399999678134918 1536
1587049221283 0.7299999836832285 1537
1587049228319 0.0 1538
1587049235392 0.36999999172985554 1539
1587049242408 0.2799999937415123 1540
1587049249466 0.23999999463558197 1541
1587049256575 0.41999999061226845 1542
1587049263505 1.5599999651312828 1543
1587049270574 0.5099999886006117 1544
1587049277736 0.5599999874830246 1545
1587049285971 0.4499999899417162 1546
1587049293019 1.0199999772012234 1547
1587049299987 1.0099999774247408 1548
1587049306812 0.6999999843537807 1549
1587049313826 0.3299999926239252 1550
1587049320793 0.5199999883770943 1551
1587049327812 1.1999999731779099 1552
1587049334815 0.909999979659915 1553
1587049341516 0.3799999915063381 1554
1587049347936 0.7599999830126762 1555
1587049355108 0.3399999924004078 1556
1587049365197 0.5199999883770943 1557
1587049373597 0.7399999834597111 1558
1587049382615 2.2799999490380287 1559
1587049391313 0.1099999975413084 1560
1587049398262 0.669999985024333 1561
1587049405331 0.0 1562
1587049412456 0.0 1563
1587049419573 1.3099999707192183 1564
1587049426180 0.0 1565
1587049433145 0.6499999854713678 1566
1587049440597 0.9199999794363976 1567
1587049449414 0.4899999890476465 1568
1587049458151 0.0 1569
1587049471325 0.23999999463558197 1570
1587049479023 0.0 1571
1587049488412 0.549999987706542 1572
1587049499765 1.2499999720603228 1573
1587049506911 0.549999987706542 1574
1587049513780 0.36999999172985554 1575
1587049520469 0.549999987706542 1576
1587049527155 1.0399999767541885 1577
1587049533820 1.1099999751895666 1578
1587049541344 1.5199999660253525 1579
1587049549517 0.0 1580
1587049556446 0.6899999845772982 1581
1587049563301 0.36999999172985554 1582
1587049572268 0.09999999776482582 1583
1587049580733 1.50999996624887 1584
1587049588175 0.04999999888241291 1585
1587049595827 0.2799999937415123 1586
1587049602790 1.1599999740719795 1587
1587049609969 0.8999999798834324 1588
1587049617377 0.2799999937415123 1589
1587049625139 1.4299999680370092 1590
1587049632765 0.2699999939650297 1591
1587049640323 0.3499999921768904 1592
1587049647546 0.36999999172985554 1593
1587049655236 0.3499999921768904 1594
1587049662918 0.6999999843537807 1595
1587049670158 1.3299999702721834 1596
1587049677452 0.5699999872595072 1597
1587049685252 0.8799999803304672 1598
1587049692373 0.549999987706542 1599
1587049702296 0.46999998949468136 1600
1587049714789 1.4299999680370092 1601
1587049726911 1.4299999680370092 1602
1587049734362 1.5699999649077654 1603
1587049743380 0.04999999888241291 1604
1587049754610 0.08999999798834324 1605
1587049761371 1.459999967366457 1606
1587049768429 1.2799999713897705 1607
1587049775688 1.1299999747425318 1608
1587049782359 0.8899999801069498 1609
1587049789274 0.8199999816715717 1610
1587049797296 0.8199999816715717 1611
1587049804557 0.3899999912828207 1612
1587049811776 0.6799999848008156 1613
1587049821392 0.14999999664723873 1614
1587049827869 0.549999987706542 1615
1587049834230 0.1099999975413084 1616
1587049841109 0.2199999950826168 1617
1587049848346 0.08999999798834324 1618
1587049858004 0.0 1619
1587049866417 0.03999999910593033 1620
1587049873330 1.1199999749660492 1621
1587049881172 0.03999999910593033 1622
1587049888572 0.4399999901652336 1623
1587049895588 0.17999999597668648 1624
1587049906598 0.05999999865889549 1625
1587049916681 0.0 1626
1587049923811 0.7099999841302633 1627
1587049931074 0.2899999935179949 1628
1587049940424 0.36999999172985554 1629
1587049948235 0.19999999552965164 1630
1587049956624 0.3799999915063381 1631
1587049963669 0.0 1632
1587049971983 0.13999999687075615 1633
1587049980363 0.0 1634
1587049987299 0.0 1635
1587049994899 0.8099999818950891 1636
1587050001738 0.2799999937415123 1637
1587050008858 0.09999999776482582 1638
1587050017199 0.5099999886006117 1639
1587050025304 0.06999999843537807 1640
1587050044180 0.0 1641
1587050053350 0.2199999950826168 1642
1587050060957 0.009999999776482582 1643
1587050068543 0.0 1644
1587050075646 0.04999999888241291 1645
1587050083366 0.05999999865889549 1646
1587050093014 0.0 1647
1587050102210 0.05999999865889549 1648
1587050110009 0.1099999975413084 1649
1587050118727 0.25999999418854713 1650
1587050126952 0.06999999843537807 1651
1587050134539 0.24999999441206455 1652
1587050142005 0.3199999928474426 1653
1587050152811 0.11999999731779099 1654
1587050165399 0.549999987706542 1655
1587050177843 0.3299999926239252 1656
1587050187373 0.7299999836832285 1657
1587050198479 0.09999999776482582 1658
1587050206877 1.169999973848462 1659
1587050214393 0.1099999975413084 1660
1587050224037 0.5199999883770943 1661
1587050235677 0.5599999874830246 1662
1587050244440 0.09999999776482582 1663
1587050251559 0.0 1664
1587050258983 0.2299999948590994 1665
1587050266482 0.1099999975413084 1666
1587050273522 0.1099999975413084 1667
1587050282639 1.1799999736249447 1668
1587050307195 0.07999999821186066 1669
1587050316232 0.1099999975413084 1670
1587050326017 0.3199999928474426 1671
1587050333245 0.3199999928474426 1672
1587050341016 0.0 1673
1587050348417 0.04999999888241291 1674
1587050356423 0.2199999950826168 1675
1587050363247 0.2299999948590994 1676
1587050371445 0.05999999865889549 1677
1587050379495 0.549999987706542 1678
1587050387177 0.08999999798834324 1679
1587050394746 0.3299999926239252 1680
1587050402107 0.2699999939650297 1681
1587050409525 0.09999999776482582 1682
1587050416928 0.0 1683
1587050424138 0.0 1684
1587050431909 0.6499999854713678 1685
1587050438980 1.3999999687075615 1686
1587050446452 0.8599999807775021 1687
1587050453516 0.0 1688
1587050460904 1.1099999751895666 1689
1587050468294 0.1599999964237213 1690
1587050476149 1.2099999729543924 1691
1587050484048 1.6299999635666609 1692
1587050491590 0.30999999307096004 1693
1587050499766 0.8899999801069498 1694
1587050507687 0.3799999915063381 1695
1587050515688 0.669999985024333 1696
1587050522973 1.4699999671429396 1697
1587050530539 1.4999999664723873 1698
1587050537850 0.5799999870359898 1699
1587050548107 0.4899999890476465 1700
1587050564098 0.9699999783188105 1701
1587050573617 1.1599999740719795 1702
1587050581834 0.2699999939650297 1703
1587050589185 0.1599999964237213 1704
1587050597304 0.4899999890476465 1705
1587050604176 0.5099999886006117 1706
1587050611899 0.2199999950826168 1707
1587050620034 0.6599999852478504 1708
1587050628175 0.3999999910593033 1709
1587050635894 0.7399999834597111 1710
1587050644469 0.9299999792128801 1711
1587050651460 0.2299999948590994 1712
1587050658603 0.09999999776482582 1713
1587050668982 0.7799999825656414 1714
1587050679326 0.7099999841302633 1715
1587050687643 0.8199999816715717 1716
1587050696620 0.6299999859184027 1717
1587050703954 0.029999999329447746 1718
1587050711458 1.269999971613288 1719
1587050718457 1.0099999774247408 1720
1587050726212 0.13999999687075615 1721
1587050733898 0.30999999307096004 1722
1587050741281 0.8399999812245369 1723
1587050748713 1.5499999653548002 1724
1587050756020 0.0 1725
1587050763402 0.8299999814480543 1726
1587050770139 0.7299999836832285 1727
1587050776786 0.3299999926239252 1728
1587050783475 1.269999971613288 1729
1587050789896 1.4999999664723873 1730
1587050796431 0.5399999879300594 1731
1587050802898 0.8799999803304672 1732
1587050809539 1.269999971613288 1733
1587050816604 0.2699999939650297 1734
1587050828175 1.0099999774247408 1735
1587050842660 0.6499999854713678 1736
1587050849862 0.3499999921768904 1737
1587050861381 0.5099999886006117 1738
1587050868374 0.5199999883770943 1739
1587050875517 1.2999999709427357 1740
1587050883054 0.23999999463558197 1741
1587050890488 0.8199999816715717 1742
1587050897925 0.14999999664723873 1743
1587050904689 0.29999999329447746 1744
1587050911630 1.7599999606609344 1745
1587050922428 0.19999999552965164 1746
1587050934774 0.46999998949468136 1747
1587050946902 0.9199999794363976 1748
1587050961949 0.5099999886006117 1749
1587050974273 0.7699999827891588 1750
1587050983810 1.0899999756366014 1751
1587050992846 0.19999999552965164 1752
1587051001097 0.549999987706542 1753
1587051014194 0.8999999798834324 1754
1587051024936 0.9699999783188105 1755
1587051039077 0.6299999859184027 1756
1587051047606 0.47999998927116394 1757
1587051055118 0.7399999834597111 1758
1587051065402 0.3399999924004078 1759
1587051075118 0.6799999848008156 1760
1587051083324 0.3399999924004078 1761
1587051090987 0.5699999872595072 1762
1587051101476 0.6799999848008156 1763
1587051109578 0.42999999038875103 1764
1587051119171 0.8499999810010195 1765
1587051129864 0.9899999778717756 1766
1587051138065 0.8399999812245369 1767
1587051145633 0.5099999886006117 1768
1587051153535 0.0 1769
1587051160606 0.8099999818950891 1770
1587051167838 0.8699999805539846 1771
1587051177296 0.9399999789893627 1772
1587051191878 1.0499999765306711 1773
1587051199071 0.09999999776482582 1774
1587051207863 0.5099999886006117 1775
1587051215680 0.0 1776
1587051222658 0.8299999814480543 1777
1587051229338 0.24999999441206455 1778
1587051235956 0.6399999856948853 1779
1587051242567 0.1699999962002039 1780
1587051249304 0.8299999814480543 1781
1587051256127 0.2699999939650297 1782
1587051262698 0.7699999827891588 1783
1587051269164 0.30999999307096004 1784
1587051275836 2.8399999365210533 1785
1587051282354 0.0 1786
1587051289090 0.1099999975413084 1787
1587051295867 0.7099999841302633 1788
1587051304029 1.1199999749660492 1789
1587051311658 1.7899999599903822 1790
1587051319296 1.3799999691545963 1791
1587051328224 0.5399999879300594 1792
1587051335436 0.08999999798834324 1793
1587051342823 0.9499999787658453 1794
1587051350691 0.9699999783188105 1795
1587051358299 1.2099999729543924 1796
1587051365014 0.8999999798834324 1797
1587051371735 1.0799999758601189 1798
1587051378851 1.099999975413084 1799
1587051385451 0.8999999798834324 1800
1587051392439 0.0 1801
1587051399044 1.2399999722838402 1802
1587051405694 0.0 1803
1587051412292 1.4499999675899744 1804
1587051418878 0.3299999926239252 1805
1587051425450 1.0199999772012234 1806
1587051431985 0.35999999195337296 1807
1587051438702 0.6599999852478504 1808
1587051446357 0.24999999441206455 1809
1587051453661 0.36999999172985554 1810
1587051460846 0.7499999832361937 1811
1587051468254 0.09999999776482582 1812
1587051475799 0.2899999935179949 1813
1587051483225 0.4499999899417162 1814
1587051491590 1.5199999660253525 1815
1587051498696 0.6199999861419201 1816
1587051506660 1.0799999758601189 1817
1587051513962 1.0699999760836363 1818
1587051521648 0.5299999881535769 1819
1587051533195 0.1599999964237213 1820
1587051540198 1.5599999651312828 1821
1587051554066 0.8799999803304672 1822
1587051563487 0.0 1823
1587051576461 0.17999999597668648 1824
1587051587011 0.35999999195337296 1825
1587051596148 0.47999998927116394 1826
1587051603631 1.6299999635666609 1827
1587051614683 0.1599999964237213 1828
1587051622036 0.25999999418854713 1829
1587051630218 0.8599999807775021 1830
1587051637724 0.5699999872595072 1831
1587051653089 0.4499999899417162 1832
1587051667603 0.8399999812245369 1833
1587051677447 0.18999999575316906 1834
1587051685268 0.0 1835
1587051694318 0.11999999731779099 1836
1587051703640 0.8599999807775021 1837
1587051713066 0.7399999834597111 1838
1587051722350 0.7299999836832285 1839
1587051732748 0.2199999950826168 1840
1587051741284 0.6299999859184027 1841
1587051750204 0.5999999865889549 1842
1587051761877 1.3499999698251486 1843
1587051780669 0.8999999798834324 1844
1587051789910 0.5699999872595072 1845
1587051798337 0.0 1846
1587051811180 0.18999999575316906 1847
1587051828397 1.0699999760836363 1848
1587051835822 0.4499999899417162 1849
1587051844286 0.3799999915063381 1850
1587051852037 0.24999999441206455 1851
1587051859236 0.1099999975413084 1852
1587051867177 0.08999999798834324 1853
1587051875133 0.18999999575316906 1854
1587051888776 0.46999998949468136 1855
1587051903399 0.2799999937415123 1856
1587051917262 0.25999999418854713 1857
1587051930686 1.8099999595433474 1858
1587051942538 1.6399999633431435 1859
1587051967004 0.8799999803304672 1860
1587051974457 0.5999999865889549 1861
1587051982235 0.8799999803304672 1862
1587051989076 0.35999999195337296 1863
1587051997231 0.8999999798834324 1864
1587052007558 1.0899999756366014 1865
1587052019047 0.36999999172985554 1866
1587052026625 0.0 1867
1587052034486 0.6599999852478504 1868
1587052042494 0.9299999792128801 1869
1587052054238 0.13999999687075615 1870
1587052064573 0.669999985024333 1871
1587052072516 0.9199999794363976 1872
1587052081590 1.5399999655783176 1873
1587052088764 0.9699999783188105 1874
1587052096876 0.6399999856948853 1875
1587052110939 0.2199999950826168 1876
1587052131086 0.789999982342124 1877
1587052151312 1.389999968931079 1878
1587052165862 0.7299999836832285 1879
1587052179039 0.6399999856948853 1880
1587052196704 1.2999999709427357 1881
1587052211613 1.0599999763071537 1882
1587052224134 1.5199999660253525 1883
1587052234815 0.0 1884
1587052246330 0.40999999083578587 1885
1587052255574 0.36999999172985554 1886
1587052264425 0.0 1887
1587052276354 0.0 1888
1587052286138 1.0499999765306711 1889
1587052294975 1.3099999707192183 1890
1587052303170 0.04999999888241291 1891
1587052311189 0.8599999807775021 1892
1587052318514 1.1399999745190144 1893
1587052325541 0.1599999964237213 1894
1587052332669 0.0 1895
1587052339809 0.13999999687075615 1896
1587052347596 0.7299999836832285 1897
1587052355212 0.7799999825656414 1898
1587052362528 0.6599999852478504 1899
1587052370085 1.699999962002039 1900
1587052377918 0.7199999839067459 1901
1587052385489 0.6899999845772982 1902
1587052393460 0.4599999897181988 1903
1587052402246 0.6999999843537807 1904
1587052411365 0.9999999776482582 1905
1587052421661 0.0 1906
1587052430488 0.7499999832361937 1907
1587052439245 0.8199999816715717 1908
1587052447823 0.0 1909
1587052455955 0.3899999912828207 1910
1587052465765 0.8099999818950891 1911
1587052476910 1.1899999734014273 1912
1587052484650 0.6299999859184027 1913
1587052493042 0.1599999964237213 1914
1587052501580 0.0 1915
1587052510514 0.47999998927116394 1916
1587052519172 0.8699999805539846 1917
1587052527499 0.2799999937415123 1918
1587052537866 0.9199999794363976 1919
1587052547750 1.2599999718368053 1920
1587052558080 0.5999999865889549 1921
1587052568124 0.2699999939650297 1922
1587052577811 0.6899999845772982 1923
1587052586310 0.6799999848008156 1924
1587052595035 0.6199999861419201 1925
1587052602468 0.6199999861419201 1926
1587052610015 0.14999999664723873 1927
1587052617685 0.0 1928
1587052625288 0.0 1929
1587052633088 0.41999999061226845 1930
1587052641846 0.7299999836832285 1931
1587052651208 0.12999999709427357 1932
1587052661148 0.7799999825656414 1933
1587052677794 0.9599999785423279 1934
1587052689348 0.9199999794363976 1935
1587052710269 0.23999999463558197 1936
1587052731361 1.5899999644607306 1937
1587052741927 1.7599999606609344 1938
1587052751837 0.40999999083578587 1939
1587052762057 0.1699999962002039 1940
1587052771568 0.8599999807775021 1941
1587052782946 0.12999999709427357 1942
1587052794952 0.0 1943
1587052805281 2.059999953955412 1944
1587052815050 0.2299999948590994 1945
1587052823136 0.06999999843537807 1946
1587052831395 0.6199999861419201 1947
1587052839227 1.3099999707192183 1948
1587052847488 1.0599999763071537 1949
1587052855434 0.6599999852478504 1950
1587052863367 1.529999965801835 1951
1587052871871 0.1099999975413084 1952
1587052880089 0.9999999776482582 1953
1587052888162 0.09999999776482582 1954
1587052896150 0.029999999329447746 1955
1587052904216 0.29999999329447746 1956
1587052912323 2.2099999506026506 1957
1587052920374 0.9699999783188105 1958
1587052928378 0.9399999789893627 1959
1587052936492 0.909999979659915 1960
1587052944444 0.6299999859184027 1961
1587052952253 1.3299999702721834 1962
1587052960201 1.2599999718368053 1963
1587052968171 0.0 1964
1587052976740 0.5199999883770943 1965
1587052984620 0.9399999789893627 1966
1587052992570 0.5699999872595072 1967
1587053000488 0.12999999709427357 1968
1587053008542 1.4799999669194221 1969
1587053016420 0.9399999789893627 1970
1587053032633 0.5599999874830246 1971
1587053075197 0.0 1972
1587053084351 0.03999999910593033 1973
1587053092467 0.6499999854713678 1974
1587053100594 0.30999999307096004 1975
1587053108796 1.2799999713897705 1976
1587053116397 0.25999999418854713 1977
1587053123349 0.9299999792128801 1978
1587053130910 0.5399999879300594 1979
1587053140411 0.11999999731779099 1980
1587053153360 0.0 1981
1587053162772 1.5999999642372131 1982
1587053174083 0.6499999854713678 1983
1587053190779 0.0 1984
1587053199560 1.459999967366457 1985
1587053207862 0.20999999530613422 1986
1587053216403 0.06999999843537807 1987
1587053224772 1.0799999758601189 1988
1587053233227 0.789999982342124 1989
1587053241595 0.549999987706542 1990
1587053249701 1.1599999740719795 1991
1587053258043 0.0 1992
1587053266658 0.2699999939650297 1993
1587053275386 0.3399999924004078 1994
1587053283595 0.17999999597668648 1995
1587053291864 0.40999999083578587 1996
1587053300436 0.7299999836832285 1997
1587053308659 0.4499999899417162 1998
1587053317001 1.3099999707192183 1999
1587053325168 0.2799999937415123 2000
1587053333930 0.3899999912828207 2001
1587053342401 1.4299999680370092 2002
1587053350688 1.0199999772012234 2003
1587053359124 0.6199999861419201 2004
1587053367327 0.0 2005
1587053376037 0.5899999868124723 2006
1587053384190 0.12999999709427357 2007
1587053392575 0.979999978095293 2008
1587053400997 0.7599999830126762 2009
1587053409577 0.0 2010
1587053417772 0.8899999801069498 2011
1587053426051 0.5899999868124723 2012
1587053434241 0.9699999783188105 2013
1587053443070 0.2199999950826168 2014
1587053451390 0.3399999924004078 2015
1587053460038 0.25999999418854713 2016
1587053468217 0.23999999463558197 2017
1587053477371 0.3999999910593033 2018
1587053485972 0.25999999418854713 2019
1587053494378 0.5999999865889549 2020
1587053502630 0.07999999821186066 2021
1587053511331 0.5199999883770943 2022
1587053519587 1.5899999644607306 2023
1587053527951 0.979999978095293 2024
1587053536318 0.30999999307096004 2025
1587053544567 0.5999999865889549 2026
1587053553391 0.4899999890476465 2027
1587053561650 0.5399999879300594 2028
1587053569918 1.5399999655783176 2029
1587053578198 2.0899999532848597 2030
1587053587177 0.3899999912828207 2031
1587053595480 0.41999999061226845 2032
1587053603634 0.25999999418854713 2033
1587053611859 0.8399999812245369 2034
1587053620758 0.7699999827891588 2035
1587053627858 0.7699999827891588 2036
1587053637570 1.0199999772012234 2037
1587053645759 1.0899999756366014 2038
1587053653572 1.959999956190586 2039
1587053664463 0.6499999854713678 2040
1587053683827 0.7499999832361937 2041
1587053697249 0.40999999083578587 2042
1587053714386 0.5399999879300594 2043
1587053732135 0.8199999816715717 2044
1587053755708 0.17999999597668648 2045
1587053773783 0.7099999841302633 2046
1587053803105 0.20999999530613422 2047
1587053825828 0.4999999888241291 2048
1587053841119 0.8999999798834324 2049
1587053864707 0.0 2050
1587053887880 0.0 2051
1587053921866 0.8899999801069498 2052
1587053944516 0.6499999854713678 2053
1587053960683 1.0599999763071537 2054
1587053975526 0.5299999881535769 2055
1587053995599 0.0 2056
1587054003825 0.5299999881535769 2057
1587054012422 0.2299999948590994 2058
1587054026630 0.5299999881535769 2059
1587054037282 0.5999999865889549 2060
1587054047401 0.4599999897181988 2061
1587054057098 0.0 2062
1587054067361 0.5699999872595072 2063
1587054077137 0.9299999792128801 2064
1587054085779 1.2299999725073576 2065
1587054102232 0.9299999792128801 2066
1587054119037 0.9699999783188105 2067
1587054132987 0.9699999783188105 2068
1587054143304 0.1599999964237213 2069
1587054153502 0.3199999928474426 2070
1587054162163 0.0 2071
1587054172578 0.4999999888241291 2072
1587054185066 0.4399999901652336 2073
1587054194271 1.50999996624887 2074
1587054206406 0.1599999964237213 2075
1587054217523 0.0 2076
1587054227953 0.2299999948590994 2077
1587054239189 0.07999999821186066 2078
1587054248534 0.9199999794363976 2079
1587054255675 0.0 2080
1587054262771 0.6999999843537807 2081
1587054271110 0.8399999812245369 2082
1587054279742 0.30999999307096004 2083
1587054288006 0.1699999962002039 2084
1587054296011 0.0 2085
1587054304032 0.5099999886006117 2086
1587054311903 2.0699999537318945 2087
1587054321148 0.1099999975413084 2088
1587054331062 0.04999999888241291 2089
1587054338472 0.9599999785423279 2090
1587054345511 0.3499999921768904 2091
1587054360611 0.30999999307096004 2092
1587054377547 1.0799999758601189 2093
1587054389621 0.2199999950826168 2094
1587054407232 1.4899999666959047 2095
1587054417539 0.7399999834597111 2096
1587054427978 0.0 2097
1587054440682 0.0 2098
1587054448918 0.3999999910593033 2099
1587054462728 0.13999999687075615 2100
1587054474249 0.5399999879300594 2101
1587054484760 1.3599999696016312 2102
1587054496297 0.07999999821186066 2103
1587054506544 0.0 2104
1587054515881 0.789999982342124 2105
1587054524700 0.0 2106
1587054533740 1.2499999720603228 2107
1587054551893 0.979999978095293 2108
1587054564768 0.4599999897181988 2109
1587054578425 0.09999999776482582 2110
1587054588187 0.3499999921768904 2111
1587054597645 0.8899999801069498 2112
1587054607005 0.789999982342124 2113
1587054618191 0.6999999843537807 2114
1587054627393 1.1599999740719795 2115
1587054635849 0.1599999964237213 2116
1587054644553 0.06999999843537807 2117
1587054657623 0.3299999926239252 2118
1587054666442 0.47999998927116394 2119
1587054675896 1.4899999666959047 2120
1587054690632 2.0399999544024467 2121
1587054704353 1.2099999729543924 2122
1587054719763 0.8999999798834324 2123
1587054732218 1.6599999628961086 2124
1587054740624 0.08999999798834324 2125
1587054748325 0.6299999859184027 2126
1587054762978 0.8099999818950891 2127
1587054773824 0.0 2128
1587054784610 0.3499999921768904 2129
1587054794293 0.8699999805539846 2130
1587054803378 0.3999999910593033 2131
1587054813372 0.2899999935179949 2132
1587054824113 0.47999998927116394 2133
1587054833727 1.2799999713897705 2134
1587054846847 0.1099999975413084 2135
1587054855703 1.2299999725073576 2136
1587054866054 0.18999999575316906 2137
1587054874776 1.149999974295497 2138
1587054884902 0.7699999827891588 2139
1587054900088 0.7099999841302633 2140
1587054913575 0.0 2141
1587054927694 0.2699999939650297 2142
1587054938742 0.4899999890476465 2143
1587054949424 0.6899999845772982 2144
1587054967243 0.2799999937415123 2145
1587054979733 0.29999999329447746 2146
1587054989591 0.0 2147
1587055001069 0.7299999836832285 2148
1587055012891 0.24999999441206455 2149
1587055026003 0.36999999172985554 2150
1587055036732 0.5999999865889549 2151
1587055048123 0.0 2152
1587055066933 0.6599999852478504 2153
1587055078301 0.0 2154
1587055092926 0.5999999865889549 2155
1587055102892 1.1199999749660492 2156
1587055112474 0.4599999897181988 2157
1587055123154 0.14999999664723873 2158
1587055136642 0.7799999825656414 2159
1587055151970 0.6399999856948853 2160
1587055165500 0.8499999810010195 2161
1587055176984 1.1299999747425318 2162
1587055189665 0.05999999865889549 2163
1587055205311 0.36999999172985554 2164
1587055223798 1.1199999749660492 2165
1587055238433 0.3199999928474426 2166
1587055248988 1.2499999720603228 2167
1587055266871 0.11999999731779099 2168
1587055278350 0.47999998927116394 2169
1587055287831 0.40999999083578587 2170
1587055296452 1.3699999693781137 2171
1587055305254 0.019999999552965164 2172
1587055316442 0.7399999834597111 2173
1587055325309 0.3399999924004078 2174
1587055335499 1.1099999751895666 2175
1587055343636 0.029999999329447746 2176
1587055352369 0.0 2177
1587055361098 1.4299999680370092 2178
1587055369899 0.2199999950826168 2179
1587055383129 0.8899999801069498 2180
1587055396419 0.5699999872595072 2181
1587055407985 0.0 2182
1587055425329 1.3299999702721834 2183
1587055437735 0.30999999307096004 2184
1587055447766 2.229999950155616 2185
1587055458104 0.36999999172985554 2186
1587055467726 1.1599999740719795 2187
1587055477262 0.42999999038875103 2188
1587055486436 0.04999999888241291 2189
1587055495921 0.789999982342124 2190
1587055505811 0.29999999329447746 2191
1587055515409 0.5899999868124723 2192
1587055528485 0.6299999859184027 2193
1587055538435 0.6599999852478504 2194
1587055570266 0.2299999948590994 2195
1587055580552 0.4399999901652336 2196
1587055591222 1.2099999729543924 2197
1587055601752 0.20999999530613422 2198
1587055612126 0.5199999883770943 2199
1587055622811 1.459999967366457 2200
1587055633683 0.7999999821186066 2201
1587055643639 0.6599999852478504 2202
1587055653077 1.9499999564141035 2203
1587055662547 0.5599999874830246 2204
1587055672477 0.5099999886006117 2205
1587055682937 1.6799999624490738 2206
1587055693076 0.3299999926239252 2207
1587055703758 0.1699999962002039 2208
1587055713896 1.269999971613288 2209
1587055724254 0.7199999839067459 2210
1587055734267 0.9199999794363976 2211
1587055744230 0.6399999856948853 2212
1587055754193 0.8599999807775021 2213
1587055764038 0.0 2214
1587055773550 0.18999999575316906 2215
1587055787245 1.0199999772012234 2216
1587055795671 1.3199999704957008 2217
1587055803007 0.4599999897181988 2218
1587055810877 0.9599999785423279 2219
1587055819745 1.289999971166253 2220
1587055828532 0.5999999865889549 2221
1587055835749 0.0 2222
1587055843418 0.3299999926239252 2223
1587055852956 0.4499999899417162 2224
1587055860391 0.35999999195337296 2225
1587055868056 0.6999999843537807 2226
1587055876096 1.1999999731779099 2227
1587055887605 0.4499999899417162 2228
1587055896133 1.9699999559670687 2229
1587055907180 0.4999999888241291 2230
1587055916780 0.0 2231
1587055928425 1.3199999704957008 2232
1587055938099 0.6499999854713678 2233
1587055948964 0.2699999939650297 2234
1587055959490 1.6699999626725912 2235
1587055968134 0.3199999928474426 2236
1587055976473 0.6499999854713678 2237
1587055985536 0.4499999899417162 2238
1587055996110 0.9599999785423279 2239
1587056007073 0.40999999083578587 2240
1587056017531 0.7699999827891588 2241
1587056025432 0.06999999843537807 2242
1587056034672 0.18999999575316906 2243
1587056051632 0.6399999856948853 2244
1587056062106 0.7399999834597111 2245
1587056075634 0.3899999912828207 2246
1587056089523 0.5299999881535769 2247
1587056098137 0.5899999868124723 2248
1587056108823 0.6799999848008156 2249
1587056121275 2.559999942779541 2250
1587056131005 0.5099999886006117 2251
1587056145059 0.6999999843537807 2252
1587056156915 0.7399999834597111 2253
1587056167209 0.7599999830126762 2254
1587056175450 0.8499999810010195 2255
1587056183961 0.7999999821186066 2256
1587056192151 0.07999999821186066 2257
1587056200630 0.2799999937415123 2258
1587056209482 0.2199999950826168 2259
1587056225179 1.4499999675899744 2260
1587056233429 0.20999999530613422 2261
1587056247690 0.7399999834597111 2262
1587056255818 0.0 2263
1587056264467 1.6699999626725912 2264
1587056272496 0.07999999821186066 2265
1587056279872 0.2899999935179949 2266
1587056286858 0.09999999776482582 2267
1587056294756 0.7799999825656414 2268
1587056302547 0.5299999881535769 2269
1587056312747 0.17999999597668648 2270
1587056322835 0.5899999868124723 2271
1587056331521 0.46999998949468136 2272
1587056339687 0.9999999776482582 2273
1587056347709 0.1699999962002039 2274
1587056355335 0.5099999886006117 2275
1587056370459 0.5199999883770943 2276
1587056379500 1.4199999682605267 2277
1587056388450 0.3899999912828207 2278
1587056396286 0.3299999926239252 2279
1587056404925 0.7099999841302633 2280
1587056414631 0.7999999821186066 2281
1587056424286 1.5499999653548002 2282
1587056433061 1.2599999718368053 2283
1587056441908 0.2299999948590994 2284
1587056449864 0.4599999897181988 2285
1587056458139 0.30999999307096004 2286
1587056466005 1.1799999736249447 2287
1587056474591 0.979999978095293 2288
1587056482635 0.4399999901652336 2289
1587056491169 0.17999999597668648 2290
1587056499262 0.04999999888241291 2291
1587056507895 0.6599999852478504 2292
1587056516990 0.11999999731779099 2293
1587056525422 0.25999999418854713 2294
1587056533860 0.35999999195337296 2295
1587056543724 0.4399999901652336 2296
1587056552198 1.4499999675899744 2297
1587056568188 1.0199999772012234 2298
1587056581986 2.0699999537318945 2299
1587056590722 1.5899999644607306 2300
1587056604456 0.2899999935179949 2301
1587056613636 0.5799999870359898 2302
1587056621739 0.24999999441206455 2303
1587056629221 0.47999998927116394 2304
1587056639085 0.12999999709427357 2305
1587056649612 0.0 2306
1587056658556 0.0 2307
1587056669434 0.47999998927116394 2308
1587056677553 0.0 2309
1587056687637 0.3299999926239252 2310
1587056695693 0.4999999888241291 2311
1587056703826 0.5199999883770943 2312
1587056711969 0.5299999881535769 2313
1587056720612 0.12999999709427357 2314
1587056728302 0.0 2315
1587056738413 0.0 2316
1587056749405 0.8699999805539846 2317
1587056757676 1.1199999749660492 2318
1587056765366 0.6399999856948853 2319
1587056773082 2.3999999463558197 2320
1587056782396 0.5199999883770943 2321
1587056791099 0.2899999935179949 2322
1587056799195 0.29999999329447746 2323
1587056806940 1.1799999736249447 2324
1587056814341 0.5699999872595072 2325
1587056823052 1.0399999767541885 2326
1587056831033 0.3799999915063381 2327
1587056841268 0.0 2328
1587056849445 0.0 2329
1587056857239 1.3099999707192183 2330
1587056864659 0.6199999861419201 2331
1587056872051 0.03999999910593033 2332
1587056879555 0.36999999172985554 2333
1587056887576 1.2999999709427357 2334
1587056898620 0.5699999872595072 2335
1587056907096 1.2099999729543924 2336
1587056914567 0.909999979659915 2337
1587056922554 0.18999999575316906 2338
1587056929779 0.3899999912828207 2339
1587056936823 0.6299999859184027 2340
1587056943976 1.2299999725073576 2341
1587056951335 0.549999987706542 2342
1587056959377 0.2699999939650297 2343
1587056968026 1.0599999763071537 2344
1587056976401 0.8599999807775021 2345
1587056985087 1.5699999649077654 2346
1587056994049 0.3299999926239252 2347
1587057002438 0.8299999814480543 2348
1587057010447 0.009999999776482582 2349
1587057019722 0.7799999825656414 2350
1587057028114 0.1599999964237213 2351
1587057037451 0.5999999865889549 2352
1587057051506 0.2899999935179949 2353
1587057062597 1.6899999622255564 2354
1587057074487 0.20999999530613422 2355
1587057084333 0.7099999841302633 2356
1587057092815 0.8499999810010195 2357
1587057100871 0.5699999872595072 2358
1587057108700 0.5399999879300594 2359
1587057116885 0.23999999463558197 2360
1587057123983 0.979999978095293 2361
1587057131380 0.18999999575316906 2362
1587057138425 0.7199999839067459 2363
1587057145832 0.3199999928474426 2364
1587057154649 0.1699999962002039 2365
1587057163922 0.2699999939650297 2366
1587057183118 0.909999979659915 2367
1587057197737 0.9299999792128801 2368
1587057213343 0.8999999798834324 2369
1587057231828 1.269999971613288 2370
1587057245637 0.2799999937415123 2371
1587057257719 1.0499999765306711 2372
1587057270175 0.42999999038875103 2373
1587057282994 1.2499999720603228 2374
1587057295192 0.4499999899417162 2375
1587057304343 0.2899999935179949 2376
1587057312480 0.4899999890476465 2377
1587057321349 0.09999999776482582 2378
1587057331552 0.7999999821186066 2379
1587057341019 0.4999999888241291 2380
1587057349819 0.5999999865889549 2381
1587057359279 0.6499999854713678 2382
1587057369978 1.1599999740719795 2383
1587057383919 0.4999999888241291 2384
1587057395858 0.2799999937415123 2385
1587057409865 1.8099999595433474 2386
1587057418489 0.0 2387
1587057431267 2.4299999456852674 2388
1587057443733 1.339999970048666 2389
1587057456491 0.23999999463558197 2390
1587057492210 0.3299999926239252 2391
1587057510037 0.23999999463558197 2392
1587057527063 0.8199999816715717 2393
1587057543982 0.5999999865889549 2394
1587057562250 1.0499999765306711 2395
1587057579055 0.09999999776482582 2396
1587057598568 0.8799999803304672 2397
1587057618052 0.549999987706542 2398
1587057637348 0.07999999821186066 2399
1587057661656 0.17999999597668648 2400
1587057680251 0.6199999861419201 2401
1587057695344 1.4299999680370092 2402
1587057712284 0.6799999848008156 2403
1587057731273 0.3499999921768904 2404
1587057749888 0.35999999195337296 2405
1587057771087 0.4399999901652336 2406
1587057789382 0.5399999879300594 2407
1587057807488 0.46999998949468136 2408
1587057825108 0.9699999783188105 2409
1587057842701 0.04999999888241291 2410
1587057862061 0.0 2411
1587057878934 0.2199999950826168 2412
1587057894000 1.1399999745190144 2413
1587057911518 0.25999999418854713 2414
1587057928012 0.23999999463558197 2415
1587057945258 1.4499999675899744 2416
1587057960155 0.6999999843537807 2417
1587057975837 0.5999999865889549 2418
1587057993432 1.1599999740719795 2419
1587058006523 0.40999999083578587 2420
1587058022725 0.6599999852478504 2421
1587058037538 0.6899999845772982 2422
1587058052707 0.9599999785423279 2423
1587058064867 0.2199999950826168 2424
1587058076157 1.7099999617785215 2425
1587058088512 0.6899999845772982 2426
1587058103515 0.1099999975413084 2427
1587058114955 0.0 2428
1587058136372 0.5099999886006117 2429
1587058144392 0.0 2430
1587058151931 1.9999999552965164 2431
1587058159347 1.149999974295497 2432
1587058167541 1.81999995931983 2433
1587058176098 0.19999999552965164 2434
1587058184751 0.3299999926239252 2435
1587058192250 0.4399999901652336 2436
1587058200272 0.6799999848008156 2437
1587058211201 0.8399999812245369 2438
1587058226479 0.8199999816715717 2439
1587058240457 1.1899999734014273 2440
1587058251984 0.4399999901652336 2441
1587058262789 1.0599999763071537 2442
1587058272690 0.9299999792128801 2443
1587058282928 1.3099999707192183 2444
1587058292400 0.0 2445
1587058301875 0.8599999807775021 2446
1587058311379 2.0899999532848597 2447
1587058320815 1.0599999763071537 2448
1587058330531 0.12999999709427357 2449
1587058340072 0.9499999787658453 2450
1587058349570 1.1599999740719795 2451
1587058360573 0.9899999778717756 2452
1587058369845 0.18999999575316906 2453
1587058379584 0.0 2454
1587058388822 1.099999975413084 2455
1587058398539 1.4999999664723873 2456
1587058407855 0.8099999818950891 2457
1587058417101 0.5899999868124723 2458
1587058431384 1.3999999687075615 2459
1587058440406 0.9699999783188105 2460
1587058453727 0.6899999845772982 2461
1587058463332 0.36999999172985554 2462
1587058473435 0.6999999843537807 2463
1587058482922 0.42999999038875103 2464
1587058492688 0.5799999870359898 2465
1587058502067 1.7199999615550041 2466
1587058511554 0.11999999731779099 2467
1587058521674 0.47999998927116394 2468
1587058530944 1.1299999747425318 2469
1587058540318 1.1899999734014273 2470
1587058549809 0.2799999937415123 2471
1587058559300 1.5499999653548002 2472
1587058569036 0.9599999785423279 2473
1587058578785 0.17999999597668648 2474
1587058588213 0.3499999921768904 2475
1587058598041 0.1099999975413084 2476
1587058607616 0.30999999307096004 2477
1587058616941 0.7299999836832285 2478
1587058626740 0.18999999575316906 2479
1587058636018 0.3499999921768904 2480
1587058645523 0.6999999843537807 2481
1587058655205 0.46999998949468136 2482
1587058665046 1.0799999758601189 2483
1587058674563 0.18999999575316906 2484
1587058684236 0.46999998949468136 2485
1587058693855 0.8199999816715717 2486
1587058703292 0.46999998949468136 2487
1587058712716 0.06999999843537807 2488
1587058722248 1.0599999763071537 2489
1587058732229 1.2299999725073576 2490
1587058742033 0.4899999890476465 2491
1587058751685 1.7999999597668648 2492
1587058761036 0.8599999807775021 2493
1587058770449 0.36999999172985554 2494
1587058780089 0.2699999939650297 2495
1587058789459 1.5199999660253525 2496
1587058798900 0.36999999172985554 2497
1587058808111 0.20999999530613422 2498
1587058817943 0.3299999926239252 2499
1587058827323 0.11999999731779099 2500
