1587808910448 1 1
1587808941475 0.995 2
1587808977549 0.990025 3
1587809021256 0.985074875 4
1587809054080 0.9801495006250001 5
1587809090450 0.9752487531218751 6
1587809124924 0.9703725093562657 7
1587809156091 0.9655206468094844 8
1587809187478 0.960693043575437 9
1587809218450 0.9558895783575597 10
1587809257746 0.9511101304657719 11
1587809292302 0.946354579813443 12
1587809331955 0.9416228069143757 13
1587809367471 0.9369146928798039 14
1587809402238 0.9322301194154049 15
1587809437014 0.9275689688183278 16
1587809470932 0.9229311239742362 17
1587809504420 0.918316468354365 18
1587809537672 0.9137248860125932 19
1587809569939 0.9091562615825302 20
1587809603670 0.9046104802746175 21
1587809638238 0.9000874278732445 22
1587809677028 0.8955869907338783 23
1587809716512 0.8911090557802088 24
1587809744218 0.8866535105013078 25
1587809774527 0.8822202429488013 26
