1587808910448 1001 1
1587808941475 1001 2
1587808977549 1001 3
1587809021256 1001 4
1587809054080 1001 5
1587809090450 1001 6
1587809124924 1001 7
1587809156091 1001 8
1587809187478 1001 9
1587809218450 1001 10
1587809257746 1001 11
1587809292302 1001 12
1587809331955 1001 13
1587809367471 1001 14
1587809402238 1001 15
1587809437014 1001 16
1587809470932 1001 17
1587809504420 1001 18
1587809537672 1001 19
1587809569939 1001 20
1587809603670 1001 21
1587809638238 1001 22
1587809677028 1001 23
1587809716512 1001 24
1587809744218 1001 25
1587809774527 1001 26
