1587808910448 0.09999999776482582 1
1587808941475 0.6999999843537807 2
1587808977549 1.2799999713897705 3
1587809021256 0.9199999794363976 4
1587809054080 0.4399999901652336 5
1587809090450 0.25999999418854713 6
1587809124924 0.4499999899417162 7
1587809156091 0.20999999530613422 8
1587809187478 0.12999999709427357 9
1587809218450 0.19999999552965164 10
1587809257746 0.0 11
1587809292302 0.11999999731779099 12
1587809331955 0.0 13
1587809367471 0.0 14
1587809402238 0.0 15
1587809437014 0.7799999825656414 16
1587809470932 0.6199999861419201 17
1587809504420 0.3199999928474426 18
1587809537672 1.0199999772012234 19
1587809569939 0.2799999937415123 20
1587809603670 2.4699999447911978 21
1587809638238 1.0599999763071537 22
1587809677028 1.0499999765306711 23
1587809716512 0.7799999825656414 24
1587809744218 1.1399999745190144 25
1587809774527 1.2799999713897705 26
