1587220097028 1 1
1587220122775 1 2
1587220148269 1 3
1587220176485 1 4
1587220210822 1 5
1587220246881 1 6
1587220276279 1 7
1587220306082 1 8
1587220347947 1 9
1587220386065 1 10
1587220413870 1 11
1587220444693 1 12
1587220472910 1 13
1587220498303 1 14
1587220524266 1 15
1587220551498 1 16
1587220579292 1 17
1587220611131 1 18
1587220641684 1 19
1587220670412 1 20
1587220697399 1 21
1587220724499 1 22
1587220751943 1 23
1587220788734 1 24
1587220814751 1 25
1587220839433 1 26
1587220864404 1 27
1587220890639 1 28
