1587220097028 1 1
1587220122775 0.995 2
1587220148269 0.990025 3
1587220176485 0.985074875 4
1587220210822 0.9801495006250001 5
1587220246881 0.9752487531218751 6
1587220276279 0.9703725093562657 7
1587220306082 0.9655206468094844 8
1587220347947 0.960693043575437 9
1587220386065 0.9558895783575597 10
1587220413870 0.9511101304657719 11
1587220444693 0.946354579813443 12
1587220472910 0.9416228069143757 13
1587220498303 0.9369146928798039 14
1587220524266 0.9322301194154049 15
1587220551498 0.9275689688183278 16
1587220579292 0.9229311239742362 17
1587220611131 0.918316468354365 18
1587220641684 0.9137248860125932 19
1587220670412 0.9091562615825302 20
1587220697399 0.9046104802746175 21
1587220724499 0.9000874278732445 22
1587220751943 0.8955869907338783 23
1587220788734 0.8911090557802088 24
1587220814751 0.8866535105013078 25
1587220839433 0.8822202429488013 26
1587220864404 0.8778091417340573 27
1587220890639 0.8734200960253871 28
