1587220097028 1001 1
1587220122775 1001 2
1587220148269 1001 3
1587220176485 1001 4
1587220210822 1001 5
1587220246881 1001 6
1587220276279 1001 7
1587220306082 1001 8
1587220347947 1001 9
1587220386065 1001 10
1587220413870 1001 11
1587220444693 1001 12
1587220472910 1001 13
1587220498303 1001 14
1587220524266 1001 15
1587220551498 1001 16
1587220579292 1001 17
1587220611131 1001 18
1587220641684 1001 19
1587220670412 1001 20
1587220697399 1001 21
1587220724499 1001 22
1587220751943 1001 23
1587220788734 1001 24
1587220814751 1001 25
1587220839433 1001 26
1587220864404 1001 27
1587220890639 1001 28
1587220927237 1001 29
