1587220097028 0.0 1
1587220122775 0.24999999441206455 2
1587220148269 0.36999999172985554 3
1587220176485 0.19999999552965164 4
1587220210822 0.1099999975413084 5
1587220246881 0.0 6
1587220276279 0.5599999874830246 7
1587220306082 0.23999999463558197 8
1587220347947 0.40999999083578587 9
1587220386065 0.19999999552965164 10
1587220413870 0.9499999787658453 11
1587220444693 0.24999999441206455 12
1587220472910 0.9499999787658453 13
1587220498303 0.42999999038875103 14
1587220524266 1.029999976977706 15
1587220551498 0.8499999810010195 16
1587220579292 0.9899999778717756 17
1587220611131 0.3899999912828207 18
1587220641684 0.23999999463558197 19
1587220670412 0.6299999859184027 20
1587220697399 1.1099999751895666 21
1587220724499 0.36999999172985554 22
1587220751943 0.5299999881535769 23
1587220788734 1.219999972730875 24
1587220814751 2.179999951273203 25
1587220839433 1.959999956190586 26
1587220864404 1.7899999599903822 27
1587220890639 1.9499999564141035 28
1587220927237 3.3799999244511127 29
