1587925495621 1 1
1587925508958 1 2
1587925521228 1 3
1587925533470 1 4
1587925545617 1 5
1587925557789 1 6
1587925569965 1 7
1587925582136 1 8
1587925594252 1 9
1587925606458 1 10
1587925618576 1 11
1587925630781 1 12
1587925642930 1 13
1587925655070 1 14
1587925667769 1 15
1587925679913 1 16
1587925692091 1 17
1587925704274 1 18
1587925716469 1 19
1587925728755 1 20
1587925740969 1 21
1587925753205 1 22
1587925765418 1 23
1587925777604 1 24
1587925789800 1 25
1587925802007 1 26
1587925814232 1 27
1587925826405 1 28
1587925838593 1 29
1587925851654 1 30
1587925863966 1 31
1587925876167 1 32
1587925888361 1 33
1587925900589 1 34
1587925912840 1 35
1587925925084 1 36
1587925937327 1 37
1587925949585 1 38
1587925961899 1 39
1587925974350 1 40
1587925986625 1 41
1587925998922 1 42
1587926011165 1 43
1587926024067 1 44
1587926036338 1 45
1587926048648 1 46
1587926060925 1 47
1587926073199 1 48
1587926085509 1 49
1587926098007 1 50
1587926110403 1 51
1587926122785 1 52
1587926135091 1 53
1587926147399 1 54
1587926159716 1 55
1587926172105 1 56
1587926184418 1 57
1587926196717 1 58
1587926209785 1 59
1587926222209 1 60
1587926234538 1 61
1587926246848 1 62
1587926259181 1 63
1587926271536 1 64
1587926284002 1 65
1587926296367 1 66
1587926308733 1 67
1587926321084 1 68
1587926333477 1 69
1587926345972 1 70
1587926358320 1 71
1587926370689 1 72
1587926383853 1 73
1587926396320 1 74
1587926408849 1 75
1587926421239 1 76
1587926433675 1 77
1587926446060 1 78
1587926458464 1 79
1587926471128 1 80
1587926483630 1 81
1587926496116 1 82
1587926508621 1 83
1587926521129 1 84
1587926533753 1 85
1587926546269 1 86
1587926558787 1 87
1587926571849 1 88
1587926584417 1 89
1587926597060 1 90
1587926609613 1 91
1587926622165 1 92
1587926634736 1 93
1587926647352 1 94
1587926659905 1 95
1587926672445 1 96
1587926685008 1 97
1587926697553 1 98
1587926710162 1 99
1587926722841 1 100
1587926735430 1 101
1587926748550 1 102
1587926761144 1 103
1587926773721 1 104
1587926786314 1 105
1587926798889 1 106
1587926811525 1 107
1587926824189 1 108
1587926836815 1 109
1587926849588 1 110
1587926862298 1 111
1587926874917 1 112
1587926887644 1 113
1587926900265 1 114
1587926913047 1 115
1587926926369 1 116
1587926939040 1 117
1587926951761 1 118
1587926964373 1 119
1587926977119 1 120
1587926989768 1 121
1587927002474 1 122
1587927015232 1 123
1587927027899 1 124
1587927040583 1 125
1587927053270 1 126
1587927065956 1 127
1587927078621 1 128
1587927091293 1 129
1587927104755 1 130
1587927117452 1 131
1587927130175 1 132
1587927142901 1 133
1587927155644 1 134
1587927168385 1 135
1587927181118 1 136
1587927193889 1 137
1587927206616 1 138
1587927219346 1 139
1587927232249 1 140
1587927245034 1 141
1587927257797 1 142
1587927270553 1 143
1587927283889 1 144
1587927296634 1 145
1587927309461 1 146
1587927322242 1 147
1587927335017 1 148
1587927347805 1 149
1587927360729 1 150
1587927373605 1 151
1587927386405 1 152
1587927399211 1 153
1587927412012 1 154
1587927424962 1 155
1587927437872 1 156
1587927450685 1 157
1587927464197 1 158
1587927477098 1 159
1587927490070 1 160
1587927502890 1 161
1587927515725 1 162
1587927528596 1 163
1587927541469 1 164
1587927554330 1 165
1587927567177 1 166
1587927580029 1 167
1587927592881 1 168
1587927605825 1 169
1587927618809 1 170
1587927631680 1 171
1587927645517 1 172
1587927658325 1 173
1587927671162 1 174
1587927683977 1 175
1587927696861 1 176
1587927709739 1 177
1587927722608 1 178
1587927735550 1 179
1587927748526 1 180
1587927761433 1 181
1587927774299 1 182
1587927787202 1 183
1587927800928 1 184
1587927814579 1 185
1587927828134 1 186
1587927841129 1 187
1587927854179 1 188
1587927867197 1 189
1587927880229 1 190
1587927893154 1 191
1587927906117 1 192
1587927919077 1 193
1587927932075 1 194
1587927945050 1 195
1587927957986 1 196
1587927970944 1 197
1587927983892 1 198
1587927996936 1 199
1587928010535 1 200
1587928023538 1 201
1587928036537 1 202
1587928049495 1 203
1587928062462 1 204
1587928075433 1 205
1587928088521 1 206
1587928101623 1 207
1587928114601 1 208
1587928127583 1 209
1587928140670 1 210
1587928153787 1 211
1587928167021 1 212
1587928180173 1 213
1587928194003 1 214
1587928207160 1 215
1587928220353 1 216
1587928233487 1 217
1587928246672 1 218
1587928259827 1 219
1587928273273 1 220
1587928286561 1 221
1587928299910 1 222
1587928313171 1 223
1587928326471 1 224
1587928339775 1 225
1587928353077 1 226
1587928366937 1 227
1587928380157 1 228
1587928393453 1 229
1587928406835 1 230
1587928420089 1 231
1587928433322 1 232
1587928446664 1 233
1587928459901 1 234
1587928473145 1 235
1587928486439 1 236
1587928499737 1 237
1587928513142 1 238
1587928526459 1 239
1587928539906 1 240
1587928553748 1 241
1587928567161 1 242
1587928580482 1 243
1587928593847 1 244
1587928607191 1 245
1587928620601 1 246
1587928634052 1 247
1587928647437 1 248
1587928660797 1 249
1587928674337 1 250
1587928687754 1 251
1587928701185 1 252
1587928714557 1 253
1587928728564 1 254
1587928742045 1 255
1587928755504 1 256
1587928769005 1 257
1587928782425 1 258
1587928795895 1 259
1587928809556 1 260
1587928823030 1 261
1587928836481 1 262
1587928850045 1 263
1587928863609 1 264
1587928877224 1 265
1587928890777 1 266
1587928905013 1 267
1587928918598 1 268
1587928932144 1 269
1587928945787 1 270
1587928959411 1 271
1587928972997 1 272
1587928986601 1 273
1587929000257 1 274
1587929013821 1 275
1587929027426 1 276
1587929041031 1 277
1587929054710 1 278
1587929068433 1 279
1587929082592 1 280
1587929096420 1 281
1587929110121 1 282
1587929123756 1 283
1587929137412 1 284
1587929151089 1 285
1587929164827 1 286
1587929178629 1 287
1587929192409 1 288
1587929206123 1 289
1587929220118 1 290
1587929233877 1 291
1587929247554 1 292
1587929261485 1 293
1587929275541 1 294
1587929289248 1 295
1587929302921 1 296
1587929316594 1 297
1587929330296 1 298
1587929344057 1 299
1587929357913 1 300
1587929371864 1 301
1587929385589 1 302
1587929399325 1 303
1587929413101 1 304
1587929426837 1 305
1587929440728 1 306
1587929455105 1 307
1587929468935 1 308
1587929482818 1 309
1587929496727 1 310
1587929510523 1 311
1587929524357 1 312
1587929538157 1 313
1587929551965 1 314
1587929565767 1 315
1587929579581 1 316
1587929593496 1 317
1587929607351 1 318
1587929621439 1 319
1587929635849 1 320
1587929649849 1 321
1587929663742 1 322
1587929677646 1 323
1587929691550 1 324
1587929705492 1 325
1587929719409 1 326
1587929733345 1 327
1587929747277 1 328
1587929761215 1 329
1587929775300 1 330
1587929789295 1 331
1587929803865 1 332
1587929817804 1 333
1587929831824 1 334
1587929845849 1 335
1587929859933 1 336
1587929874053 1 337
1587929888105 1 338
1587929902103 1 339
1587929916247 1 340
1587929930410 1 341
1587929944505 1 342
1587929958667 1 343
1587929972709 1 344
1587929987341 1 345
1587930001432 1 346
1587930015541 1 347
1587930029622 1 348
1587930043704 1 349
1587930057912 1 350
1587930072117 1 351
1587930086228 1 352
1587930100339 1 353
1587930114525 1 354
1587930128807 1 355
1587930142993 1 356
1587930157164 1 357
1587930172093 1 358
1587930186288 1 359
1587930200592 1 360
1587930214789 1 361
1587930228977 1 362
1587930243261 1 363
1587930257545 1 364
1587930271786 1 365
1587930286025 1 366
1587930300281 1 367
1587930314589 1 368
1587930328881 1 369
1587930343934 1 370
1587930358213 1 371
1587930372573 1 372
1587930386935 1 373
1587930401389 1 374
1587930415767 1 375
1587930430265 1 376
1587930444710 1 377
1587930459148 1 378
1587930473561 1 379
1587930488141 1 380
1587930502576 1 381
1587930516977 1 382
1587930532257 1 383
1587930546711 1 384
1587930561233 1 385
1587930575664 1 386
1587930590125 1 387
1587930604621 1 388
1587930619135 1 389
1587930633765 1 390
1587930648251 1 391
1587930662796 1 392
1587930677318 1 393
1587930691874 1 394
1587930707085 1 395
1587930721654 1 396
1587930736349 1 397
1587930750949 1 398
1587930765605 1 399
1587930780360 1 400
1587930795132 1 401
1587930809841 1 402
1587930824725 1 403
1587930839449 1 404
1587930854105 1 405
1587930868782 1 406
1587930884129 1 407
1587930898771 1 408
1587930913482 1 409
1587930928338 1 410
1587930943069 1 411
1587930957785 1 412
1587930972548 1 413
1587930987297 1 414
1587931002057 1 415
1587931016805 1 416
1587931031757 1 417
1587931046601 1 418
1587931061824 1 419
1587931077055 1 420
1587931092008 1 421
1587931106952 1 422
1587931121865 1 423
1587931136749 1 424
1587931151727 1 425
1587931166653 1 426
1587931181713 1 427
1587931196709 1 428
1587931212069 1 429
1587931227288 1 430
1587931242868 1 431
1587931258097 1 432
1587931273145 1 433
1587931288283 1 434
1587931303381 1 435
1587931318425 1 436
1587931333550 1 437
1587931348658 1 438
1587931363752 1 439
1587931378953 1 440
1587931394025 1 441
1587931409113 1 442
1587931424923 1 443
1587931440152 1 444
1587931455409 1 445
1587931470531 1 446
1587931485899 1 447
1587931501122 1 448
1587931516278 1 449
1587931531539 1 450
1587931546671 1 451
1587931561870 1 452
1587931577050 1 453
1587931592216 1 454
1587931608036 1 455
1587931623341 1 456
1587931638641 1 457
1587931654093 1 458
1587931669473 1 459
1587931684972 1 460
1587931700355 1 461
1587931715822 1 462
1587931731337 1 463
1587931746793 1 464
1587931762197 1 465
1587931777629 1 466
1587931793556 1 467
1587931808981 1 468
1587931824553 1 469
1587931840235 1 470
1587931855801 1 471
1587931871393 1 472
1587931886921 1 473
1587931902444 1 474
1587931918045 1 475
1587931933719 1 476
1587931949405 1 477
1587931965928 1 478
1587931981716 1 479
1587931997485 1 480
1587932013089 1 481
1587932028641 1 482
1587932044203 1 483
1587932059736 1 484
1587932075301 1 485
1587932090852 1 486
1587932106469 1 487
1587932122057 1 488
1587932137665 1 489
1587932154160 1 490
1587932169786 1 491
1587932185402 1 492
1587932201055 1 493
1587932216768 1 494
1587932232604 1 495
1587932248493 1 496
1587932264169 1 497
1587932279885 1 498
1587932295629 1 499
1587932311469 1 500
1587932327845 1 501
1587932343603 1 502
1587932359353 1 503
1587932375113 1 504
1587932390916 1 505
1587932406725 1 506
1587932422497 1 507
1587932438293 1 508
1587932454123 1 509
1587932470094 1 510
1587932485895 1 511
1587932502074 1 512
1587932519737 1 513
1587932535601 1 514
1587932551433 1 515
1587932567270 1 516
1587932583178 1 517
1587932599189 1 518
1587932615085 1 519
1587932631092 1 520
1587932647044 1 521
1587932662945 1 522
1587932678881 1 523
1587932695389 1 524
1587932711359 1 525
1587932727340 1 526
1587932743305 1 527
1587932759271 1 528
1587932775336 1 529
1587932791450 1 530
1587932807509 1 531
1587932823937 1 532
1587932840347 1 533
1587932856602 1 534
1587932873463 1 535
1587932889781 1 536
1587932905919 1 537
1587932922008 1 538
1587932938317 1 539
1587932954633 1 540
1587932970762 1 541
1587932986925 1 542
1587933003111 1 543
1587933019309 1 544
1587933035508 1 545
1587933052241 1 546
1587933068480 1 547
1587933084676 1 548
1587933100893 1 549
1587933117310 1 550
1587933133759 1 551
1587933150170 1 552
1587933166708 1 553
1587933183191 1 554
1587933199658 1 555
1587933216054 1 556
1587933233010 1 557
1587933249391 1 558
1587933265704 1 559
1587933282198 1 560
1587933298531 1 561
1587933314930 1 562
1587933331322 1 563
1587933347706 1 564
1587933364116 1 565
1587933380504 1 566
1587933396902 1 567
1587933413840 1 568
1587933430301 1 569
1587933446909 1 570
1587933463354 1 571
1587933479825 1 572
1587933496377 1 573
1587933512874 1 574
1587933529364 1 575
1587933545904 1 576
1587933562440 1 577
1587933578980 1 578
1587933596163 1 579
1587933612949 1 580
1587933629514 1 581
1587933646100 1 582
1587933662713 1 583
1587933679392 1 584
1587933695999 1 585
1587933712627 1 586
1587933729680 1 587
1587933746664 1 588
1587933764331 1 589
1587933781158 1 590
1587933798068 1 591
1587933814745 1 592
1587933831436 1 593
1587933848215 1 594
1587933864952 1 595
1587933881666 1 596
1587933898409 1 597
1587933915195 1 598
1587933931980 1 599
1587933949511 1 600
1587933966479 1 601
1587933983451 1 602
1587934000409 1 603
1587934017355 1 604
1587934034325 1 605
1587934051308 1 606
1587934068281 1 607
1587934085313 1 608
1587934102333 1 609
1587934119573 1 610
1587934137465 1 611
1587934154553 1 612
1587934171638 1 613
1587934188703 1 614
1587934205819 1 615
1587934222886 1 616
1587934239986 1 617
1587934257108 1 618
1587934274170 1 619
1587934291342 1 620
1587934309129 1 621
1587934326320 1 622
1587934343489 1 623
1587934360668 1 624
1587934377858 1 625
1587934395124 1 626
