1587925495621 0.2199999950826168 1
1587925508958 0.3299999926239252 2
1587925521228 0.08999999798834324 3
1587925533470 0.05999999865889549 4
1587925545617 1.6299999635666609 5
1587925557789 0.7399999834597111 6
1587925569965 0.4499999899417162 7
1587925582136 1.339999970048666 8
1587925594252 0.20999999530613422 9
1587925606458 0.8899999801069498 10
1587925618576 0.0 11
1587925630781 0.6299999859184027 12
1587925642930 0.3499999921768904 13
1587925655070 0.24999999441206455 14
1587925667769 0.09999999776482582 15
1587925679913 0.36999999172985554 16
1587925692091 0.909999979659915 17
1587925704274 0.5999999865889549 18
1587925716469 0.9599999785423279 19
1587925728755 0.24999999441206455 20
1587925740969 1.5499999653548002 21
1587925753205 0.5799999870359898 22
1587925765418 0.9699999783188105 23
1587925777604 2.1199999526143074 24
1587925789800 0.6499999854713678 25
1587925802007 1.1899999734014273 26
1587925814232 1.7199999615550041 27
1587925826405 0.8999999798834324 28
1587925838593 2.149999951943755 29
1587925851654 2.179999951273203 30
1587925863966 2.009999955072999 31
1587925876167 1.2799999713897705 32
1587925888361 0.7799999825656414 33
1587925900589 2.389999946579337 34
1587925912840 0.6299999859184027 35
1587925925084 0.5299999881535769 36
1587925937327 1.3799999691545963 37
1587925949585 1.0599999763071537 38
1587925961899 0.8399999812245369 39
1587925974350 0.8999999798834324 40
1587925986625 1.1599999740719795 41
1587925998922 3.129999930039048 42
1587926011165 1.5399999655783176 43
1587926024067 0.3899999912828207 44
1587926036338 1.959999956190586 45
1587926048648 2.4999999441206455 46
1587926060925 1.529999965801835 47
1587926073199 0.5299999881535769 48
1587926085509 1.6199999637901783 49
1587926098007 2.0899999532848597 50
1587926110403 1.959999956190586 51
1587926122785 2.5499999430030584 52
1587926135091 2.7599999383091927 53
1587926147399 3.279999926686287 54
1587926159716 1.9999999552965164 55
1587926172105 1.3099999707192183 56
1587926184418 0.9499999787658453 57
1587926196717 1.8299999590963125 58
1587926209785 2.459999945014715 59
1587926222209 1.7499999608844519 60
1587926234538 2.2899999488145113 61
1587926246848 0.23999999463558197 62
1587926259181 0.2699999939650297 63
1587926271536 2.0499999541789293 64
1587926284002 0.7099999841302633 65
1587926296367 1.3599999696016312 66
1587926308733 0.4899999890476465 67
1587926321084 0.7299999836832285 68
1587926333477 1.459999967366457 69
1587926345972 1.409999968484044 70
1587926358320 3.0299999322742224 71
1587926370689 3.3099999260157347 72
1587926383853 1.4199999682605267 73
1587926396320 1.4299999680370092 74
1587926408849 1.3699999693781137 75
1587926421239 1.6699999626725912 76
1587926433675 1.7299999613314867 77
1587926446060 1.7499999608844519 78
1587926458464 1.1599999740719795 79
1587926471128 1.4499999675899744 80
1587926483630 2.389999946579337 81
1587926496116 0.789999982342124 82
1587926508621 1.8099999595433474 83
1587926521129 1.0199999772012234 84
1587926533753 2.12999995239079 85
1587926546269 2.8799999356269836 86
1587926558787 1.0599999763071537 87
1587926571849 1.7799999602138996 88
1587926584417 2.2199999503791332 89
1587926597060 1.5699999649077654 90
1587926609613 1.889999957755208 91
1587926622165 0.35999999195337296 92
1587926634736 1.4799999669194221 93
1587926647352 1.3099999707192183 94
1587926659905 3.1899999286979437 95
1587926672445 0.6099999863654375 96
1587926685008 0.8099999818950891 97
1587926697553 1.2799999713897705 98
1587926710162 1.4399999678134918 99
1587926722841 1.0599999763071537 100
1587926735430 2.029999954625964 101
1587926748550 1.339999970048666 102
1587926761144 1.6599999628961086 103
1587926773721 1.2599999718368053 104
1587926786314 1.4899999666959047 105
1587926798889 2.6699999403208494 106
1587926811525 2.249999949708581 107
1587926824189 2.5899999421089888 108
1587926836815 1.2099999729543924 109
1587926849588 2.059999953955412 110
1587926862298 3.1399999298155308 111
1587926874917 2.5299999434500933 112
1587926887644 1.7999999597668648 113
1587926900265 3.2599999271333218 114
1587926913047 3.0299999322742224 115
1587926926369 1.5699999649077654 116
1587926939040 2.869999935850501 117
1587926951761 1.5599999651312828 118
1587926964373 3.0999999307096004 119
1587926977119 2.2199999503791332 120
1587926989768 2.3999999463558197 121
1587927002474 2.5199999436736107 122
1587927015232 2.149999951943755 123
1587927027899 1.2099999729543924 124
1587927040583 2.12999995239079 125
1587927053270 2.079999953508377 126
1587927065956 2.9499999340623617 127
1587927078621 3.569999920204282 128
1587927091293 4.649999896064401 129
1587927104755 0.9499999787658453 130
1587927117452 2.6199999414384365 131
1587927130175 3.0299999322742224 132
1587927142901 2.579999942332506 133
1587927155644 1.7099999617785215 134
1587927168385 1.7999999597668648 135
1587927181118 2.989999933168292 136
1587927193889 3.799999915063381 137
1587927206616 3.0499999318271875 138
1587927219346 2.0699999537318945 139
1587927232249 1.2799999713897705 140
1587927245034 1.6299999635666609 141
1587927257797 2.43999994546175 142
1587927270553 0.8699999805539846 143
1587927283889 3.94999991171062 144
1587927296634 1.889999957755208 145
1587927309461 1.0599999763071537 146
1587927322242 3.6699999179691076 147
1587927335017 2.7699999380856752 148
1587927347805 1.3299999702721834 149
1587927360729 4.039999909698963 150
1587927373605 3.4599999226629734 151
1587927386405 1.9299999568611383 152
1587927399211 2.4499999452382326 153
1587927412012 3.039999932050705 154
1587927424962 2.149999951943755 155
1587927437872 1.8299999590963125 156
1587927450685 0.9699999783188105 157
1587927464197 1.3799999691545963 158
1587927477098 2.459999945014715 159
1587927490070 1.6599999628961086 160
1587927502890 2.9299999345093966 161
1587927515725 2.269999949261546 162
1587927528596 2.149999951943755 163
1587927541469 0.3199999928474426 164
1587927554330 2.5699999425560236 165
1587927567177 2.43999994546175 166
1587927580029 1.339999970048666 167
1587927592881 0.46999998949468136 168
1587927605825 0.9199999794363976 169
1587927618809 1.5599999651312828 170
1587927631680 0.6199999861419201 171
1587927645517 1.0499999765306711 172
1587927658325 0.9399999789893627 173
1587927671162 1.6699999626725912 174
1587927683977 0.9199999794363976 175
1587927696861 1.6199999637901783 176
1587927709739 2.629999941214919 177
1587927722608 2.539999943226576 178
1587927735550 1.7399999611079693 179
1587927748526 1.1799999736249447 180
1587927761433 1.5499999653548002 181
1587927774299 0.5799999870359898 182
1587927787202 2.629999941214919 183
1587927800928 1.5599999651312828 184
1587927814579 1.4399999678134918 185
1587927828134 1.8599999584257603 186
1587927841129 2.6199999414384365 187
1587927854179 1.3999999687075615 188
1587927867197 1.269999971613288 189
1587927880229 1.389999968931079 190
1587927893154 0.9599999785423279 191
1587927906117 2.369999947026372 192
1587927919077 1.3699999693781137 193
1587927932075 1.4799999669194221 194
1587927945050 2.199999950826168 195
1587927957986 3.3899999242275953 196
1587927970944 1.5499999653548002 197
1587927983892 2.7899999376386404 198
1587927996936 0.789999982342124 199
1587928010535 3.159999929368496 200
1587928023538 0.8099999818950891 201
1587928036537 2.0199999548494816 202
1587928049495 2.4499999452382326 203
1587928062462 1.769999960437417 204
1587928075433 1.7999999597668648 205
1587928088521 2.1399999521672726 206
1587928101623 1.7599999606609344 207
1587928114601 1.2499999720603228 208
1587928127583 1.5699999649077654 209
1587928140670 1.769999960437417 210
1587928153787 1.4999999664723873 211
1587928167021 1.4999999664723873 212
1587928180173 1.8299999590963125 213
1587928194003 1.9499999564141035 214
1587928207160 1.8599999584257603 215
1587928220353 1.7399999611079693 216
1587928233487 0.5699999872595072 217
1587928246672 1.81999995931983 218
1587928259827 1.3799999691545963 219
1587928273273 0.47999998927116394 220
1587928286561 0.5599999874830246 221
1587928299910 7.159999839961529 222
1587928313171 2.029999954625964 223
1587928326471 1.2999999709427357 224
1587928339775 1.3099999707192183 225
1587928353077 2.1199999526143074 226
1587928366937 2.3999999463558197 227
1587928380157 1.9199999570846558 228
1587928393453 5.249999882653356 229
1587928406835 1.1099999751895666 230
1587928420089 3.609999919310212 231
1587928433322 1.2399999722838402 232
1587928446664 1.1099999751895666 233
1587928459901 1.9499999564141035 234
1587928473145 1.0699999760836363 235
1587928486439 3.7699999157339334 236
1587928499737 0.6999999843537807 237
1587928513142 2.489999944344163 238
1587928526459 1.9199999570846558 239
1587928539906 2.0199999548494816 240
1587928553748 2.5699999425560236 241
1587928567161 2.3799999468028545 242
1587928580482 0.8399999812245369 243
1587928593847 1.389999968931079 244
1587928607191 0.36999999172985554 245
1587928620601 1.8099999595433474 246
1587928634052 1.0399999767541885 247
1587928647437 1.7999999597668648 248
1587928660797 1.50999996624887 249
1587928674337 1.2999999709427357 250
1587928687754 1.3699999693781137 251
1587928701185 1.029999976977706 252
1587928714557 2.0199999548494816 253
1587928728564 1.4699999671429396 254
1587928742045 0.6199999861419201 255
1587928755504 1.4899999666959047 256
1587928769005 2.2199999503791332 257
1587928782425 1.1299999747425318 258
1587928795895 2.849999936297536 259
1587928809556 1.769999960437417 260
1587928823030 2.0999999530613422 261
1587928836481 0.0 262
1587928850045 3.9099999126046896 263
1587928863609 1.699999962002039 264
1587928877224 0.36999999172985554 265
1587928890777 2.579999942332506 266
1587928905013 0.23999999463558197 267
1587928918598 2.1599999517202377 268
1587928932144 1.6599999628961086 269
1587928945787 2.6199999414384365 270
1587928959411 3.3899999242275953 271
1587928972997 1.0099999774247408 272
1587928986601 3.2599999271333218 273
1587929000257 3.2199999280273914 274
1587929013821 3.229999927803874 275
1587929027426 5.709999872371554 276
1587929041031 1.269999971613288 277
1587929054710 3.829999914392829 278
1587929068433 2.319999948143959 279
1587929082592 3.469999922439456 280
1587929096420 2.3599999472498894 281
1587929110121 2.819999936968088 282
1587929123756 4.789999892935157 283
1587929137412 0.6399999856948853 284
1587929151089 1.3099999707192183 285
1587929164827 2.2799999490380287 286
1587929178629 3.9299999121576548 287
1587929192409 2.1899999510496855 288
1587929206123 2.199999950826168 289
1587929220118 2.4999999441206455 290
1587929233877 3.0799999311566353 291
1587929247554 2.43999994546175 292
1587929261485 2.6699999403208494 293
1587929275541 1.339999970048666 294
1587929289248 4.039999909698963 295
1587929302921 1.649999963119626 296
1587929316594 3.1999999284744263 297
1587929330296 2.6499999407678843 298
1587929344057 2.8399999365210533 299
1587929357913 1.6599999628961086 300
1587929371864 0.9299999792128801 301
1587929385589 2.4799999445676804 302
1587929399325 1.2399999722838402 303
1587929413101 1.939999956637621 304
1587929426837 2.369999947026372 305
1587929440728 2.6699999403208494 306
1587929455105 2.5299999434500933 307
1587929468935 1.5499999653548002 308
1587929482818 2.5299999434500933 309
1587929496727 5.439999878406525 310
1587929510523 1.9799999557435513 311
1587929524357 2.7699999380856752 312
1587929538157 0.9399999789893627 313
1587929551965 1.7199999615550041 314
1587929565767 1.0199999772012234 315
1587929579581 2.0499999541789293 316
1587929593496 0.0 317
1587929607351 1.839999958872795 318
1587929621439 1.5999999642372131 319
1587929635849 1.9099999573081732 320
1587929649849 1.6899999622255564 321
1587929663742 0.0 322
1587929677646 1.3199999704957008 323
1587929691550 2.3999999463558197 324
1587929705492 1.339999970048666 325
1587929719409 0.4999999888241291 326
1587929733345 2.9099999349564314 327
1587929747277 6.529999854043126 328
1587929761215 3.3099999260157347 329
1587929775300 2.9799999333918095 330
1587929789295 0.8899999801069498 331
1587929803865 0.8699999805539846 332
1587929817804 3.6299999188631773 333
1587929831824 2.6899999398738146 334
1587929845849 0.17999999597668648 335
1587929859933 1.0899999756366014 336
1587929874053 1.3599999696016312 337
1587929888105 1.289999971166253 338
1587929902103 2.5999999418854713 339
1587929916247 1.0399999767541885 340
1587929930410 3.489999921992421 341
1587929944505 2.579999942332506 342
1587929958667 4.099999908357859 343
1587929972709 2.0699999537318945 344
1587929987341 1.4499999675899744 345
1587930001432 0.0 346
1587930015541 1.389999968931079 347
1587930029622 2.969999933615327 348
1587930043704 0.7199999839067459 349
1587930057912 2.349999947473407 350
1587930072117 3.01999993249774 351
1587930086228 0.5099999886006117 352
1587930100339 2.6399999409914017 353
1587930114525 0.7399999834597111 354
1587930128807 0.9399999789893627 355
1587930142993 0.7999999821186066 356
1587930157164 1.2299999725073576 357
1587930172093 1.0699999760836363 358
1587930186288 3.1199999302625656 359
1587930200592 0.789999982342124 360
1587930214789 0.8799999803304672 361
1587930228977 3.9799999110400677 362
1587930243261 0.2699999939650297 363
1587930257545 0.23999999463558197 364
1587930271786 4.019999910145998 365
1587930286025 0.6799999848008156 366
1587930300281 1.6599999628961086 367
1587930314589 3.179999928921461 368
1587930328881 2.2899999488145113 369
1587930343934 3.3299999255687 370
1587930358213 1.7399999611079693 371
1587930372573 1.4299999680370092 372
1587930386935 1.769999960437417 373
1587930401389 1.0899999756366014 374
1587930415767 2.779999937862158 375
1587930430265 2.1899999510496855 376
1587930444710 6.419999856501818 377
1587930459148 1.6299999635666609 378
1587930473561 1.6099999640136957 379
1587930488141 1.9999999552965164 380
1587930502576 0.7699999827891588 381
1587930516977 0.7699999827891588 382
1587930532257 3.36999992467463 383
1587930546711 1.6599999628961086 384
1587930561233 1.6399999633431435 385
1587930575664 1.699999962002039 386
1587930590125 1.0199999772012234 387
1587930604621 1.5999999642372131 388
1587930619135 0.18999999575316906 389
1587930633765 0.9999999776482582 390
1587930648251 2.419999945908785 391
1587930662796 1.459999967366457 392
1587930677318 2.6199999414384365 393
1587930691874 1.939999956637621 394
1587930707085 2.0899999532848597 395
1587930721654 2.3099999483674765 396
1587930736349 2.109999952837825 397
1587930750949 1.8299999590963125 398
1587930765605 1.7399999611079693 399
1587930780360 1.4699999671429396 400
1587930795132 3.209999928250909 401
1587930809841 1.5599999651312828 402
1587930824725 0.8399999812245369 403
1587930839449 0.909999979659915 404
1587930854105 2.459999945014715 405
1587930868782 2.7199999392032623 406
1587930884129 1.6099999640136957 407
1587930898771 1.2299999725073576 408
1587930913482 2.2799999490380287 409
1587930928338 1.8599999584257603 410
1587930943069 4.619999896734953 411
1587930957785 1.8599999584257603 412
1587930972548 3.279999926686287 413
1587930987297 1.2999999709427357 414
1587931002057 3.919999912381172 415
1587931016805 2.8899999354034662 416
1587931031757 1.169999973848462 417
1587931046601 1.8999999575316906 418
1587931061824 1.959999956190586 419
1587931077055 2.3799999468028545 420
1587931092008 2.059999953955412 421
1587931106952 0.9599999785423279 422
1587931121865 2.539999943226576 423
1587931136749 1.389999968931079 424
1587931151727 1.1799999736249447 425
1587931166653 5.219999883323908 426
1587931181713 2.269999949261546 427
1587931196709 1.6399999633431435 428
1587931212069 0.35999999195337296 429
1587931227288 2.4499999452382326 430
1587931242868 3.4099999237805605 431
1587931258097 1.9999999552965164 432
1587931273145 2.539999943226576 433
1587931288283 2.1399999521672726 434
1587931303381 3.4099999237805605 435
1587931318425 1.839999958872795 436
1587931333550 2.0999999530613422 437
1587931348658 2.799999937415123 438
1587931363752 0.46999998949468136 439
1587931378953 1.1099999751895666 440
1587931394025 2.1199999526143074 441
1587931409113 1.3299999702721834 442
1587931424923 1.9799999557435513 443
1587931440152 0.7099999841302633 444
1587931455409 3.009999932721257 445
1587931470531 1.1199999749660492 446
1587931485899 2.4499999452382326 447
1587931501122 0.9299999792128801 448
1587931516278 2.2199999503791332 449
1587931531539 0.9699999783188105 450
1587931546671 3.0499999318271875 451
1587931561870 1.81999995931983 452
1587931577050 2.109999952837825 453
1587931592216 5.269999882206321 454
1587931608036 4.5099998991936445 455
1587931623341 1.4399999678134918 456
1587931638641 2.74999993853271 457
1587931654093 2.269999949261546 458
1587931669473 4.21999990567565 459
1587931684972 0.5299999881535769 460
1587931700355 4.21999990567565 461
1587931715822 1.9499999564141035 462
1587931731337 1.0699999760836363 463
1587931746793 3.7399999164044857 464
1587931762197 2.2799999490380287 465
1587931777629 2.369999947026372 466
1587931793556 1.7099999617785215 467
1587931808981 2.8399999365210533 468
1587931824553 2.8599999360740185 469
1587931840235 2.3099999483674765 470
1587931855801 3.969999911263585 471
1587931871393 3.5799999199807644 472
1587931886921 1.5199999660253525 473
1587931902444 1.7099999617785215 474
1587931918045 2.0899999532848597 475
1587931933719 1.0799999758601189 476
1587931949405 0.6899999845772982 477
1587931965928 1.0399999767541885 478
1587931981716 0.8699999805539846 479
1587931997485 5.319999881088734 480
1587932013089 4.6299998965114355 481
1587932028641 0.9399999789893627 482
1587932044203 2.2099999506026506 483
1587932059736 1.0099999774247408 484
1587932075301 1.839999958872795 485
1587932090852 4.419999901205301 486
1587932106469 0.8299999814480543 487
1587932122057 2.4799999445676804 488
1587932137665 0.30999999307096004 489
1587932154160 1.7599999606609344 490
1587932169786 3.039999932050705 491
1587932185402 2.009999955072999 492
1587932201055 5.819999869912863 493
1587932216768 3.2699999269098043 494
1587932232604 1.4499999675899744 495
1587932248493 3.0999999307096004 496
1587932264169 1.4499999675899744 497
1587932279885 1.1999999731779099 498
1587932295629 1.5399999655783176 499
1587932311469 5.8499998692423105 500
1587932327845 1.2599999718368053 501
1587932343603 1.4899999666959047 502
1587932359353 2.729999938979745 503
1587932375113 2.1699999514967203 504
1587932390916 3.729999916628003 505
1587932406725 2.6499999407678843 506
1587932422497 3.399999924004078 507
1587932438293 4.229999905452132 508
1587932454123 1.579999964684248 509
1587932470094 3.849999913945794 510
1587932485895 3.6699999179691076 511
1587932502074 0.9299999792128801 512
1587932519737 2.1399999521672726 513
1587932535601 2.009999955072999 514
1587932551433 0.6599999852478504 515
1587932567270 3.67999991774559 516
1587932583178 3.449999922886491 517
1587932599189 1.7799999602138996 518
1587932615085 1.9699999559670687 519
1587932631092 2.389999946579337 520
1587932647044 2.12999995239079 521
1587932662945 1.7999999597668648 522
1587932678881 1.029999976977706 523
1587932695389 1.0399999767541885 524
1587932711359 5.5399998761713505 525
1587932727340 2.1899999510496855 526
1587932743305 2.0399999544024467 527
1587932759271 1.1299999747425318 528
1587932775336 2.199999950826168 529
1587932791450 1.9099999573081732 530
1587932807509 3.8199999146163464 531
1587932823937 1.0599999763071537 532
1587932840347 2.919999934732914 533
1587932856602 3.3299999255687 534
1587932873463 1.459999967366457 535
1587932889781 2.4999999441206455 536
1587932905919 1.8799999579787254 537
1587932922008 2.3299999479204416 538
1587932938317 0.3199999928474426 539
1587932954633 3.089999930933118 540
1587932970762 3.109999930486083 541
1587932986925 1.8299999590963125 542
1587933003111 2.5199999436736107 543
1587933019309 2.5899999421089888 544
1587933035508 2.249999949708581 545
1587933052241 0.9299999792128801 546
1587933068480 1.0899999756366014 547
1587933084676 4.929999889805913 548
1587933100893 5.239999882876873 549
1587933117310 4.449999900534749 550
1587933133759 0.6599999852478504 551
1587933150170 2.939999934285879 552
1587933166708 1.579999964684248 553
1587933183191 2.349999947473407 554
1587933199658 2.2199999503791332 555
1587933216054 1.8299999590963125 556
1587933233010 2.799999937415123 557
1587933249391 2.799999937415123 558
1587933265704 3.9899999108165503 559
1587933282198 1.169999973848462 560
1587933298531 5.079999886453152 561
1587933314930 1.4299999680370092 562
1587933331322 0.5099999886006117 563
1587933347706 1.459999967366457 564
1587933364116 1.3199999704957008 565
1587933380504 2.199999950826168 566
1587933396902 3.349999925121665 567
1587933413840 4.339999902993441 568
1587933430301 2.059999953955412 569
1587933446909 4.949999889358878 570
1587933463354 0.9499999787658453 571
1587933479825 3.729999916628003 572
1587933496377 3.94999991171062 573
1587933512874 0.7299999836832285 574
1587933529364 5.209999883547425 575
1587933545904 5.029999887570739 576
1587933562440 3.7899999152868986 577
1587933578980 1.839999958872795 578
1587933596163 0.7999999821186066 579
1587933612949 6.599999852478504 580
1587933629514 2.0699999537318945 581
1587933646100 3.5099999215453863 582
1587933662713 2.349999947473407 583
1587933679392 1.1599999740719795 584
1587933695999 0.7099999841302633 585
1587933712627 3.0699999313801527 586
1587933729680 15.02999966405332 587
1587933746664 3.8199999146163464 588
1587933764331 3.3799999244511127 589
1587933781158 3.969999911263585 590
1587933798068 0.24999999441206455 591
1587933814745 3.109999930486083 592
1587933831436 1.1999999731779099 593
1587933848215 2.4099999461323023 594
1587933864952 0.5399999879300594 595
1587933881666 1.9899999555200338 596
1587933898409 2.029999954625964 597
1587933915195 0.5399999879300594 598
1587933931980 1.1599999740719795 599
1587933949511 0.35999999195337296 600
1587933966479 1.2499999720603228 601
1587933983451 2.2599999494850636 602
1587934000409 4.8799998909235 603
1587934017355 1.4499999675899744 604
1587934034325 2.0399999544024467 605
1587934051308 3.6299999188631773 606
1587934068281 6.6599998511374 607
1587934085313 1.699999962002039 608
1587934102333 3.5999999195337296 609
1587934119573 2.9299999345093966 610
1587934137465 1.1399999745190144 611
1587934154553 4.849999891594052 612
1587934171638 1.7399999611079693 613
1587934188703 0.669999985024333 614
1587934205819 5.569999875500798 615
1587934222886 1.339999970048666 616
1587934239986 4.769999893382192 617
1587934257108 3.0299999322742224 618
1587934274170 1.0899999756366014 619
1587934291342 0.3299999926239252 620
1587934309129 1.169999973848462 621
1587934326320 2.299999948590994 622
1587934343489 0.7199999839067459 623
1587934360668 0.979999978095293 624
1587934377858 1.8699999582022429 625
1587934395124 1.389999968931079 626
