1587229518513 1 1
1587229538489 1 2
1587229558539 1 3
1587229578727 1 4
1587229598899 1 5
1587229619062 1 6
1587229639905 1 7
1587229660366 1 8
1587229680650 1 9
1587229701210 1 10
1587229721568 1 11
1587229741922 1 12
1587229762388 1 13
1587229782719 1 14
1587229803070 1 15
1587229824028 1 16
1587229844425 1 17
1587229864887 1 18
1587229885337 1 19
1587229905999 1 20
1587229926491 1 21
1587229946925 1 22
1587229967400 1 23
1587229987900 1 24
1587230009000 1 25
1587230029383 1 26
1587230049868 1 27
1587230070282 1 28
1587230090706 1 29
1587230111407 1 30
1587230131929 1 31
1587230152444 1 32
1587230172943 1 33
1587230194167 1 34
1587230214717 1 35
1587230235317 1 36
1587230255921 1 37
1587230276468 1 38
1587230297083 1 39
1587230317848 1 40
1587230338426 1 41
1587230359365 1 42
1587230380241 1 43
1587230400869 1 44
1587230421489 1 45
1587230442158 1 46
1587230462804 1 47
1587230483531 1 48
1587230504247 1 49
1587230525212 1 50
1587230546412 1 51
1587230567159 1 52
