1587229518513 0.0 1
1587229538489 0.0 2
1587229558539 0.4999999888241291 3
1587229578727 1.5599999651312828 4
1587229598899 1.3499999698251486 5
1587229619062 1.3999999687075615 6
1587229639905 0.9299999792128801 7
1587229660366 0.4399999901652336 8
1587229680650 1.0399999767541885 9
1587229701210 0.1699999962002039 10
1587229721568 0.4399999901652336 11
1587229741922 1.7099999617785215 12
1587229762388 1.3999999687075615 13
1587229782719 0.19999999552965164 14
1587229803070 0.4599999897181988 15
1587229824028 0.24999999441206455 16
1587229844425 1.2099999729543924 17
1587229864887 0.7499999832361937 18
1587229885337 0.13999999687075615 19
1587229905999 0.0 20
1587229926491 1.219999972730875 21
1587229946925 0.40999999083578587 22
1587229967400 0.4499999899417162 23
1587229987900 0.6099999863654375 24
1587230009000 3.919999912381172 25
1587230029383 0.5999999865889549 26
1587230049868 0.6199999861419201 27
1587230070282 0.9499999787658453 28
1587230090706 1.1899999734014273 29
1587230111407 1.459999967366457 30
1587230131929 1.7999999597668648 31
1587230152444 1.6599999628961086 32
1587230172943 1.2999999709427357 33
1587230194167 1.5599999651312828 34
1587230214717 0.7399999834597111 35
1587230235317 0.669999985024333 36
1587230255921 1.8099999595433474 37
1587230276468 0.909999979659915 38
1587230297083 0.24999999441206455 39
1587230317848 0.5099999886006117 40
1587230338426 0.0 41
1587230359365 1.3099999707192183 42
1587230380241 0.6399999856948853 43
1587230400869 0.6199999861419201 44
1587230421489 2.2899999488145113 45
1587230442158 0.8999999798834324 46
1587230462804 1.3099999707192183 47
1587230483531 1.2299999725073576 48
1587230504247 0.7499999832361937 49
1587230525212 0.9599999785423279 50
1587230546412 2.459999945014715 51
1587230567159 0.7699999827891588 52
