1587836375683 1001 1
1587836382187 1001 2
1587836388472 1001 3
1587836394590 1001 4
1587836400711 1001 5
1587836406787 1001 6
1587836412798 1001 7
1587836418894 1001 8
1587836425030 1001 9
1587836431196 1001 10
1587836437354 1001 11
1587836443444 1001 12
1587836449473 1001 13
1587836455575 1001 14
1587836461737 1001 15
1587836467944 1001 16
1587836474088 1001 17
1587836480194 1001 18
1587836486274 1001 19
1587836492459 1001 20
1587836498613 1001 21
1587836504763 1001 22
1587836510893 1001 23
1587836517041 1001 24
1587836523240 1001 25
1587836529414 1001 26
1587836535597 1001 27
1587836541741 1001 28
1587836547875 1001 29
1587836554045 1001 30
1587836560368 1001 31
1587836566965 1001 32
1587836573119 1001 33
1587836579278 1001 34
1587836585478 1001 35
1587836591649 1001 36
1587836597821 1001 37
1587836603996 1001 38
1587836610144 1001 39
1587836616412 1001 40
1587836622594 1001 41
1587836628793 1001 42
1587836634977 1001 43
1587836641159 1001 44
1587836647369 1001 45
1587836653548 1001 46
1587836659726 1001 47
1587836665932 1001 48
1587836672094 1001 49
1587836678275 1001 50
1587836684437 1001 51
1587836690595 1001 52
1587836696801 1001 53
1587836703017 1001 54
1587836709258 1001 55
1587836715496 1001 56
1587836721677 1001 57
1587836727891 1001 58
1587836734087 1001 59
1587836740490 1001 60
1587836747150 1001 61
1587836753320 1001 62
1587836759526 1001 63
1587836765781 1001 64
1587836772033 1001 65
1587836778256 1001 66
1587836784454 1001 67
1587836790653 1001 68
1587836796823 1001 69
1587836803020 1001 70
1587836809258 1001 71
1587836815477 1001 72
1587836821727 1001 73
1587836827895 1001 74
1587836834143 1001 75
1587836840447 1001 76
1587836846769 1001 77
1587836853032 1001 78
1587836859286 1001 79
1587836865518 1001 80
1587836871774 1001 81
1587836878027 1001 82
1587836884317 1001 83
1587836890576 1001 84
1587836896825 1001 85
1587836903059 1001 86
1587836909296 1001 87
1587836915593 1001 88
1587836922307 1001 89
1587836928795 1001 90
1587836935070 1001 91
1587836941367 1001 92
1587836947661 1001 93
1587836953963 1001 94
1587836960241 1001 95
1587836966466 1001 96
1587836972640 1001 97
1587836978853 1001 98
1587836985006 1001 99
1587836991316 1001 100
1587836997585 1001 101
1587837003876 1001 102
1587837010080 1001 103
1587837016286 1001 104
1587837022515 1001 105
1587837028810 1001 106
1587837035036 1001 107
1587837041232 1001 108
1587837047414 1001 109
1587837053639 1001 110
1587837059855 1001 111
1587837066092 1001 112
1587837072328 1001 113
1587837078521 1001 114
1587837084710 1001 115
1587837090904 1001 116
1587837097199 1001 117
1587837103779 1001 118
1587837109949 1001 119
1587837116200 1001 120
1587837122428 1001 121
1587837128622 1001 122
1587837134805 1001 123
1587837140988 1001 124
1587837147207 1001 125
1587837153385 1001 126
1587837159608 1001 127
1587837165806 1001 128
1587837172027 1001 129
1587837178209 1001 130
1587837184429 1001 131
1587837190771 1001 132
1587837197018 1001 133
1587837203252 1001 134
1587837209454 1001 135
1587837215657 1001 136
1587837221868 1001 137
1587837228087 1001 138
1587837234289 1001 139
1587837240593 1001 140
1587837246839 1001 141
1587837253058 1001 142
1587837259263 1001 143
1587837265488 1001 144
1587837271730 1001 145
1587837277965 1001 146
1587837284752 1001 147
1587837290984 1001 148
1587837297207 1001 149
1587837303484 1001 150
1587837309725 1001 151
1587837316026 1001 152
1587837322278 1001 153
1587837328562 1001 154
1587837334888 1001 155
1587837341230 1001 156
1587837347540 1001 157
1587837353836 1001 158
1587837360110 1001 159
1587837366575 1001 160
1587837372957 1001 161
1587837379412 1001 162
1587837385914 1001 163
1587837392387 1001 164
1587837398769 1001 165
1587837405158 1001 166
1587837411664 1001 167
1587837418086 1001 168
1587837424495 1001 169
1587837430858 1001 170
1587837437235 1001 171
1587837443539 1001 172
1587837449880 1001 173
1587837456274 1001 174
1587837463138 1001 175
1587837469437 1001 176
1587837475774 1001 177
1587837482106 1001 178
1587837488498 1001 179
1587837494964 1001 180
1587837501338 1001 181
1587837507732 1001 182
1587837514187 1001 183
1587837520598 1001 184
1587837526980 1001 185
1587837533396 1001 186
1587837539786 1001 187
1587837546198 1001 188
1587837552653 1001 189
1587837559086 1001 190
1587837565429 1001 191
1587837571763 1001 192
1587837578110 1001 193
1587837584450 1001 194
1587837590820 1001 195
1587837597197 1001 196
1587837603640 1001 197
1587837610081 1001 198
1587837616539 1001 199
1587837623005 1001 200
1587837629439 1001 201
1587837635969 1001 202
1587837642836 1001 203
1587837649244 1001 204
1587837655643 1001 205
1587837662153 1001 206
1587837668683 1001 207
1587837675195 1001 208
1587837681710 1001 209
1587837688134 1001 210
1587837694587 1001 211
1587837700963 1001 212
1587837707358 1001 213
1587837713766 1001 214
1587837720160 1001 215
1587837726572 1001 216
1587837733054 1001 217
1587837739449 1001 218
1587837745894 1001 219
1587837752397 1001 220
1587837758877 1001 221
1587837765401 1001 222
1587837771827 1001 223
1587837778395 1001 224
1587837784887 1001 225
1587837791327 1001 226
1587837797776 1001 227
1587837804215 1001 228
1587837810653 1001 229
1587837817097 1001 230
1587837824021 1001 231
1587837830484 1001 232
1587837836948 1001 233
1587837843457 1001 234
1587837849954 1001 235
1587837856448 1001 236
1587837862991 1001 237
1587837869533 1001 238
1587837876068 1001 239
1587837882751 1001 240
1587837889207 1001 241
1587837895662 1001 242
1587837902184 1001 243
1587837908685 1001 244
1587837915233 1001 245
1587837921819 1001 246
1587837928415 1001 247
1587837935045 1001 248
1587837941690 1001 249
1587837948284 1001 250
1587837954777 1001 251
1587837961356 1001 252
1587837967881 1001 253
1587837974442 1001 254
1587837981057 1001 255
1587837987753 1001 256
1587837994532 1001 257
1587838001476 1001 258
1587838008532 1001 259
1587838015201 1001 260
1587838021738 1001 261
1587838028322 1001 262
1587838034946 1001 263
1587838041517 1001 264
1587838048075 1001 265
1587838054646 1001 266
1587838061196 1001 267
1587838067771 1001 268
1587838074438 1001 269
1587838081012 1001 270
1587838087691 1001 271
1587838094354 1001 272
1587838101042 1001 273
1587838107693 1001 274
1587838114415 1001 275
1587838121075 1001 276
1587838127806 1001 277
1587838134481 1001 278
1587838141218 1001 279
1587838148114 1001 280
1587838154843 1001 281
1587838161555 1001 282
1587838168234 1001 283
1587838174908 1001 284
1587838182021 1001 285
1587838188953 1001 286
1587838195657 1001 287
1587838202365 1001 288
1587838209079 1001 289
1587838215780 1001 290
1587838222479 1001 291
1587838229229 1001 292
1587838235934 1001 293
1587838242669 1001 294
1587838249450 1001 295
1587838256055 1001 296
1587838262723 1001 297
1587838269462 1001 298
1587838276100 1001 299
1587838282826 1001 300
1587838289489 1001 301
1587838296141 1001 302
1587838302768 1001 303
1587838309415 1001 304
1587838316072 1001 305
1587838322795 1001 306
1587838329514 1001 307
1587838336166 1001 308
1587838342836 1001 309
1587838349499 1001 310
1587838356168 1001 311
1587838363357 1001 312
1587838370022 1001 313
1587838376699 1001 314
1587838383429 1001 315
1587838390160 1001 316
1587838396892 1001 317
1587838403649 1001 318
1587838410375 1001 319
1587838417205 1001 320
1587838423958 1001 321
1587838430686 1001 322
1587838437438 1001 323
1587838444233 1001 324
1587838451050 1001 325
1587838457867 1001 326
1587838464658 1001 327
1587838471516 1001 328
1587838478351 1001 329
1587838485180 1001 330
1587838492032 1001 331
1587838498859 1001 332
1587838505773 1001 333
1587838512597 1001 334
1587838519504 1001 335
1587838526478 1001 336
1587838533339 1001 337
1587838540264 1001 338
1587838547538 1001 339
1587838554455 1001 340
1587838561294 1001 341
1587838568220 1001 342
1587838575049 1001 343
1587838581987 1001 344
1587838588798 1001 345
1587838595611 1001 346
1587838602519 1001 347
1587838609492 1001 348
1587838616458 1001 349
1587838623331 1001 350
1587838630173 1001 351
1587838637110 1001 352
1587838644071 1001 353
1587838651057 1001 354
1587838658030 1001 355
1587838665018 1001 356
1587838671891 1001 357
1587838678849 1001 358
1587838685859 1001 359
1587838693016 1001 360
1587838700040 1001 361
1587838707078 1001 362
1587838714001 1001 363
1587838721231 1001 364
1587838728544 1001 365
1587838735601 1001 366
1587838742610 1001 367
1587838749680 1001 368
1587838756714 1001 369
1587838763812 1001 370
1587838770939 1001 371
1587838778049 1001 372
1587838785115 1001 373
1587838792143 1001 374
1587838799122 1001 375
1587838806201 1001 376
1587838813255 1001 377
1587838820347 1001 378
1587838827412 1001 379
1587838834562 1001 380
1587838841510 1001 381
1587838848559 1001 382
1587838855635 1001 383
1587838862779 1001 384
1587838869944 1001 385
1587838877030 1001 386
1587838884066 1001 387
1587838891212 1001 388
1587838898381 1001 389
1587838906108 1001 390
1587838913233 1001 391
1587838920321 1001 392
1587838927428 1001 393
1587838934541 1001 394
1587838941700 1001 395
1587838948852 1001 396
1587838956052 1001 397
1587838963190 1001 398
1587838970356 1001 399
1587838977593 1001 400
1587838984799 1001 401
1587838991976 1001 402
1587838999207 1001 403
1587839006414 1001 404
1587839013549 1001 405
1587839020705 1001 406
1587839027962 1001 407
1587839035211 1001 408
1587839042731 1001 409
1587839049796 1001 410
1587839056958 1001 411
1587839064178 1001 412
1587839071465 1001 413
1587839078755 1001 414
1587839086646 1001 415
1587839093887 1001 416
1587839101108 1001 417
1587839108387 1001 418
1587839115668 1001 419
1587839123195 1001 420
1587839130496 1001 421
1587839137746 1001 422
1587839144963 1001 423
1587839152241 1001 424
1587839159545 1001 425
1587839166919 1001 426
1587839174242 1001 427
1587839181436 1001 428
1587839188640 1001 429
1587839195900 1001 430
1587839203195 1001 431
1587839210433 1001 432
1587839217546 1001 433
1587839224842 1001 434
1587839232142 1001 435
1587839239422 1001 436
1587839246696 1001 437
1587839253867 1001 438
1587839261243 1001 439
1587839268840 1001 440
1587839275977 1001 441
1587839283167 1001 442
1587839290312 1001 443
1587839297486 1001 444
1587839304725 1001 445
1587839311942 1001 446
1587839319103 1001 447
1587839326260 1001 448
1587839333429 1001 449
1587839340595 1001 450
1587839347821 1001 451
1587839354993 1001 452
1587839362166 1001 453
1587839369335 1001 454
1587839376533 1001 455
1587839383756 1001 456
1587839391012 1001 457
1587839398282 1001 458
1587839405546 1001 459
1587839412850 1001 460
1587839420048 1001 461
1587839427257 1001 462
1587839434477 1001 463
1587839441951 1001 464
1587839449305 1001 465
1587839456534 1001 466
1587839463807 1001 467
1587839471041 1001 468
1587839478280 1001 469
1587839485524 1001 470
1587839492784 1001 471
1587839500031 1001 472
1587839507284 1001 473
1587839514538 1001 474
1587839521833 1001 475
1587839529098 1001 476
1587839536378 1001 477
1587839543650 1001 478
1587839550926 1001 479
1587839558317 1001 480
1587839565615 1001 481
1587839572922 1001 482
1587839580216 1001 483
1587839587829 1001 484
1587839595931 1001 485
1587839604351 1001 486
1587839612601 1001 487
1587839620785 1001 488
1587839628717 1001 489
1587839636304 1001 490
1587839643965 1001 491
1587839651650 1001 492
1587839659320 1001 493
1587839666949 1001 494
1587839674598 1001 495
1587839682212 1001 496
1587839689882 1001 497
1587839697512 1001 498
1587839705246 1001 499
1587839713251 1001 500
1587839721036 1001 501
1587839728720 1001 502
1587839736511 1001 503
1587839744348 1001 504
1587839752154 1001 505
1587839759916 1001 506
1587839767654 1001 507
1587839775572 1001 508
1587839783331 1001 509
1587839791079 1001 510
1587839798811 1001 511
1587839807059 1001 512
1587839814500 1001 513
1587839822033 1001 514
1587839829475 1001 515
1587839836928 1001 516
1587839844451 1001 517
1587839851975 1001 518
1587839859592 1001 519
1587839867264 1001 520
1587839874886 1001 521
1587839882480 1001 522
1587839890072 1001 523
1587839897694 1001 524
1587839905379 1001 525
1587839912996 1001 526
1587839920691 1001 527
1587839928402 1001 528
1587839936119 1001 529
1587839943867 1001 530
1587839951740 1001 531
1587839959400 1001 532
1587839967048 1001 533
1587839974705 1001 534
1587839982948 1001 535
1587839990613 1001 536
1587839998202 1001 537
1587840005858 1001 538
1587840013512 1001 539
1587840021307 1001 540
1587840028990 1001 541
1587840036774 1001 542
1587840044547 1001 543
1587840052349 1001 544
1587840060175 1001 545
1587840068091 1001 546
1587840076154 1001 547
1587840083963 1001 548
1587840091812 1001 549
1587840099611 1001 550
1587840107391 1001 551
1587840115130 1001 552
1587840122929 1001 553
1587840130759 1001 554
1587840138609 1001 555
1587840146414 1001 556
1587840154299 1001 557
1587840162823 1001 558
1587840170725 1001 559
1587840178544 1001 560
1587840186347 1001 561
1587840194142 1001 562
1587840202071 1001 563
1587840209867 1001 564
1587840217647 1001 565
1587840225420 1001 566
1587840233215 1001 567
1587840241065 1001 568
1587840248950 1001 569
1587840256760 1001 570
1587840264627 1001 571
1587840272544 1001 572
1587840280349 1001 573
1587840288109 1001 574
1587840295899 1001 575
1587840303791 1001 576
1587840311704 1001 577
1587840319498 1001 578
1587840327289 1001 579
1587840335187 1001 580
1587840343522 1001 581
1587840351447 1001 582
1587840359384 1001 583
1587840367378 1001 584
1587840375267 1001 585
1587840383216 1001 586
1587840391120 1001 587
1587840398996 1001 588
1587840406886 1001 589
1587840414795 1001 590
1587840422755 1001 591
1587840430683 1001 592
1587840438640 1001 593
1587840446588 1001 594
1587840454559 1001 595
1587840462495 1001 596
1587840470488 1001 597
1587840478372 1001 598
1587840486392 1001 599
1587840494521 1001 600
1587840502536 1001 601
1587840510626 1001 602
1587840518669 1001 603
1587840527174 1001 604
1587840535228 1001 605
1587840543275 1001 606
1587840551257 1001 607
1587840559259 1001 608
1587840567370 1001 609
1587840575440 1001 610
1587840583452 1001 611
1587840591514 1001 612
1587840599620 1001 613
1587840607783 1001 614
1587840615934 1001 615
1587840623902 1001 616
1587840631881 1001 617
1587840639944 1001 618
1587840648044 1001 619
1587840656208 1001 620
1587840664209 1001 621
1587840672229 1001 622
1587840680301 1001 623
1587840688401 1001 624
1587840696490 1001 625
1587840705069 1001 626
1587840713194 1001 627
1587840721304 1001 628
1587840729399 1001 629
1587840737581 1001 630
1587840745597 1001 631
1587840753665 1001 632
1587840761687 1001 633
1587840769771 1001 634
1587840777832 1001 635
1587840785998 1001 636
1587840794079 1001 637
1587840802272 1001 638
1587840810407 1001 639
1587840818610 1001 640
1587840826814 1001 641
1587840834911 1001 642
1587840843060 1001 643
1587840851291 1001 644
1587840859535 1001 645
1587840867816 1001 646
1587840876059 1001 647
1587840884702 1001 648
1587840892806 1001 649
1587840900984 1001 650
1587840909154 1001 651
1587840917280 1001 652
1587840925402 1001 653
1587840933573 1001 654
1587840941713 1001 655
1587840949859 1001 656
1587840958078 1001 657
1587840966425 1001 658
1587840974697 1001 659
1587840983028 1001 660
1587840991226 1001 661
1587840999420 1001 662
1587841007601 1001 663
1587841015815 1001 664
1587841024088 1001 665
1587841032351 1001 666
1587841040631 1001 667
1587841048918 1001 668
1587841057187 1001 669
1587841065803 1001 670
1587841074124 1001 671
1587841082503 1001 672
1587841090720 1001 673
1587841098958 1001 674
1587841107182 1001 675
1587841115512 1001 676
1587841123705 1001 677
1587841131956 1001 678
1587841140221 1001 679
1587841148607 1001 680
1587841156871 1001 681
1587841165146 1001 682
1587841173393 1001 683
1587841181670 1001 684
1587841189952 1001 685
1587841198203 1001 686
1587841206549 1001 687
1587841214825 1001 688
1587841223090 1001 689
1587841231369 1001 690
1587841239730 1001 691
1587841248681 1001 692
1587841257118 1001 693
1587841265509 1001 694
1587841273818 1001 695
1587841282152 1001 696
1587841290567 1001 697
1587841299008 1001 698
1587841307509 1001 699
1587841316011 1001 700
1587841324397 1001 701
1587841332765 1001 702
1587841341110 1001 703
1587841349496 1001 704
1587841357861 1001 705
1587841366252 1001 706
1587841374607 1001 707
1587841383015 1001 708
1587841391377 1001 709
1587841399745 1001 710
1587841408124 1001 711
1587841416575 1001 712
1587841425469 1001 713
1587841433929 1001 714
1587841442382 1001 715
1587841450792 1001 716
1587841459205 1001 717
1587841467589 1001 718
1587841475947 1001 719
1587841484405 1001 720
1587841493051 1001 721
1587841501432 1001 722
1587841509856 1001 723
1587841518270 1001 724
1587841526745 1001 725
1587841535225 1001 726
1587841543665 1001 727
1587841552067 1001 728
1587841560457 1001 729
1587841568896 1001 730
1587841577328 1001 731
1587841585759 1001 732
1587841594179 1001 733
1587841603001 1001 734
1587841611418 1001 735
1587841619834 1001 736
1587841628379 1001 737
1587841636892 1001 738
1587841645363 1001 739
1587841653917 1001 740
1587841662383 1001 741
1587841670823 1001 742
1587841679303 1001 743
1587841687869 1001 744
1587841696442 1001 745
1587841705062 1001 746
1587841713637 1001 747
1587841722172 1001 748
1587841730682 1001 749
1587841739198 1001 750
1587841747732 1001 751
1587841756398 1001 752
1587841764937 1001 753
1587841773439 1001 754
1587841782265 1001 755
1587841790873 1001 756
1587841799368 1001 757
1587841807937 1001 758
1587841816462 1001 759
1587841825116 1001 760
1587841833659 1001 761
1587841842183 1001 762
1587841850711 1001 763
1587841859268 1001 764
1587841867988 1001 765
1587841876719 1001 766
1587841885408 1001 767
1587841894006 1001 768
1587841902628 1001 769
1587841911223 1001 770
1587841919797 1001 771
1587841928464 1001 772
1587841937260 1001 773
1587841945890 1001 774
1587841954468 1001 775
1587841963411 1001 776
1587841971979 1001 777
1587841980558 1001 778
1587841989200 1001 779
1587841997937 1001 780
1587842006540 1001 781
1587842015142 1001 782
1587842023758 1001 783
1587842032392 1001 784
1587842041003 1001 785
1587842049671 1001 786
1587842058302 1001 787
1587842066919 1001 788
1587842075565 1001 789
1587842084219 1001 790
1587842092868 1001 791
1587842101542 1001 792
1587842110229 1001 793
1587842118919 1001 794
1587842127641 1001 795
1587842136414 1001 796
1587842145563 1001 797
1587842154284 1001 798
1587842163029 1001 799
1587842171915 1001 800
1587842180775 1001 801
1587842189604 1001 802
1587842198430 1001 803
1587842207309 1001 804
1587842216097 1001 805
1587842224882 1001 806
1587842233653 1001 807
1587842242417 1001 808
1587842251161 1001 809
1587842259919 1001 810
1587842268679 1001 811
1587842277457 1001 812
1587842286284 1001 813
1587842295118 1001 814
1587842304020 1001 815
1587842312887 1001 816
1587842322013 1001 817
1587842330973 1001 818
1587842339833 1001 819
1587842348844 1001 820
1587842357708 1001 821
1587842366593 1001 822
1587842375474 1001 823
1587842384372 1001 824
1587842393308 1001 825
1587842402167 1001 826
1587842411074 1001 827
1587842420145 1001 828
1587842429173 1001 829
1587842438067 1001 830
1587842446957 1001 831
1587842455973 1001 832
1587842464979 1001 833
1587842473914 1001 834
1587842482828 1001 835
1587842491783 1001 836
1587842500882 1001 837
1587842510054 1001 838
1587842518960 1001 839
1587842528205 1001 840
1587842537244 1001 841
1587842546281 1001 842
1587842555234 1001 843
1587842564252 1001 844
1587842573251 1001 845
1587842582215 1001 846
1587842591229 1001 847
1587842600176 1001 848
1587842609190 1001 849
1587842618162 1001 850
1587842627182 1001 851
1587842636160 1001 852
1587842645190 1001 853
1587842654221 1001 854
1587842663241 1001 855
1587842672284 1001 856
1587842681556 1001 857
1587842690757 1001 858
1587842699766 1001 859
1587842708917 1001 860
1587842717924 1001 861
1587842726929 1001 862
1587842735962 1001 863
1587842745006 1001 864
1587842754053 1001 865
1587842763087 1001 866
1587842772268 1001 867
1587842781466 1001 868
1587842790579 1001 869
1587842799595 1001 870
1587842808611 1001 871
1587842817641 1001 872
1587842826825 1001 873
1587842835935 1001 874
1587842845045 1001 875
1587842854097 1001 876
1587842863618 1001 877
1587842872731 1001 878
1587842881809 1001 879
1587842891094 1001 880
1587842900450 1001 881
1587842909605 1001 882
1587842918779 1001 883
1587842928011 1001 884
1587842937364 1001 885
1587842946742 1001 886
1587842956766 1001 887
1587842966077 1001 888
1587842975508 1001 889
1587842984935 1001 890
1587842994231 1001 891
1587843003562 1001 892
1587843012898 1001 893
1587843022200 1001 894
1587843031558 1001 895
1587843041012 1001 896
1587843050542 1001 897
1587843059902 1001 898
1587843069327 1001 899
1587843078856 1001 900
1587843088259 1001 901
1587843097555 1001 902
1587843106916 1001 903
1587843116348 1001 904
1587843125749 1001 905
1587843135066 1001 906
1587843144430 1001 907
1587843153833 1001 908
1587843163256 1001 909
1587843172667 1001 910
1587843182072 1001 911
1587843191493 1001 912
1587843200981 1001 913
1587843210433 1001 914
1587843219867 1001 915
1587843229769 1001 916
1587843239152 1001 917
1587843248560 1001 918
1587843257982 1001 919
1587843267554 1001 920
1587843276846 1001 921
1587843286239 1001 922
1587843295667 1001 923
1587843305115 1001 924
1587843314524 1001 925
1587843323872 1001 926
1587843333298 1001 927
1587843342726 1001 928
1587843352183 1001 929
1587843361532 1001 930
1587843371015 1001 931
1587843380488 1001 932
1587843389949 1001 933
1587843399315 1001 934
1587843409133 1001 935
1587843418673 1001 936
1587843428244 1001 937
1587843438069 1001 938
1587843447584 1001 939
1587843457291 1001 940
1587843466842 1001 941
1587843476323 1001 942
1587843485816 1001 943
1587843495332 1001 944
1587843504834 1001 945
1587843514366 1001 946
1587843523807 1001 947
1587843533309 1001 948
1587843542871 1001 949
1587843552778 1001 950
1587843562289 1001 951
1587843571843 1001 952
1587843581611 1001 953
1587843591257 1001 954
1587843600667 1001 955
1587843610149 1001 956
1587843619602 1001 957
1587843629080 1001 958
1587843638545 1001 959
1587843648156 1001 960
1587843657616 1001 961
1587843667291 1001 962
1587843676915 1001 963
1587843686419 1001 964
1587843695926 1001 965
1587843705455 1001 966
1587843715046 1001 967
1587843724645 1001 968
1587843734193 1001 969
1587843743714 1001 970
1587843753245 1001 971
1587843763087 1001 972
1587843772591 1001 973
1587843782154 1001 974
1587843791709 1001 975
1587843801275 1001 976
1587843810839 1001 977
1587843820382 1001 978
1587843829952 1001 979
1587843839654 1001 980
1587843849295 1001 981
1587843858900 1001 982
1587843868486 1001 983
1587843878043 1001 984
1587843887581 1001 985
1587843897171 1001 986
1587843906802 1001 987
1587843916352 1001 988
1587843925946 1001 989
1587843935504 1001 990
1587843945368 1001 991
1587843954903 1001 992
1587843964514 1001 993
1587843974105 1001 994
1587843983693 1001 995
1587843993294 1001 996
1587844002926 1001 997
1587844012501 1001 998
1587844022140 1001 999
1587844031886 1001 1000
1587844041691 1001 1001
1587844051284 1001 1002
1587844060849 1001 1003
1587844070431 1001 1004
1587844080007 1001 1005
1587844089618 1001 1006
1587844099191 1001 1007
1587844108782 1001 1008
1587844118404 1001 1009
1587844128584 1001 1010
1587844138184 1001 1011
1587844147819 1001 1012
1587844157397 1001 1013
1587844166984 1001 1014
1587844176561 1001 1015
1587844186148 1001 1016
1587844195740 1001 1017
1587844205371 1001 1018
1587844214972 1001 1019
1587844224731 1001 1020
1587844234363 1001 1021
1587844244007 1001 1022
1587844253621 1001 1023
1587844263292 1001 1024
1587844272896 1001 1025
1587844282525 1001 1026
1587844292234 1001 1027
1587844302316 1001 1028
1587844312160 1001 1029
1587844321928 1001 1030
1587844331664 1001 1031
1587844341577 1001 1032
1587844351476 1001 1033
1587844361315 1001 1034
1587844371152 1001 1035
1587844380999 1001 1036
1587844390819 1001 1037
1587844400542 1001 1038
1587844410245 1001 1039
1587844420128 1001 1040
1587844429816 1001 1041
1587844439545 1001 1042
1587844449350 1001 1043
1587844459017 1001 1044
1587844468757 1001 1045
1587844478493 1001 1046
1587844488640 1001 1047
1587844498371 1001 1048
1587844508231 1001 1049
1587844517960 1001 1050
1587844527668 1001 1051
1587844537430 1001 1052
1587844547241 1001 1053
1587844556972 1001 1054
1587844566868 1001 1055
1587844576607 1001 1056
1587844586436 1001 1057
1587844596231 1001 1058
1587844606058 1001 1059
1587844615924 1001 1060
1587844625789 1001 1061
1587844635597 1001 1062
1587844645346 1001 1063
1587844655062 1001 1064
1587844665052 1001 1065
1587844674801 1001 1066
1587844684555 1001 1067
1587844694281 1001 1068
1587844704019 1001 1069
1587844713829 1001 1070
1587844723546 1001 1071
1587844733270 1001 1072
1587844743083 1001 1073
1587844752995 1001 1074
1587844762723 1001 1075
1587844772448 1001 1076
1587844782179 1001 1077
1587844791982 1001 1078
1587844801733 1001 1079
1587844811662 1001 1080
1587844821409 1001 1081
1587844831228 1001 1082
1587844841012 1001 1083
1587844851044 1001 1084
1587844860790 1001 1085
1587844870632 1001 1086
1587844880365 1001 1087
1587844890103 1001 1088
1587844899802 1001 1089
1587844909571 1001 1090
1587844919466 1001 1091
1587844929356 1001 1092
1587844939069 1001 1093
1587844948809 1001 1094
1587844958609 1001 1095
1587844968329 1001 1096
1587844978050 1001 1097
1587844987809 1001 1098
1587844997603 1001 1099
1587845007467 1001 1100
1587845017266 1001 1101
1587845027434 1001 1102
1587845037188 1001 1103
1587845046944 1001 1104
1587845056670 1001 1105
1587845066377 1001 1106
1587845076161 1001 1107
1587845085838 1001 1108
1587845095541 1001 1109
1587845105371 1001 1110
1587845115235 1001 1111
1587845124940 1001 1112
1587845134671 1001 1113
1587845144391 1001 1114
1587845154141 1001 1115
1587845163934 1001 1116
1587845173657 1001 1117
1587845183374 1001 1118
1587845193084 1001 1119
1587845203351 1001 1120
1587845213074 1001 1121
1587845222787 1001 1122
1587845232483 1001 1123
1587845242222 1001 1124
1587845251919 1001 1125
1587845261622 1001 1126
1587845271295 1001 1127
1587845281053 1001 1128
1587845290779 1001 1129
1587845300451 1001 1130
1587845310150 1001 1131
1587845319889 1001 1132
1587845329592 1001 1133
1587845339301 1001 1134
1587845349049 1001 1135
1587845358793 1001 1136
1587845368509 1001 1137
1587845378210 1001 1138
1587845388407 1001 1139
1587845398285 1001 1140
1587845408102 1001 1141
1587845417821 1001 1142
1587845427531 1001 1143
1587845437254 1001 1144
1587845447069 1001 1145
1587845456790 1001 1146
1587845466609 1001 1147
1587845476359 1001 1148
1587845486155 1001 1149
1587845495905 1001 1150
1587845505682 1001 1151
1587845515467 1001 1152
1587845525333 1001 1153
1587845535068 1001 1154
1587845544787 1001 1155
1587845554509 1001 1156
1587845564672 1001 1157
1587845574399 1001 1158
1587845584155 1001 1159
1587845594002 1001 1160
1587845603763 1001 1161
1587845613508 1001 1162
1587845623238 1001 1163
1587845632945 1001 1164
1587845642711 1001 1165
1587845652473 1001 1166
1587845662176 1001 1167
1587845671913 1001 1168
1587845681614 1001 1169
1587845691400 1001 1170
1587845701082 1001 1171
1587845710795 1001 1172
1587845720445 1001 1173
1587845730131 1001 1174
1587845739801 1001 1175
1587845749781 1001 1176
1587845759447 1001 1177
1587845769148 1001 1178
1587845778830 1001 1179
1587845788636 1001 1180
1587845798276 1001 1181
1587845808077 1001 1182
1587845817766 1001 1183
1587845827454 1001 1184
1587845837207 1001 1185
1587845846895 1001 1186
1587845856686 1001 1187
1587845866395 1001 1188
1587845876083 1001 1189
1587845885815 1001 1190
1587845895573 1001 1191
1587845905334 1001 1192
1587845915108 1001 1193
1587845925407 1001 1194
1587845935200 1001 1195
1587845944955 1001 1196
1587845954706 1001 1197
1587845964389 1001 1198
1587845974086 1001 1199
1587845984002 1001 1200
1587845993785 1001 1201
1587846003513 1001 1202
1587846013187 1001 1203
1587846023007 1001 1204
1587846032781 1001 1205
1587846042531 1001 1206
1587846052278 1001 1207
1587846062053 1001 1208
1587846071792 1001 1209
1587846081494 1001 1210
1587846091235 1001 1211
1587846101119 1001 1212
1587846111082 1001 1213
1587846120879 1001 1214
1587846130671 1001 1215
1587846140516 1001 1216
1587846150313 1001 1217
1587846160161 1001 1218
1587846169857 1001 1219
1587846179706 1001 1220
1587846189512 1001 1221
1587846199275 1001 1222
1587846208942 1001 1223
1587846218616 1001 1224
1587846228245 1001 1225
1587846237909 1001 1226
1587846247614 1001 1227
1587846257285 1001 1228
1587846266912 1001 1229
1587846276542 1001 1230
1587846286416 1001 1231
1587846296057 1001 1232
1587846305774 1001 1233
1587846315452 1001 1234
1587846325107 1001 1235
1587846334814 1001 1236
1587846344531 1001 1237
1587846354319 1001 1238
1587846364139 1001 1239
1587846374049 1001 1240
1587846383685 1001 1241
1587846393335 1001 1242
1587846402985 1001 1243
1587846412653 1001 1244
1587846422380 1001 1245
1587846432248 1001 1246
1587846441980 1001 1247
1587846451806 1001 1248
1587846461727 1001 1249
1587846471519 1001 1250
1587846481205 1001 1251
1587846490899 1001 1252
1587846500564 1001 1253
1587846510217 1001 1254
1587846519862 1001 1255
1587846529521 1001 1256
1587846539155 1001 1257
1587846548868 1001 1258
1587846558582 1001 1259
1587846568492 1001 1260
1587846578156 1001 1261
1587846587821 1001 1262
1587846597467 1001 1263
1587846607176 1001 1264
1587846616839 1001 1265
1587846626512 1001 1266
1587846636180 1001 1267
1587846646148 1001 1268
1587846655816 1001 1269
1587846665493 1001 1270
1587846675134 1001 1271
1587846684770 1001 1272
1587846694387 1001 1273
1587846704035 1001 1274
1587846713739 1001 1275
1587846723635 1001 1276
1587846733494 1001 1277
1587846743377 1001 1278
1587846753360 1001 1279
1587846763392 1001 1280
1587846773305 1001 1281
1587846783250 1001 1282
1587846793014 1001 1283
1587846802875 1001 1284
1587846812746 1001 1285
1587846822763 1001 1286
1587846832430 1001 1287
1587846842173 1001 1288
1587846851967 1001 1289
1587846861727 1001 1290
1587846871356 1001 1291
1587846880988 1001 1292
1587846890640 1001 1293
1587846900278 1001 1294
1587846909986 1001 1295
1587846919651 1001 1296
1587846929356 1001 1297
1587846939038 1001 1298
1587846948686 1001 1299
1587846958485 1001 1300
1587846968609 1001 1301
1587846978271 1001 1302
1587846987911 1001 1303
1587846997552 1001 1304
1587847007733 1001 1305
1587847017380 1001 1306
1587847027052 1001 1307
1587847036724 1001 1308
1587847046390 1001 1309
1587847056041 1001 1310
1587847065680 1001 1311
1587847075336 1001 1312
1587847085029 1001 1313
1587847094663 1001 1314
1587847104327 1001 1315
1587847113963 1001 1316
1587847123577 1001 1317
1587847133209 1001 1318
1587847142900 1001 1319
1587847152689 1001 1320
1587847162335 1001 1321
1587847171966 1001 1322
1587847181962 1001 1323
1587847191770 1001 1324
1587847201422 1001 1325
1587847211132 1001 1326
1587847220817 1001 1327
1587847230499 1001 1328
1587847240149 1001 1329
1587847249800 1001 1330
1587847259425 1001 1331
1587847269282 1001 1332
1587847278956 1001 1333
1587847288627 1001 1334
1587847298308 1001 1335
1587847308033 1001 1336
1587847317789 1001 1337
1587847327685 1001 1338
1587847337361 1001 1339
1587847347202 1001 1340
1587847356925 1001 1341
1587847366991 1001 1342
1587847376615 1001 1343
1587847386315 1001 1344
1587847395985 1001 1345
1587847405651 1001 1346
1587847415359 1001 1347
1587847425037 1001 1348
1587847434686 1001 1349
1587847444388 1001 1350
1587847454044 1001 1351
1587847463681 1001 1352
1587847473326 1001 1353
1587847482980 1001 1354
1587847492645 1001 1355
1587847502326 1001 1356
1587847511989 1001 1357
1587847521630 1001 1358
1587847531294 1001 1359
1587847541319 1001 1360
1587847551215 1001 1361
1587847560946 1001 1362
1587847570769 1001 1363
1587847580461 1001 1364
1587847590119 1001 1365
1587847599768 1001 1366
1587847609411 1001 1367
1587847619056 1001 1368
1587847628766 1001 1369
1587847638410 1001 1370
1587847648075 1001 1371
1587847657701 1001 1372
1587847667345 1001 1373
1587847677025 1001 1374
1587847686740 1001 1375
1587847696450 1001 1376
1587847706215 1001 1377
1587847715871 1001 1378
1587847725867 1001 1379
1587847735675 1001 1380
1587847745409 1001 1381
1587847755065 1001 1382
1587847764711 1001 1383
1587847774378 1001 1384
1587847784056 1001 1385
1587847793711 1001 1386
1587847803423 1001 1387
1587847813082 1001 1388
1587847822768 1001 1389
1587847832415 1001 1390
1587847842051 1001 1391
1587847851652 1001 1392
1587847861275 1001 1393
1587847870966 1001 1394
1587847880613 1001 1395
1587847890304 1001 1396
1587847900006 1001 1397
1587847910012 1001 1398
1587847919642 1001 1399
1587847929460 1001 1400
1587847939174 1001 1401
1587847948828 1001 1402
1587847958496 1001 1403
1587847968109 1001 1404
1587847977765 1001 1405
1587847987447 1001 1406
1587847997090 1001 1407
1587848006745 1001 1408
1587848016459 1001 1409
1587848026101 1001 1410
1587848035730 1001 1411
1587848045395 1001 1412
1587848055040 1001 1413
1587848064700 1001 1414
1587848074302 1001 1415
1587848084419 1001 1416
1587848094049 1001 1417
1587848103726 1001 1418
1587848113371 1001 1419
1587848123158 1001 1420
1587848132812 1001 1421
1587848142493 1001 1422
1587848152157 1001 1423
1587848161845 1001 1424
1587848171691 1001 1425
1587848181346 1001 1426
1587848191012 1001 1427
1587848200681 1001 1428
1587848210350 1001 1429
1587848220054 1001 1430
1587848229872 1001 1431
1587848239638 1001 1432
1587848249297 1001 1433
1587848259008 1001 1434
1587848269060 1001 1435
1587848278672 1001 1436
1587848288352 1001 1437
1587848297993 1001 1438
1587848307640 1001 1439
1587848317450 1001 1440
1587848327091 1001 1441
1587848336722 1001 1442
1587848346395 1001 1443
1587848356019 1001 1444
1587848365676 1001 1445
1587848375337 1001 1446
1587848384998 1001 1447
1587848394648 1001 1448
1587848404386 1001 1449
1587848414037 1001 1450
1587848423706 1001 1451
1587848433352 1001 1452
1587848443517 1001 1453
1587848453138 1001 1454
1587848462848 1001 1455
1587848472489 1001 1456
1587848482121 1001 1457
1587848491741 1001 1458
1587848501409 1001 1459
1587848511214 1001 1460
1587848520860 1001 1461
1587848530567 1001 1462
1587848540196 1001 1463
1587848549881 1001 1464
1587848559521 1001 1465
1587848569171 1001 1466
1587848578816 1001 1467
1587848588545 1001 1468
1587848598310 1001 1469
1587848607990 1001 1470
1587848617642 1001 1471
1587848627707 1001 1472
1587848637355 1001 1473
1587848647097 1001 1474
1587848656863 1001 1475
1587848666536 1001 1476
1587848676182 1001 1477
1587848685878 1001 1478
1587848695531 1001 1479
1587848705390 1001 1480
1587848715025 1001 1481
1587848724682 1001 1482
1587848734322 1001 1483
1587848743950 1001 1484
1587848753602 1001 1485
1587848763281 1001 1486
1587848772900 1001 1487
1587848782591 1001 1488
1587848792224 1001 1489
1587848802069 1001 1490
1587848811791 1001 1491
1587848821460 1001 1492
1587848831127 1001 1493
1587848840854 1001 1494
1587848850522 1001 1495
1587848860193 1001 1496
1587848869896 1001 1497
1587848879501 1001 1498
1587848889172 1001 1499
1587848898964 1001 1500
1587848908672 1001 1501
1587848918317 1001 1502
1587848927957 1001 1503
1587848937572 1001 1504
1587848947245 1001 1505
1587848956889 1001 1506
1587848966509 1001 1507
1587848976145 1001 1508
1587848986179 1001 1509
1587848995832 1001 1510
1587849005494 1001 1511
1587849015129 1001 1512
1587849024757 1001 1513
1587849034410 1001 1514
1587849044065 1001 1515
1587849053703 1001 1516
1587849063434 1001 1517
1587849073201 1001 1518
1587849082855 1001 1519
1587849092650 1001 1520
1587849102315 1001 1521
1587849111976 1001 1522
1587849121689 1001 1523
1587849131544 1001 1524
1587849141257 1001 1525
1587849150897 1001 1526
1587849160697 1001 1527
1587849170571 1001 1528
1587849180183 1001 1529
1587849189905 1001 1530
1587849199543 1001 1531
1587849209177 1001 1532
1587849218841 1001 1533
1587849228489 1001 1534
1587849238166 1001 1535
1587849247866 1001 1536
1587849257526 1001 1537
1587849267182 1001 1538
1587849276827 1001 1539
1587849286646 1001 1540
1587849296297 1001 1541
1587849306019 1001 1542
1587849315707 1001 1543
1587849325358 1001 1544
1587849335006 1001 1545
1587849345074 1001 1546
1587849354728 1001 1547
1587849364455 1001 1548
1587849374159 1001 1549
1587849383815 1001 1550
1587849393465 1001 1551
1587849403101 1001 1552
1587849412771 1001 1553
1587849422492 1001 1554
1587849432163 1001 1555
1587849441889 1001 1556
1587849451598 1001 1557
1587849461214 1001 1558
1587849470869 1001 1559
1587849480689 1001 1560
1587849490390 1001 1561
1587849500046 1001 1562
1587849509681 1001 1563
1587849519321 1001 1564
1587849529430 1001 1565
1587849539076 1001 1566
1587849548792 1001 1567
1587849558432 1001 1568
1587849568073 1001 1569
1587849577716 1001 1570
1587849587337 1001 1571
1587849596958 1001 1572
1587849606661 1001 1573
1587849616346 1001 1574
1587849626052 1001 1575
1587849635678 1001 1576
1587849645316 1001 1577
1587849654999 1001 1578
1587849664807 1001 1579
1587849674648 1001 1580
1587849684286 1001 1581
1587849693893 1001 1582
1587849704051 1001 1583
1587849713677 1001 1584
1587849723372 1001 1585
1587849733000 1001 1586
1587849742633 1001 1587
1587849752273 1001 1588
1587849761887 1001 1589
1587849771516 1001 1590
1587849781141 1001 1591
1587849790851 1001 1592
1587849800506 1001 1593
1587849810159 1001 1594
1587849819797 1001 1595
1587849829432 1001 1596
1587849839090 1001 1597
1587849848768 1001 1598
1587849858418 1001 1599
1587849868207 1001 1600
1587849877928 1001 1601
1587849887915 1001 1602
1587849897551 1001 1603
1587849907238 1001 1604
1587849916899 1001 1605
1587849926516 1001 1606
1587849936163 1001 1607
1587849945819 1001 1608
1587849955514 1001 1609
1587849965398 1001 1610
1587849975181 1001 1611
1587849984847 1001 1612
1587849994504 1001 1613
1587850004153 1001 1614
1587850013787 1001 1615
1587850023505 1001 1616
1587850033244 1001 1617
1587850042892 1001 1618
1587850052555 1001 1619
1587850062778 1001 1620
1587850072410 1001 1621
1587850082058 1001 1622
1587850091723 1001 1623
1587850101373 1001 1624
1587850110997 1001 1625
1587850120608 1001 1626
1587850130260 1001 1627
1587850139877 1001 1628
1587850149572 1001 1629
1587850159191 1001 1630
1587850168809 1001 1631
1587850178445 1001 1632
1587850188095 1001 1633
1587850197737 1001 1634
1587850207491 1001 1635
1587850217155 1001 1636
1587850226818 1001 1637
1587850236455 1001 1638
1587850246509 1001 1639
1587850256292 1001 1640
1587850265963 1001 1641
1587850275617 1001 1642
1587850285307 1001 1643
1587850295030 1001 1644
1587850304652 1001 1645
1587850314330 1001 1646
1587850324091 1001 1647
1587850333851 1001 1648
1587850343745 1001 1649
1587850353603 1001 1650
1587850363509 1001 1651
1587850373367 1001 1652
1587850383218 1001 1653
1587850392922 1001 1654
1587850402783 1001 1655
1587850412642 1001 1656
1587850422821 1001 1657
1587850432611 1001 1658
1587850442469 1001 1659
1587850452415 1001 1660
1587850462260 1001 1661
1587850471921 1001 1662
1587850481579 1001 1663
1587850491218 1001 1664
1587850500880 1001 1665
1587850510636 1001 1666
1587850520321 1001 1667
1587850529971 1001 1668
1587850539606 1001 1669
1587850549264 1001 1670
1587850558890 1001 1671
1587850568625 1001 1672
1587850578301 1001 1673
1587850587945 1001 1674
1587850597609 1001 1675
1587850607691 1001 1676
1587850617357 1001 1677
1587850627052 1001 1678
1587850636704 1001 1679
1587850646510 1001 1680
1587850656165 1001 1681
1587850665808 1001 1682
1587850675451 1001 1683
1587850685203 1001 1684
1587850694864 1001 1685
1587850704540 1001 1686
1587850714224 1001 1687
1587850723877 1001 1688
1587850733541 1001 1689
1587850743317 1001 1690
1587850753030 1001 1691
1587850762738 1001 1692
1587850772514 1001 1693
1587850782493 1001 1694
1587850792146 1001 1695
1587850801829 1001 1696
1587850811550 1001 1697
1587850821237 1001 1698
1587850830905 1001 1699
1587850840708 1001 1700
1587850850445 1001 1701
1587850860124 1001 1702
1587850870064 1001 1703
1587850879747 1001 1704
1587850889441 1001 1705
1587850899149 1001 1706
1587850908839 1001 1707
1587850918516 1001 1708
1587850928370 1001 1709
1587850938063 1001 1710
1587850947704 1001 1711
1587850957334 1001 1712
1587850967327 1001 1713
1587850976968 1001 1714
1587850986651 1001 1715
1587850996304 1001 1716
1587851005969 1001 1717
1587851015639 1001 1718
1587851025456 1001 1719
1587851035315 1001 1720
1587851045018 1001 1721
1587851054734 1001 1722
1587851064415 1001 1723
1587851074078 1001 1724
1587851083783 1001 1725
1587851093463 1001 1726
1587851103182 1001 1727
1587851112881 1001 1728
1587851122546 1001 1729
1587851132216 1001 1730
1587851142277 1001 1731
1587851152026 1001 1732
1587851161727 1001 1733
1587851171491 1001 1734
1587851181193 1001 1735
1587851190894 1001 1736
1587851200563 1001 1737
1587851210289 1001 1738
1587851219997 1001 1739
1587851229923 1001 1740
1587851239656 1001 1741
1587851249526 1001 1742
1587851259193 1001 1743
1587851268897 1001 1744
1587851278624 1001 1745
1587851288486 1001 1746
1587851298234 1001 1747
1587851307973 1001 1748
1587851317720 1001 1749
1587851327742 1001 1750
1587851337457 1001 1751
1587851347275 1001 1752
1587851357157 1001 1753
1587851366978 1001 1754
1587851376716 1001 1755
1587851386468 1001 1756
1587851396152 1001 1757
1587851405915 1001 1758
1587851415595 1001 1759
1587851425402 1001 1760
1587851435118 1001 1761
1587851444930 1001 1762
1587851454728 1001 1763
1587851464505 1001 1764
1587851474265 1001 1765
1587851484045 1001 1766
1587851493812 1001 1767
1587851503819 1001 1768
1587851513554 1001 1769
1587851523340 1001 1770
1587851533126 1001 1771
1587851542953 1001 1772
1587851552679 1001 1773
1587851562521 1001 1774
1587851572325 1001 1775
1587851581989 1001 1776
1587851591674 1001 1777
1587851601469 1001 1778
1587851611111 1001 1779
1587851620903 1001 1780
1587851630543 1001 1781
1587851640301 1001 1782
1587851650041 1001 1783
1587851659723 1001 1784
1587851669450 1001 1785
1587851679107 1001 1786
1587851689188 1001 1787
