1587836375683 0.0 1
1587836382187 0.2199999950826168 2
1587836388472 0.2199999950826168 3
1587836394590 0.0 4
1587836400711 0.07999999821186066 5
1587836406787 0.08999999798834324 6
1587836412798 0.3199999928474426 7
1587836418894 0.9299999792128801 8
1587836425030 0.8999999798834324 9
1587836431196 0.09999999776482582 10
1587836437354 0.9199999794363976 11
1587836443444 0.2299999948590994 12
1587836449473 0.4499999899417162 13
1587836455575 0.08999999798834324 14
1587836461737 0.05999999865889549 15
1587836467944 0.5799999870359898 16
1587836474088 0.9999999776482582 17
1587836480194 0.35999999195337296 18
1587836486274 0.0 19
1587836492459 0.1699999962002039 20
1587836498613 0.6099999863654375 21
1587836504763 0.0 22
1587836510893 0.0 23
1587836517041 0.18999999575316906 24
1587836523240 0.0 25
1587836529414 0.07999999821186066 26
1587836535597 0.6599999852478504 27
1587836541741 0.1099999975413084 28
1587836547875 0.11999999731779099 29
1587836554045 0.2899999935179949 30
1587836560368 0.0 31
1587836566965 0.3399999924004078 32
1587836573119 0.7699999827891588 33
1587836579278 0.09999999776482582 34
1587836585478 0.09999999776482582 35
1587836591649 0.42999999038875103 36
1587836597821 0.3499999921768904 37
1587836603996 0.0 38
1587836610144 0.2199999950826168 39
1587836616412 0.2699999939650297 40
1587836622594 0.05999999865889549 41
1587836628793 0.7099999841302633 42
1587836634977 0.009999999776482582 43
1587836641159 0.41999999061226845 44
1587836647369 0.3999999910593033 45
1587836653548 0.24999999441206455 46
1587836659726 0.019999999552965164 47
1587836665932 0.25999999418854713 48
1587836672094 0.25999999418854713 49
1587836678275 0.5799999870359898 50
1587836684437 0.6199999861419201 51
1587836690595 1.389999968931079 52
1587836696801 0.669999985024333 53
1587836703017 0.8199999816715717 54
1587836709258 0.7199999839067459 55
1587836715496 1.6599999628961086 56
1587836721677 0.0 57
1587836727891 0.41999999061226845 58
1587836734087 0.8099999818950891 59
1587836740490 0.009999999776482582 60
1587836747150 0.5999999865889549 61
1587836753320 0.8899999801069498 62
1587836759526 0.4599999897181988 63
1587836765781 1.1599999740719795 64
1587836772033 0.0 65
1587836778256 0.8799999803304672 66
1587836784454 0.9599999785423279 67
1587836790653 0.3899999912828207 68
1587836796823 0.5699999872595072 69
1587836803020 1.1399999745190144 70
1587836809258 0.6099999863654375 71
1587836815477 0.46999998949468136 72
1587836821727 1.4399999678134918 73
1587836827895 0.9899999778717756 74
1587836834143 0.4899999890476465 75
1587836840447 2.2399999499320984 76
1587836846769 0.549999987706542 77
1587836853032 1.1599999740719795 78
1587836859286 0.7299999836832285 79
1587836865518 1.4499999675899744 80
1587836871774 1.9999999552965164 81
1587836878027 1.2099999729543924 82
1587836884317 0.6499999854713678 83
1587836890576 1.0199999772012234 84
1587836896825 0.4899999890476465 85
1587836903059 1.4299999680370092 86
1587836909296 2.4999999441206455 87
1587836915593 1.8599999584257603 88
1587836922307 0.7499999832361937 89
1587836928795 0.8999999798834324 90
1587836935070 3.6199999190866947 91
1587836941367 1.3499999698251486 92
1587836947661 1.3199999704957008 93
1587836953963 1.6899999622255564 94
1587836960241 0.8299999814480543 95
1587836966466 1.4999999664723873 96
1587836972640 1.099999975413084 97
1587836978853 1.6099999640136957 98
1587836985006 1.4499999675899744 99
1587836991316 1.3799999691545963 100
1587836997585 1.6899999622255564 101
1587837003876 1.4999999664723873 102
1587837010080 0.8999999798834324 103
1587837016286 0.6599999852478504 104
1587837022515 0.7999999821186066 105
1587837028810 0.8799999803304672 106
1587837035036 1.3199999704957008 107
1587837041232 2.539999943226576 108
1587837047414 1.0899999756366014 109
1587837053639 1.0599999763071537 110
1587837059855 2.0199999548494816 111
1587837066092 1.339999970048666 112
1587837072328 1.1899999734014273 113
1587837078521 0.5299999881535769 114
1587837084710 2.43999994546175 115
1587837090904 2.4999999441206455 116
1587837097199 2.559999942779541 117
1587837103779 0.9999999776482582 118
1587837109949 2.579999942332506 119
1587837116200 1.9799999557435513 120
1587837122428 1.50999996624887 121
1587837128622 1.6299999635666609 122
1587837134805 1.0899999756366014 123
1587837140988 1.5599999651312828 124
1587837147207 0.5699999872595072 125
1587837153385 1.409999968484044 126
1587837159608 2.989999933168292 127
1587837165806 2.3599999472498894 128
1587837172027 1.389999968931079 129
1587837178209 1.7299999613314867 130
1587837184429 3.2599999271333218 131
1587837190771 1.6399999633431435 132
1587837197018 0.9599999785423279 133
1587837203252 1.8299999590963125 134
1587837209454 0.0 135
1587837215657 1.4799999669194221 136
1587837221868 1.8099999595433474 137
1587837228087 1.2099999729543924 138
1587837234289 0.7499999832361937 139
1587837240593 1.3099999707192183 140
1587837246839 0.8399999812245369 141
1587837253058 1.0799999758601189 142
1587837259263 1.4799999669194221 143
1587837265488 1.099999975413084 144
1587837271730 1.5699999649077654 145
1587837277965 1.7399999611079693 146
1587837284752 1.4799999669194221 147
1587837290984 0.909999979659915 148
1587837297207 1.7599999606609344 149
1587837303484 2.0199999548494816 150
1587837309725 0.6499999854713678 151
1587837316026 1.4899999666959047 152
1587837322278 0.669999985024333 153
1587837328562 0.549999987706542 154
1587837334888 1.8999999575316906 155
1587837341230 2.2899999488145113 156
1587837347540 0.5299999881535769 157
1587837353836 1.4299999680370092 158
1587837360110 1.1199999749660492 159
1587837366575 1.6899999622255564 160
1587837372957 2.899999935179949 161
1587837379412 1.2799999713897705 162
1587837385914 2.869999935850501 163
1587837392387 2.2099999506026506 164
1587837398769 1.839999958872795 165
1587837405158 1.0899999756366014 166
1587837411664 1.4499999675899744 167
1587837418086 0.9699999783188105 168
1587837424495 3.2899999264627695 169
1587837430858 2.5999999418854713 170
1587837437235 4.52999989874661 171
1587837443539 2.6199999414384365 172
1587837449880 2.9799999333918095 173
1587837456274 0.5899999868124723 174
1587837463138 3.2699999269098043 175
1587837469437 1.1399999745190144 176
1587837475774 1.7599999606609344 177
1587837482106 1.1099999751895666 178
1587837488498 1.529999965801835 179
1587837494964 1.1299999747425318 180
1587837501338 1.459999967366457 181
1587837507732 1.1599999740719795 182
1587837514187 2.659999940544367 183
1587837520598 3.3599999248981476 184
1587837526980 1.2299999725073576 185
1587837533396 0.9699999783188105 186
1587837539786 0.3299999926239252 187
1587837546198 3.3099999260157347 188
1587837552653 2.629999941214919 189
1587837559086 2.6199999414384365 190
1587837565429 1.9099999573081732 191
1587837571763 2.0899999532848597 192
1587837578110 1.8499999586492777 193
1587837584450 2.5299999434500933 194
1587837590820 2.2799999490380287 195
1587837597197 3.8699999134987593 196
1587837603640 1.8499999586492777 197
1587837610081 0.8399999812245369 198
1587837616539 2.2099999506026506 199
1587837623005 3.2399999275803566 200
1587837629439 0.9299999792128801 201
1587837635969 3.7499999161809683 202
1587837642836 2.3799999468028545 203
1587837649244 2.1599999517202377 204
1587837655643 3.9399999119341373 205
1587837662153 7.229999838396907 206
1587837668683 1.7499999608844519 207
1587837675195 1.939999956637621 208
1587837681710 3.0799999311566353 209
1587837688134 2.4299999456852674 210
1587837694587 1.5199999660253525 211
1587837700963 1.649999963119626 212
1587837707358 2.539999943226576 213
1587837713766 3.129999930039048 214
1587837720160 2.5899999421089888 215
1587837726572 3.089999930933118 216
1587837733054 2.5999999418854713 217
1587837739449 3.9799999110400677 218
1587837745894 9.189999794587493 219
1587837752397 2.299999948590994 220
1587837758877 2.4699999447911978 221
1587837765401 6.919999845325947 222
1587837771827 1.50999996624887 223
1587837778395 1.1599999740719795 224
1587837784887 3.67999991774559 225
1587837791327 2.5999999418854713 226
1587837797776 1.8099999595433474 227
1587837804215 3.1699999291449785 228
1587837810653 9.939999777823687 229
1587837817097 2.339999947696924 230
1587837824021 6.069999864324927 231
1587837830484 2.9799999333918095 232
1587837836948 2.389999946579337 233
1587837843457 4.039999909698963 234
1587837849954 2.4699999447911978 235
1587837856448 2.1699999514967203 236
1587837862991 3.3899999242275953 237
1587837869533 2.699999939650297 238
1587837876068 1.9299999568611383 239
1587837882751 3.569999920204282 240
1587837889207 2.8899999354034662 241
1587837895662 1.1899999734014273 242
1587837902184 2.4099999461323023 243
1587837908685 1.7499999608844519 244
1587837915233 5.339999880641699 245
1587837921819 2.2899999488145113 246
1587837928415 2.299999948590994 247
1587837935045 3.05999993160367 248
1587837941690 2.3799999468028545 249
1587837948284 3.8599999137222767 250
1587837954777 3.05999993160367 251
1587837961356 1.889999957755208 252
1587837967881 1.4999999664723873 253
1587837974442 3.5999999195337296 254
1587837981057 0.3899999912828207 255
1587837987753 2.7199999392032623 256
1587837994532 1.839999958872795 257
1587838001476 2.8099999371916056 258
1587838008532 3.179999928921461 259
1587838015201 2.059999953955412 260
1587838021738 3.0499999318271875 261
1587838028322 1.7099999617785215 262
1587838034946 2.4299999456852674 263
1587838041517 2.779999937862158 264
1587838048075 1.3699999693781137 265
1587838054646 5.349999880418181 266
1587838061196 2.4999999441206455 267
1587838067771 5.279999881982803 268
1587838074438 3.4599999226629734 269
1587838081012 3.279999926686287 270
1587838087691 3.5999999195337296 271
1587838094354 2.0899999532848597 272
1587838101042 1.769999960437417 273
1587838107693 4.239999905228615 274
1587838114415 3.109999930486083 275
1587838121075 3.0699999313801527 276
1587838127806 2.369999947026372 277
1587838134481 7.059999842196703 278
1587838141218 1.149999974295497 279
1587838148114 3.729999916628003 280
1587838154843 3.36999992467463 281
1587838161555 3.1499999295920134 282
1587838168234 5.409999879077077 283
1587838174908 1.9799999557435513 284
1587838182021 3.349999925121665 285
1587838188953 2.009999955072999 286
1587838195657 3.709999917075038 287
1587838202365 0.25999999418854713 288
1587838209079 2.9099999349564314 289
1587838215780 3.3199999257922173 290
1587838222479 3.489999921992421 291
1587838229229 2.9099999349564314 292
1587838235934 3.969999911263585 293
1587838242669 4.549999898299575 294
1587838249450 4.429999900981784 295
1587838256055 2.299999948590994 296
1587838262723 2.1399999521672726 297
1587838269462 3.1999999284744263 298
1587838276100 2.299999948590994 299
1587838282826 2.9599999338388443 300
1587838289489 3.05999993160367 301
1587838296141 2.939999934285879 302
1587838302768 2.939999934285879 303
1587838309415 2.459999945014715 304
1587838316072 3.0999999307096004 305
1587838322795 4.619999896734953 306
1587838329514 2.8099999371916056 307
1587838336166 2.1899999510496855 308
1587838342836 3.6299999188631773 309
1587838349499 4.709999894723296 310
1587838356168 3.209999928250909 311
1587838363357 4.099999908357859 312
1587838370022 3.94999991171062 313
1587838376699 4.239999905228615 314
1587838383429 2.1899999510496855 315
1587838390160 2.6699999403208494 316
1587838396892 0.5799999870359898 317
1587838403649 3.569999920204282 318
1587838410375 1.939999956637621 319
1587838417205 3.209999928250909 320
1587838423958 3.5299999210983515 321
1587838430686 0.13999999687075615 322
1587838437438 3.2899999264627695 323
1587838444233 2.849999936297536 324
1587838451050 2.369999947026372 325
1587838457867 3.1699999291449785 326
1587838464658 3.6699999179691076 327
1587838471516 12.399999722838402 328
1587838478351 1.9299999568611383 329
1587838485180 3.799999915063381 330
1587838492032 3.4299999233335257 331
1587838498859 2.9799999333918095 332
1587838505773 5.76999987103045 333
1587838512597 3.9599999114871025 334
1587838519504 2.939999934285879 335
1587838526478 3.089999930933118 336
1587838533339 3.8599999137222767 337
1587838540264 2.9299999345093966 338
1587838547538 2.149999951943755 339
1587838554455 2.0499999541789293 340
1587838561294 3.7499999161809683 341
1587838568220 4.099999908357859 342
1587838575049 5.559999875724316 343
1587838581987 4.689999895170331 344
1587838588798 4.209999905899167 345
1587838595611 5.119999885559082 346
1587838602519 2.9099999349564314 347
1587838609492 4.899999890476465 348
1587838616458 2.299999948590994 349
1587838623331 3.5099999215453863 350
1587838630173 2.4799999445676804 351
1587838637110 2.0399999544024467 352
1587838644071 5.799999870359898 353
1587838651057 4.169999906793237 354
1587838658030 2.699999939650297 355
1587838665018 3.6999999172985554 356
1587838671891 3.469999922439456 357
1587838678849 4.479999899864197 358
1587838685859 2.7399999387562275 359
1587838693016 3.249999927356839 360
1587838700040 3.5599999204277992 361
1587838707078 3.349999925121665 362
1587838714001 1.9999999552965164 363
1587838721231 3.05999993160367 364
1587838728544 5.269999882206321 365
1587838735601 3.4099999237805605 366
1587838742610 5.679999873042107 367
1587838749680 3.01999993249774 368
1587838756714 1.9299999568611383 369
1587838763812 4.429999900981784 370
1587838770939 4.059999909251928 371
1587838778049 2.029999954625964 372
1587838785115 2.9499999340623617 373
1587838792143 3.8699999134987593 374
1587838799122 3.039999932050705 375
1587838806201 4.229999905452132 376
1587838813255 4.929999889805913 377
1587838820347 0.0 378
1587838827412 2.729999938979745 379
1587838834562 4.089999908581376 380
1587838841510 0.6099999863654375 381
1587838848559 2.5999999418854713 382
1587838855635 4.059999909251928 383
1587838862779 5.14999988488853 384
1587838869944 0.9499999787658453 385
1587838877030 2.559999942779541 386
1587838884066 4.21999990567565 387
1587838891212 3.039999932050705 388
1587838898381 3.4099999237805605 389
1587838906108 2.389999946579337 390
1587838913233 4.239999905228615 391
1587838920321 1.9999999552965164 392
1587838927428 2.349999947473407 393
1587838934541 2.8599999360740185 394
1587838941700 3.4599999226629734 395
1587838948852 3.589999919757247 396
1587838956052 5.119999885559082 397
1587838963190 7.1199998408555984 398
1587838970356 2.5999999418854713 399
1587838977593 3.879999913275242 400
1587838984799 5.45999987795949 401
1587838991976 5.169999884441495 402
1587838999207 2.8599999360740185 403
1587839006414 0.6099999863654375 404
1587839013549 2.229999950155616 405
1587839020705 3.8199999146163464 406
1587839027962 3.8899999130517244 407
1587839035211 2.1399999521672726 408
1587839042731 3.129999930039048 409
1587839049796 4.229999905452132 410
1587839056958 3.7499999161809683 411
1587839064178 3.3799999244511127 412
1587839071465 5.45999987795949 413
1587839078755 1.4399999678134918 414
1587839086646 4.289999904111028 415
1587839093887 3.36999992467463 416
1587839101108 2.079999953508377 417
1587839108387 2.349999947473407 418
1587839115668 3.109999930486083 419
1587839123195 4.239999905228615 420
1587839130496 1.839999958872795 421
1587839137746 2.5699999425560236 422
1587839144963 3.1899999286979437 423
1587839152241 2.919999934732914 424
1587839159545 3.0799999311566353 425
1587839166919 5.949999867007136 426
1587839174242 4.419999901205301 427
1587839181436 3.1399999298155308 428
1587839188640 3.469999922439456 429
1587839195900 2.7899999376386404 430
1587839203195 2.2199999503791332 431
1587839210433 2.0699999537318945 432
1587839217546 4.719999894499779 433
1587839224842 3.519999921321869 434
1587839232142 2.059999953955412 435
1587839239422 2.799999937415123 436
1587839246696 4.759999893605709 437
1587839253867 4.849999891594052 438
1587839261243 4.459999900311232 439
1587839268840 1.839999958872795 440
1587839275977 5.5399998761713505 441
1587839283167 3.489999921992421 442
1587839290312 2.109999952837825 443
1587839297486 3.589999919757247 444
1587839304725 3.1499999295920134 445
1587839311942 2.4999999441206455 446
1587839319103 5.089999886229634 447
1587839326260 3.7199999168515205 448
1587839333429 3.879999913275242 449
1587839340595 5.079999886453152 450
1587839347821 5.45999987795949 451
1587839354993 4.579999897629023 452
1587839362166 1.3999999687075615 453
1587839369335 4.899999890476465 454
1587839376533 5.7799998708069324 455
1587839383756 5.979999866336584 456
1587839391012 2.6699999403208494 457
1587839398282 3.4599999226629734 458
1587839405546 2.849999936297536 459
1587839412850 3.659999918192625 460
1587839420048 4.119999907910824 461
1587839427257 3.5999999195337296 462
1587839434477 2.6199999414384365 463
1587839441951 3.63999991863966 464
1587839449305 4.739999894052744 465
1587839456534 2.319999948143959 466
1587839463807 5.709999872371554 467
1587839471041 2.4999999441206455 468
1587839478280 5.759999871253967 469
1587839485524 2.6699999403208494 470
1587839492784 4.339999902993441 471
1587839500031 4.339999902993441 472
1587839507284 3.7399999164044857 473
1587839514538 2.939999934285879 474
1587839521833 1.529999965801835 475
1587839529098 2.3099999483674765 476
1587839536378 2.2399999499320984 477
1587839543650 2.059999953955412 478
1587839550926 5.279999881982803 479
1587839558317 3.229999927803874 480
1587839565615 2.899999935179949 481
1587839572922 4.159999907016754 482
1587839580216 2.349999947473407 483
1587839587829 3.129999930039048 484
1587839595931 2.339999947696924 485
1587839604351 3.6499999184161425 486
1587839612601 2.819999936968088 487
1587839620785 4.469999900087714 488
1587839628717 2.199999950826168 489
1587839636304 2.799999937415123 490
1587839643965 3.4799999222159386 491
1587839651650 1.8299999590963125 492
1587839659320 3.8699999134987593 493
1587839666949 3.799999915063381 494
1587839674598 2.609999941661954 495
1587839682212 4.4399999007582664 496
1587839689882 3.849999913945794 497
1587839697512 1.269999971613288 498
1587839705246 6.059999864548445 499
1587839713251 4.069999909028411 500
1587839721036 3.2399999275803566 501
1587839728720 6.4499998558312654 502
1587839736511 4.889999890699983 503
1587839744348 3.1399999298155308 504
1587839752154 5.019999887794256 505
1587839759916 3.489999921992421 506
1587839767654 3.5299999210983515 507
1587839775572 3.4099999237805605 508
1587839783331 2.5299999434500933 509
1587839791079 2.819999936968088 510
1587839798811 2.939999934285879 511
1587839807059 3.5499999206513166 512
1587839814500 5.709999872371554 513
1587839822033 3.5499999206513166 514
1587839829475 1.3999999687075615 515
1587839836928 4.3899999018758535 516
1587839844451 4.669999895617366 517
1587839851975 3.469999922439456 518
1587839859592 2.9299999345093966 519
1587839867264 2.9599999338388443 520
1587839874886 3.1199999302625656 521
1587839882480 3.299999926239252 522
1587839890072 4.56999989785254 523
1587839897694 4.019999910145998 524
1587839905379 5.739999871701002 525
1587839912996 2.4999999441206455 526
1587839920691 3.469999922439456 527
1587839928402 1.6399999633431435 528
1587839936119 1.7799999602138996 529
1587839943867 1.769999960437417 530
1587839951740 9.869999779388309 531
1587839959400 3.659999918192625 532
1587839967048 2.939999934285879 533
1587839974705 5.4199998788535595 534
1587839982948 3.7499999161809683 535
1587839990613 5.259999882429838 536
1587839998202 2.989999933168292 537
1587840005858 3.849999913945794 538
1587840013512 2.989999933168292 539
1587840021307 4.699999894946814 540
1587840028990 5.039999887347221 541
1587840036774 3.399999924004078 542
1587840044547 4.679999895393848 543
1587840052349 4.359999902546406 544
1587840060175 4.52999989874661 545
1587840068091 2.579999942332506 546
1587840076154 1.8099999595433474 547
1587840083963 3.1499999295920134 548
1587840091812 3.8099999148398638 549
1587840099611 4.479999899864197 550
1587840107391 3.729999916628003 551
1587840115130 3.729999916628003 552
1587840122929 3.36999992467463 553
1587840130759 2.1399999521672726 554
1587840138609 3.5499999206513166 555
1587840146414 2.459999945014715 556
1587840154299 3.2699999269098043 557
1587840162823 5.559999875724316 558
1587840170725 4.239999905228615 559
1587840178544 3.8099999148398638 560
1587840186347 5.009999888017774 561
1587840194142 3.7899999152868986 562
1587840202071 4.709999894723296 563
1587840209867 2.2199999503791332 564
1587840217647 3.519999921321869 565
1587840225420 5.959999866783619 566
1587840233215 3.4799999222159386 567
1587840241065 5.9699998665601015 568
1587840248950 5.309999881312251 569
1587840256760 3.299999926239252 570
1587840264627 4.419999901205301 571
1587840272544 4.039999909698963 572
1587840280349 5.759999871253967 573
1587840288109 2.3599999472498894 574
1587840295899 5.509999876841903 575
1587840303791 3.829999914392829 576
1587840311704 6.859999846667051 577
1587840319498 3.01999993249774 578
1587840327289 3.299999926239252 579
1587840335187 4.409999901428819 580
1587840343522 2.149999951943755 581
1587840351447 3.3399999253451824 582
1587840359384 2.559999942779541 583
1587840367378 2.5699999425560236 584
1587840375267 1.889999957755208 585
1587840383216 3.0999999307096004 586
1587840391120 11.559999741613865 587
1587840398996 4.229999905452132 588
1587840406886 3.489999921992421 589
1587840414795 4.109999908134341 590
1587840422755 3.5799999199807644 591
1587840430683 2.819999936968088 592
1587840438640 4.779999893158674 593
1587840446588 4.279999904334545 594
1587840454559 3.109999930486083 595
1587840462495 2.0499999541789293 596
1587840470488 4.419999901205301 597
1587840478372 3.179999928921461 598
1587840486392 4.1999999061226845 599
1587840494521 2.5499999430030584 600
1587840502536 2.7399999387562275 601
1587840510626 3.659999918192625 602
1587840518669 3.7899999152868986 603
1587840527174 2.1199999526143074 604
1587840535228 6.459999855607748 605
1587840543275 3.8099999148398638 606
1587840551257 5.979999866336584 607
1587840559259 2.0899999532848597 608
1587840567370 4.3199999034404755 609
1587840575440 2.679999940097332 610
1587840583452 2.149999951943755 611
1587840591514 4.669999895617366 612
1587840599620 3.589999919757247 613
1587840607783 5.079999886453152 614
1587840615934 3.05999993160367 615
1587840623902 2.369999947026372 616
1587840631881 3.249999927356839 617
1587840639944 2.5899999421089888 618
1587840648044 12.27999972552061 619
1587840656208 1.9999999552965164 620
1587840664209 1.50999996624887 621
1587840672229 5.45999987795949 622
1587840680301 2.8599999360740185 623
1587840688401 4.249999905005097 624
1587840696490 2.7899999376386404 625
1587840705069 3.1199999302625656 626
1587840713194 4.589999897405505 627
1587840721304 3.3099999260157347 628
1587840729399 4.099999908357859 629
1587840737581 2.4299999456852674 630
1587840745597 14.459999676793814 631
1587840753665 2.7899999376386404 632
1587840761687 3.779999915510416 633
1587840769771 3.969999911263585 634
1587840777832 3.63999991863966 635
1587840785998 0.04999999888241291 636
1587840794079 3.729999916628003 637
1587840802272 1.8999999575316906 638
1587840810407 5.589999875053763 639
1587840818610 2.8099999371916056 640
1587840826814 5.76999987103045 641
1587840834911 3.419999923557043 642
1587840843060 4.8699998911470175 643
1587840851291 3.01999993249774 644
1587840859535 3.1699999291449785 645
1587840867816 5.099999886006117 646
1587840876059 4.579999897629023 647
1587840884702 3.709999917075038 648
1587840892806 3.659999918192625 649
1587840900984 4.639999896287918 650
1587840909154 3.3399999253451824 651
1587840917280 2.8899999354034662 652
1587840925402 4.829999892041087 653
1587840933573 3.1199999302625656 654
1587840941713 9.009999798610806 655
1587840949859 3.3599999248981476 656
1587840958078 3.129999930039048 657
1587840966425 4.549999898299575 658
1587840974697 2.4799999445676804 659
1587840983028 3.4299999233335257 660
1587840991226 2.7399999387562275 661
1587840999420 2.629999941214919 662
1587841007601 4.21999990567565 663
1587841015815 2.5299999434500933 664
1587841024088 5.939999867230654 665
1587841032351 4.829999892041087 666
1587841040631 7.4299998339265585 667
1587841048918 3.779999915510416 668
1587841057187 7.149999840185046 669
1587841065803 3.519999921321869 670
1587841074124 5.089999886229634 671
1587841082503 4.029999909922481 672
1587841090720 3.8899999130517244 673
1587841098958 7.219999838620424 674
1587841107182 4.159999907016754 675
1587841115512 4.25999990478158 676
1587841123705 2.3799999468028545 677
1587841131956 5.5399998761713505 678
1587841140221 5.879999868571758 679
1587841148607 4.809999892488122 680
1587841156871 3.8899999130517244 681
1587841165146 6.149999862536788 682
1587841173393 2.5699999425560236 683
1587841181670 2.4699999447911978 684
1587841189952 4.179999906569719 685
1587841198203 3.279999926686287 686
1587841206549 7.169999839738011 687
1587841214825 4.52999989874661 688
1587841223090 3.3199999257922173 689
1587841231369 4.249999905005097 690
1587841239730 3.449999922886491 691
1587841248681 4.769999893382192 692
1587841257118 10.859999757260084 693
1587841265509 4.129999907687306 694
1587841273818 4.25999990478158 695
1587841282152 5.759999871253967 696
1587841290567 4.9399998895823956 697
1587841299008 4.069999909028411 698
1587841307509 3.8099999148398638 699
1587841316011 5.529999876394868 700
1587841324397 4.25999990478158 701
1587841332765 4.21999990567565 702
1587841341110 3.4099999237805605 703
1587841349496 5.249999882653356 704
1587841357861 4.249999905005097 705
1587841366252 3.9599999114871025 706
1587841374607 3.8599999137222767 707
1587841383015 5.1099998857825994 708
1587841391377 4.1999999061226845 709
1587841399745 3.1499999295920134 710
1587841408124 5.329999880865216 711
1587841416575 4.329999903216958 712
1587841425469 5.889999868348241 713
1587841433929 6.979999843984842 714
1587841442382 5.309999881312251 715
1587841450792 3.5299999210983515 716
1587841459205 4.209999905899167 717
1587841467589 2.9499999340623617 718
1587841475947 3.6499999184161425 719
1587841484405 5.309999881312251 720
1587841493051 7.089999841526151 721
1587841501432 3.799999915063381 722
1587841509856 8.59999980777502 723
1587841518270 2.9299999345093966 724
1587841526745 4.169999906793237 725
1587841535225 3.609999919310212 726
1587841543665 5.8499998692423105 727
1587841552067 4.039999909698963 728
1587841560457 3.8599999137222767 729
1587841568896 3.4799999222159386 730
1587841577328 3.8399999141693115 731
1587841585759 2.869999935850501 732
1587841594179 3.7199999168515205 733
1587841603001 4.409999901428819 734
1587841611418 2.7099999394267797 735
1587841619834 5.2999998815357685 736
1587841628379 3.109999930486083 737
1587841636892 3.569999920204282 738
1587841645363 5.509999876841903 739
1587841653917 4.339999902993441 740
1587841662383 3.3799999244511127 741
1587841670823 18.269999591633677 742
1587841679303 3.799999915063381 743
1587841687869 5.759999871253967 744
1587841696442 4.349999902769923 745
1587841705062 3.8199999146163464 746
1587841713637 5.719999872148037 747
1587841722172 4.019999910145998 748
1587841730682 3.0299999322742224 749
1587841739198 3.659999918192625 750
1587841747732 7.889999823644757 751
1587841756398 2.939999934285879 752
1587841764937 5.669999873265624 753
1587841773439 5.2999998815357685 754
1587841782265 5.6599998734891415 755
1587841790873 4.0799999088048935 756
1587841799368 3.8099999148398638 757
1587841807937 5.859999869018793 758
1587841816462 3.3299999255687 759
1587841825116 4.5099998991936445 760
1587841833659 4.56999989785254 761
1587841842183 5.039999887347221 762
1587841850711 4.129999907687306 763
1587841859268 5.689999872818589 764
1587841867988 3.1499999295920134 765
1587841876719 1.7999999597668648 766
1587841885408 6.709999850019813 767
1587841894006 3.129999930039048 768
1587841902628 3.009999932721257 769
1587841911223 4.969999888911843 770
1587841919797 6.539999853819609 771
1587841928464 3.249999927356839 772
1587841937260 3.9799999110400677 773
1587841945890 2.009999955072999 774
1587841954468 3.8699999134987593 775
1587841963411 4.799999892711639 776
1587841971979 3.5099999215453863 777
1587841980558 1.7899999599903822 778
1587841989200 5.8499998692423105 779
1587841997937 4.5099998991936445 780
1587842006540 5.359999880194664 781
1587842015142 4.519999898970127 782
1587842023758 4.25999990478158 783
1587842032392 1.8699999582022429 784
1587842041003 6.229999860748649 785
1587842049671 4.3199999034404755 786
1587842058302 1.6799999624490738 787
1587842066919 2.9799999333918095 788
1587842075565 2.779999937862158 789
1587842084219 2.9499999340623617 790
1587842092868 3.3399999253451824 791
1587842101542 5.089999886229634 792
1587842110229 3.01999993249774 793
1587842118919 3.609999919310212 794
1587842127641 3.849999913945794 795
1587842136414 3.9799999110400677 796
1587842145563 6.249999860301614 797
1587842154284 4.739999894052744 798
1587842163029 4.29999990388751 799
1587842171915 3.3399999253451824 800
1587842180775 3.279999926686287 801
1587842189604 7.04999984242022 802
1587842198430 3.6299999188631773 803
1587842207309 3.4399999231100082 804
1587842216097 3.67999991774559 805
1587842224882 4.8699998911470175 806
1587842233653 4.0799999088048935 807
1587842242417 3.109999930486083 808
1587842251161 3.179999928921461 809
1587842259919 6.199999861419201 810
1587842268679 4.339999902993441 811
1587842277457 5.80999987013638 812
1587842286284 3.1899999286979437 813
1587842295118 4.579999897629023 814
1587842304020 5.709999872371554 815
1587842312887 2.6899999398738146 816
1587842322013 4.579999897629023 817
1587842330973 6.179999861866236 818
1587842339833 5.709999872371554 819
1587842348844 3.399999924004078 820
1587842357708 2.679999940097332 821
1587842366593 3.999999910593033 822
1587842375474 5.319999881088734 823
1587842384372 5.719999872148037 824
1587842393308 5.089999886229634 825
1587842402167 2.9999999329447746 826
1587842411074 4.239999905228615 827
1587842420145 2.369999947026372 828
1587842429173 3.6699999179691076 829
1587842438067 3.3299999255687 830
1587842446957 2.939999934285879 831
1587842455973 2.9499999340623617 832
1587842464979 5.639999873936176 833
1587842473914 2.459999945014715 834
1587842482828 5.959999866783619 835
1587842491783 6.909999845549464 836
1587842500882 4.83999989181757 837
1587842510054 5.029999887570739 838
1587842518960 1.1599999740719795 839
1587842528205 5.14999988488853 840
1587842537244 5.22999988310039 841
1587842546281 3.7199999168515205 842
1587842555234 4.739999894052744 843
1587842564252 5.119999885559082 844
1587842573251 4.559999898076057 845
1587842582215 7.219999838620424 846
1587842591229 6.579999852925539 847
1587842600176 6.409999856725335 848
1587842609190 5.669999873265624 849
1587842618162 3.8599999137222767 850
1587842627182 5.379999879747629 851
1587842636160 12.54999971948564 852
1587842645190 4.1999999061226845 853
1587842654221 4.829999892041087 854
1587842663241 6.159999862313271 855
1587842672284 4.3899999018758535 856
1587842681556 7.499999832361937 857
1587842690757 3.01999993249774 858
1587842699766 8.029999820515513 859
1587842708917 4.119999907910824 860
1587842717924 6.059999864548445 861
1587842726929 6.939999844878912 862
1587842735962 3.1499999295920134 863
1587842745006 3.5799999199807644 864
1587842754053 4.359999902546406 865
1587842763087 5.45999987795949 866
1587842772268 6.38999985717237 867
1587842781466 5.119999885559082 868
1587842790579 3.249999927356839 869
1587842799595 3.7499999161809683 870
1587842808611 6.269999859854579 871
1587842817641 2.7599999383091927 872
1587842826825 4.049999909475446 873
1587842835935 4.859999891370535 874
1587842845045 8.109999818727374 875
1587842854097 3.1699999291449785 876
1587842863618 5.14999988488853 877
1587842872731 2.459999945014715 878
1587842881809 4.549999898299575 879
1587842891094 3.1499999295920134 880
1587842900450 3.9899999108165503 881
1587842909605 3.8199999146163464 882
1587842918779 5.199999883770943 883
1587842928011 7.259999837726355 884
1587842937364 3.9299999121576548 885
1587842946742 3.969999911263585 886
1587842956766 4.659999895840883 887
1587842966077 3.779999915510416 888
1587842975508 5.439999878406525 889
1587842984935 2.8299999367445707 890
1587842994231 3.5499999206513166 891
1587843003562 5.339999880641699 892
1587843012898 5.759999871253967 893
1587843022200 5.319999881088734 894
1587843031558 6.439999856054783 895
1587843041012 5.7799998708069324 896
1587843050542 1.8999999575316906 897
1587843059902 2.559999942779541 898
1587843069327 7.849999824538827 899
1587843078856 6.38999985717237 900
1587843088259 3.6699999179691076 901
1587843097555 8.779999803751707 902
1587843106916 3.2899999264627695 903
1587843116348 3.9599999114871025 904
1587843125749 5.839999869465828 905
1587843135066 4.429999900981784 906
1587843144430 3.05999993160367 907
1587843153833 8.309999814257026 908
1587843163256 5.339999880641699 909
1587843172667 4.60999989695847 910
1587843182072 2.339999947696924 911
1587843191493 5.139999885112047 912
1587843200981 5.879999868571758 913
1587843210433 9.209999794140458 914
1587843219867 1.9999999552965164 915
1587843229769 3.5299999210983515 916
1587843239152 5.069999886676669 917
1587843248560 3.449999922886491 918
1587843257982 3.349999925121665 919
1587843267554 3.419999923557043 920
1587843276846 2.899999935179949 921
1587843286239 6.259999860078096 922
1587843295667 2.659999940544367 923
1587843305115 7.249999837949872 924
1587843314524 5.76999987103045 925
1587843323872 3.7399999164044857 926
1587843333298 7.299999836832285 927
1587843342726 1.1899999734014273 928
1587843352183 5.019999887794256 929
1587843361532 6.149999862536788 930
1587843371015 4.8699998911470175 931
1587843380488 4.809999892488122 932
1587843389949 5.22999988310039 933
1587843399315 2.989999933168292 934
1587843409133 8.16999981738627 935
1587843418673 5.319999881088734 936
1587843428244 4.109999908134341 937
1587843438069 6.249999860301614 938
1587843447584 3.539999920874834 939
1587843457291 4.459999900311232 940
1587843466842 3.849999913945794 941
1587843476323 4.709999894723296 942
1587843485816 1.4299999680370092 943
1587843495332 3.36999992467463 944
1587843504834 2.0699999537318945 945
1587843514366 3.3099999260157347 946
1587843523807 3.1499999295920134 947
1587843533309 5.309999881312251 948
1587843542871 2.9099999349564314 949
1587843552778 4.139999907463789 950
1587843562289 4.309999903663993 951
1587843571843 2.3999999463558197 952
1587843581611 3.01999993249774 953
1587843591257 2.389999946579337 954
1587843600667 12.649999717250466 955
1587843610149 7.989999821409583 956
1587843619602 5.219999883323908 957
1587843629080 4.379999902099371 958
1587843638545 2.299999948590994 959
1587843648156 3.63999991863966 960
1587843657616 4.8799998909235 961
1587843667291 2.8099999371916056 962
1587843676915 5.889999868348241 963
1587843686419 3.249999927356839 964
1587843695926 5.469999877735972 965
1587843705455 5.239999882876873 966
1587843715046 4.309999903663993 967
1587843724645 3.4999999217689037 968
1587843734193 3.8899999130517244 969
1587843743714 2.0199999548494816 970
1587843753245 3.709999917075038 971
1587843763087 5.049999887123704 972
1587843772591 4.579999897629023 973
1587843782154 4.149999907240272 974
1587843791709 5.429999878630042 975
1587843801275 4.3899999018758535 976
1587843810839 3.1199999302625656 977
1587843820382 5.699999872595072 978
1587843829952 3.7199999168515205 979
1587843839654 4.279999904334545 980
1587843849295 6.059999864548445 981
1587843858900 3.1499999295920134 982
1587843868486 3.7199999168515205 983
1587843878043 6.649999851360917 984
1587843887581 3.489999921992421 985
1587843897171 4.7499998938292265 986
1587843906802 5.039999887347221 987
1587843916352 4.489999899640679 988
1587843925946 5.829999869689345 989
1587843935504 3.7899999152868986 990
1587843945368 3.94999991171062 991
1587843954903 5.939999867230654 992
1587843964514 5.129999885335565 993
1587843974105 3.0799999311566353 994
1587843983693 4.659999895840883 995
1587843993294 4.679999895393848 996
1587844002926 3.9799999110400677 997
1587844012501 3.3399999253451824 998
1587844022140 6.829999847337604 999
1587844031886 4.289999904111028 1000
1587844041691 2.419999945908785 1001
1587844051284 4.419999901205301 1002
1587844060849 7.7899998258799314 1003
1587844070431 4.209999905899167 1004
1587844080007 6.619999852031469 1005
1587844089618 2.629999941214919 1006
1587844099191 4.759999893605709 1007
1587844108782 3.94999991171062 1008
1587844118404 15.269999658688903 1009
1587844128584 3.419999923557043 1010
1587844138184 3.919999912381172 1011
1587844147819 2.869999935850501 1012
1587844157397 3.399999924004078 1013
1587844166984 7.719999827444553 1014
1587844176561 5.169999884441495 1015
1587844186148 3.8099999148398638 1016
1587844195740 4.829999892041087 1017
1587844205371 4.739999894052744 1018
1587844214972 3.94999991171062 1019
1587844224731 6.9999998435378075 1020
1587844234363 3.1499999295920134 1021
1587844244007 5.029999887570739 1022
1587844253621 4.799999892711639 1023
1587844263292 5.329999880865216 1024
1587844272896 4.649999896064401 1025
1587844282525 5.349999880418181 1026
1587844292234 5.099999886006117 1027
1587844302316 5.709999872371554 1028
1587844312160 4.229999905452132 1029
1587844321928 4.679999895393848 1030
1587844331664 11.859999734908342 1031
1587844341577 5.4199998788535595 1032
1587844351476 5.369999879971147 1033
1587844361315 4.189999906346202 1034
1587844371152 3.7399999164044857 1035
1587844380999 4.489999899640679 1036
1587844390819 4.429999900981784 1037
1587844400542 5.589999875053763 1038
1587844410245 2.8099999371916056 1039
1587844420128 4.639999896287918 1040
1587844429816 4.329999903216958 1041
1587844439545 4.91999989002943 1042
1587844449350 3.5599999204277992 1043
1587844459017 5.589999875053763 1044
1587844468757 6.839999847114086 1045
1587844478493 4.279999904334545 1046
1587844488640 3.1499999295920134 1047
1587844498371 2.8599999360740185 1048
1587844508231 0.9499999787658453 1049
1587844517960 3.129999930039048 1050
1587844527668 5.239999882876873 1051
1587844537430 4.649999896064401 1052
1587844547241 3.1499999295920134 1053
1587844556972 6.189999861642718 1054
1587844566868 4.599999897181988 1055
1587844576607 4.52999989874661 1056
1587844586436 4.4399999007582664 1057
1587844596231 3.659999918192625 1058
1587844606058 4.479999899864197 1059
1587844615924 4.639999896287918 1060
1587844625789 4.119999907910824 1061
1587844635597 4.059999909251928 1062
1587844645346 3.999999910593033 1063
1587844655062 5.509999876841903 1064
1587844665052 4.009999910369515 1065
1587844674801 3.419999923557043 1066
1587844684555 8.229999816045165 1067
1587844694281 5.789999870583415 1068
1587844704019 5.959999866783619 1069
1587844713829 3.6999999172985554 1070
1587844723546 6.009999865666032 1071
1587844733270 4.21999990567565 1072
1587844743083 8.229999816045165 1073
1587844752995 7.679999828338623 1074
1587844762723 5.069999886676669 1075
1587844772448 3.4099999237805605 1076
1587844782179 4.649999896064401 1077
1587844791982 7.399999834597111 1078
1587844801733 4.689999895170331 1079
1587844811662 4.52999989874661 1080
1587844821409 5.139999885112047 1081
1587844831228 6.9499998446553946 1082
1587844841012 4.779999893158674 1083
1587844851044 4.129999907687306 1084
1587844860790 7.179999839514494 1085
1587844870632 5.45999987795949 1086
1587844880365 4.6299998965114355 1087
1587844890103 4.52999989874661 1088
1587844899802 2.819999936968088 1089
1587844909571 4.589999897405505 1090
1587844919466 7.139999840408564 1091
1587844929356 6.439999856054783 1092
1587844939069 5.899999868124723 1093
1587844948809 9.049999797716737 1094
1587844958609 4.179999906569719 1095
1587844968329 3.969999911263585 1096
1587844978050 6.69999985024333 1097
1587844987809 4.469999900087714 1098
1587844997603 4.7499998938292265 1099
1587845007467 4.679999895393848 1100
1587845017266 6.549999853596091 1101
1587845027434 0.4999999888241291 1102
1587845037188 4.139999907463789 1103
1587845046944 5.199999883770943 1104
1587845056670 7.259999837726355 1105
1587845066377 5.49999987706542 1106
1587845076161 5.2999998815357685 1107
1587845085838 5.2999998815357685 1108
1587845095541 3.759999915957451 1109
1587845105371 9.739999782294035 1110
1587845115235 3.3599999248981476 1111
1587845124940 3.539999920874834 1112
1587845134671 5.839999869465828 1113
1587845144391 5.899999868124723 1114
1587845154141 5.909999867901206 1115
1587845163934 6.679999850690365 1116
1587845173657 7.729999827221036 1117
1587845183374 4.56999989785254 1118
1587845193084 4.899999890476465 1119
1587845203351 5.839999869465828 1120
1587845213074 5.269999882206321 1121
1587845222787 4.479999899864197 1122
1587845232483 4.149999907240272 1123
1587845242222 5.49999987706542 1124
1587845251919 6.5199998542666435 1125
1587845261622 4.139999907463789 1126
1587845271295 5.559999875724316 1127
1587845281053 6.359999857842922 1128
1587845290779 5.219999883323908 1129
1587845300451 7.159999839961529 1130
1587845310150 3.3199999257922173 1131
1587845319889 5.899999868124723 1132
1587845329592 4.459999900311232 1133
1587845339301 3.2199999280273914 1134
1587845349049 7.4299998339265585 1135
1587845358793 8.419999811798334 1136
1587845368509 7.329999836161733 1137
1587845378210 7.109999841079116 1138
1587845388407 7.0699998419731855 1139
1587845398285 5.169999884441495 1140
1587845408102 6.07999986410141 1141
1587845417821 5.76999987103045 1142
1587845427531 6.9999998435378075 1143
1587845437254 6.149999862536788 1144
1587845447069 9.759999781847 1145
1587845456790 7.159999839961529 1146
1587845466609 5.589999875053763 1147
1587845476359 7.6199998296797276 1148
1587845486155 5.159999884665012 1149
1587845495905 10.289999770000577 1150
1587845505682 4.52999989874661 1151
1587845515467 12.249999726191163 1152
1587845525333 5.45999987795949 1153
1587845535068 5.999999865889549 1154
1587845544787 5.249999882653356 1155
1587845554509 5.599999874830246 1156
1587845564672 6.819999847561121 1157
1587845574399 6.409999856725335 1158
1587845584155 8.049999820068479 1159
1587845594002 6.8799998462200165 1160
1587845603763 4.339999902993441 1161
1587845613508 3.67999991774559 1162
1587845623238 4.499999899417162 1163
1587845632945 6.249999860301614 1164
1587845642711 5.329999880865216 1165
1587845652473 5.079999886453152 1166
1587845662176 5.839999869465828 1167
1587845671913 6.34999985806644 1168
1587845681614 6.289999859407544 1169
1587845691400 4.699999894946814 1170
1587845701082 6.9499998446553946 1171
1587845710795 8.589999807998538 1172
1587845720445 6.499999854713678 1173
1587845730131 6.819999847561121 1174
1587845739801 6.889999845996499 1175
1587845749781 7.689999828115106 1176
1587845759447 5.1099998857825994 1177
1587845769148 4.649999896064401 1178
1587845778830 5.22999988310039 1179
1587845788636 3.0699999313801527 1180
1587845798276 8.47999981045723 1181
1587845808077 0.979999978095293 1182
1587845817766 7.499999832361937 1183
1587845827454 5.669999873265624 1184
1587845837207 6.049999864771962 1185
1587845846895 4.419999901205301 1186
1587845856686 7.8599998243153095 1187
1587845866395 5.019999887794256 1188
1587845876083 6.069999864324927 1189
1587845885815 6.669999850913882 1190
1587845895573 5.719999872148037 1191
1587845905334 8.969999799504876 1192
1587845915108 14.539999675005674 1193
1587845925407 7.749999826774001 1194
1587845935200 5.959999866783619 1195
1587845944955 10.60999976284802 1196
1587845954706 9.439999788999557 1197
1587845964389 2.5999999418854713 1198
1587845974086 4.669999895617366 1199
1587845984002 6.469999855384231 1200
1587845993785 2.269999949261546 1201
1587846003513 3.899999912828207 1202
1587846013187 8.029999820515513 1203
1587846023007 7.969999821856618 1204
1587846032781 5.7299998719245195 1205
1587846042531 6.499999854713678 1206
1587846052278 9.929999778047204 1207
1587846062053 5.589999875053763 1208
1587846071792 5.909999867901206 1209
1587846081494 5.7299998719245195 1210
1587846091235 4.649999896064401 1211
1587846101119 3.0299999322742224 1212
1587846111082 3.9799999110400677 1213
1587846120879 8.269999815151095 1214
1587846130671 8.219999816268682 1215
1587846140516 5.309999881312251 1216
1587846150313 4.1999999061226845 1217
1587846160161 5.1799998842179775 1218
1587846169857 7.029999842867255 1219
1587846179706 8.359999813139439 1220
1587846189512 7.229999838396907 1221
1587846199275 5.129999885335565 1222
1587846208942 19.389999566599727 1223
1587846218616 3.5599999204277992 1224
1587846228245 5.519999876618385 1225
1587846237909 9.439999788999557 1226
1587846247614 6.439999856054783 1227
1587846257285 5.2999998815357685 1228
1587846266912 4.409999901428819 1229
1587846276542 4.479999899864197 1230
1587846286416 6.4299998562783 1231
1587846296057 7.399999834597111 1232
1587846305774 4.809999892488122 1233
1587846315452 7.999999821186066 1234
1587846325107 8.839999802410603 1235
1587846334814 6.499999854713678 1236
1587846344531 9.329999791458249 1237
1587846354319 10.009999776259065 1238
1587846364139 6.199999861419201 1239
1587846374049 7.8599998243153095 1240
1587846383685 7.229999838396907 1241
1587846393335 8.269999815151095 1242
1587846402985 7.419999834150076 1243
1587846412653 4.759999893605709 1244
1587846422380 9.05999979749322 1245
1587846432248 18.149999594315886 1246
1587846441980 6.299999859184027 1247
1587846451806 7.299999836832285 1248
1587846461727 5.22999988310039 1249
1587846471519 4.8699998911470175 1250
1587846481205 4.949999889358878 1251
1587846490899 10.359999768435955 1252
1587846500564 6.899999845772982 1253
1587846510217 4.049999909475446 1254
1587846519862 6.049999864771962 1255
1587846529521 7.27999983727932 1256
1587846539155 7.749999826774001 1257
1587846548868 8.219999816268682 1258
1587846558582 0.2299999948590994 1259
1587846568492 7.159999839961529 1260
1587846578156 4.959999889135361 1261
1587846587821 8.119999818503857 1262
1587846597467 9.289999792352319 1263
1587846607176 5.909999867901206 1264
1587846616839 9.499999787658453 1265
1587846626512 6.769999848678708 1266
1587846636180 5.259999882429838 1267
1587846646148 14.459999676793814 1268
1587846655816 6.839999847114086 1269
1587846665493 6.829999847337604 1270
1587846675134 6.769999848678708 1271
1587846684770 6.2799998596310616 1272
1587846694387 6.529999854043126 1273
1587846704035 6.549999853596091 1274
1587846713739 5.039999887347221 1275
1587846723635 6.599999852478504 1276
1587846733494 7.529999831691384 1277
1587846743377 12.709999715909362 1278
1587846753360 6.229999860748649 1279
1587846763392 7.729999827221036 1280
1587846773305 12.259999725967646 1281
1587846783250 6.139999862760305 1282
1587846793014 5.349999880418181 1283
1587846802875 7.5499998312443495 1284
1587846812746 6.729999849572778 1285
1587846822763 8.069999819621444 1286
1587846832430 6.049999864771962 1287
1587846842173 6.929999845102429 1288
1587846851967 5.519999876618385 1289
1587846861727 7.209999838843942 1290
1587846871356 5.559999875724316 1291
1587846880988 7.389999834820628 1292
1587846890640 6.539999853819609 1293
1587846900278 8.679999805986881 1294
1587846909986 7.099999841302633 1295
1587846919651 7.399999834597111 1296
1587846929356 7.4299998339265585 1297
1587846939038 7.039999842643738 1298
1587846948686 6.929999845102429 1299
1587846958485 17.38999961130321 1300
1587846968609 11.369999745860696 1301
1587846978271 8.379999812692404 1302
1587846987911 4.1999999061226845 1303
1587846997552 8.649999806657434 1304
1587847007733 7.31999983638525 1305
1587847017380 6.309999858960509 1306
1587847027052 5.139999885112047 1307
1587847036724 7.159999839961529 1308
1587847046390 8.55999980866909 1309
1587847056041 7.819999825209379 1310
1587847065680 7.1899998392909765 1311
1587847075336 9.36999979056418 1312
1587847085029 8.239999815821648 1313
1587847094663 5.799999870359898 1314
1587847104327 7.379999835044146 1315
1587847113963 7.259999837726355 1316
1587847123577 5.629999874159694 1317
1587847133209 6.779999848455191 1318
1587847142900 4.829999892041087 1319
1587847152689 6.849999846890569 1320
1587847162335 6.749999849125743 1321
1587847171966 11.339999746531248 1322
1587847181962 7.469999833032489 1323
1587847191770 9.499999787658453 1324
1587847201422 12.629999717697501 1325
1587847211132 5.799999870359898 1326
1587847220817 8.739999804645777 1327
1587847230499 5.879999868571758 1328
1587847240149 4.309999903663993 1329
1587847249800 5.019999887794256 1330
1587847259425 8.899999801069498 1331
1587847269282 6.309999858960509 1332
1587847278956 5.399999879300594 1333
1587847288627 6.5199998542666435 1334
1587847298308 7.329999836161733 1335
1587847308033 8.059999819844961 1336
1587847317789 7.159999839961529 1337
1587847327685 5.989999866113067 1338
1587847337361 7.949999822303653 1339
1587847347202 5.049999887123704 1340
1587847356925 6.249999860301614 1341
1587847366991 9.239999793469906 1342
1587847376615 6.929999845102429 1343
1587847386315 6.789999848231673 1344
1587847395985 6.4299998562783 1345
1587847405651 7.969999821856618 1346
1587847415359 7.109999841079116 1347
1587847425037 6.029999865218997 1348
1587847434686 9.209999794140458 1349
1587847444388 6.299999859184027 1350
1587847454044 7.489999832585454 1351
1587847463681 6.509999854490161 1352
1587847473326 9.539999786764383 1353
1587847482980 7.649999829009175 1354
1587847492645 7.719999827444553 1355
1587847502326 6.379999857395887 1356
1587847511989 8.239999815821648 1357
1587847521630 9.619999784976244 1358
1587847531294 4.91999989002943 1359
1587847541319 5.349999880418181 1360
1587847551215 5.719999872148037 1361
1587847560946 11.65999973937869 1362
1587847570769 8.379999812692404 1363
1587847580461 7.58999983035028 1364
1587847590119 8.449999811127782 1365
1587847599768 8.999999798834324 1366
1587847609411 7.659999828785658 1367
1587847619056 9.939999777823687 1368
1587847628766 7.869999824091792 1369
1587847638410 8.879999801516533 1370
1587847648075 9.83999978005886 1371
1587847657701 8.259999815374613 1372
1587847667345 7.749999826774001 1373
1587847677025 13.489999698475003 1374
1587847686740 6.819999847561121 1375
1587847696450 8.339999813586473 1376
1587847706215 6.609999852254987 1377
1587847715871 8.51999980956316 1378
1587847725867 1.0499999765306711 1379
1587847735675 5.639999873936176 1380
1587847745409 7.289999837055802 1381
1587847755065 2.7199999392032623 1382
1587847764711 7.9799998216331005 1383
1587847774378 7.62999982945621 1384
1587847784056 8.769999803975224 1385
1587847793711 10.119999773800373 1386
1587847803423 7.459999833256006 1387
1587847813082 5.079999886453152 1388
1587847822768 6.169999862089753 1389
1587847832415 6.869999846443534 1390
1587847842051 6.609999852254987 1391
1587847851652 5.099999886006117 1392
1587847861275 4.549999898299575 1393
1587847870966 5.919999867677689 1394
1587847880613 6.479999855160713 1395
1587847890304 11.61999974027276 1396
1587847900006 5.329999880865216 1397
1587847910012 8.509999809786677 1398
1587847919642 5.309999881312251 1399
1587847929460 5.629999874159694 1400
1587847939174 5.039999887347221 1401
1587847948828 8.779999803751707 1402
1587847958496 0.3199999928474426 1403
1587847968109 8.51999980956316 1404
1587847977765 8.779999803751707 1405
1587847987447 4.909999890252948 1406
1587847997090 11.529999742284417 1407
1587848006745 7.3099998366087675 1408
1587848016459 8.529999809339643 1409
1587848026101 8.489999810233712 1410
1587848035730 7.439999833703041 1411
1587848045395 6.689999850466847 1412
1587848055040 8.979999799281359 1413
1587848064700 5.639999873936176 1414
1587848074302 7.1199998408555984 1415
1587848084419 7.749999826774001 1416
1587848094049 6.2099998611956835 1417
1587848103726 5.7299998719245195 1418
1587848113371 5.329999880865216 1419
1587848123158 5.799999870359898 1420
1587848132812 12.11999972909689 1421
1587848142493 11.319999746978283 1422
1587848152157 8.579999808222055 1423
1587848161845 7.7899998258799314 1424
1587848171691 5.269999882206321 1425
1587848181346 6.789999848231673 1426
1587848191012 7.019999843090773 1427
1587848200681 7.639999829232693 1428
1587848210350 6.489999854937196 1429
1587848220054 5.18999988399446 1430
1587848229872 5.959999866783619 1431
1587848239638 6.859999846667051 1432
1587848249297 8.009999820962548 1433
1587848259008 7.509999832138419 1434
1587848269060 7.9799998216331005 1435
1587848278672 8.299999814480543 1436
1587848288352 10.45999976620078 1437
1587848297993 12.319999724626541 1438
1587848307640 7.369999835267663 1439
1587848317450 9.17999979481101 1440
1587848327091 9.729999782517552 1441
1587848336722 5.409999879077077 1442
1587848346395 7.849999824538827 1443
1587848356019 8.349999813362956 1444
1587848365676 6.229999860748649 1445
1587848375337 9.459999788552523 1446
1587848384998 5.709999872371554 1447
1587848394648 9.579999785870314 1448
1587848404386 7.099999841302633 1449
1587848414037 6.769999848678708 1450
1587848423706 4.769999893382192 1451
1587848433352 5.49999987706542 1452
1587848443517 9.659999784082174 1453
1587848453138 7.759999826550484 1454
1587848462848 11.049999753013253 1455
1587848472489 10.779999759048223 1456
1587848482121 8.549999808892608 1457
1587848491741 8.919999800622463 1458
1587848501409 8.469999810680747 1459
1587848511214 9.329999791458249 1460
1587848520860 8.759999804198742 1461
1587848530567 7.00999984331429 1462
1587848540196 9.319999791681767 1463
1587848549881 9.349999791011214 1464
1587848559521 11.359999746084213 1465
1587848569171 6.589999852702022 1466
1587848578816 7.879999823868275 1467
1587848588545 8.16999981738627 1468
1587848598310 7.949999822303653 1469
1587848607990 8.119999818503857 1470
1587848617642 7.509999832138419 1471
1587848627707 6.539999853819609 1472
1587848637355 7.459999833256006 1473
1587848647097 8.539999809116125 1474
1587848656863 7.919999822974205 1475
1587848666536 7.199999839067459 1476
1587848676182 5.439999878406525 1477
1587848685878 5.45999987795949 1478
1587848695531 6.749999849125743 1479
1587848705390 7.27999983727932 1480
1587848715025 7.559999831020832 1481
1587848724682 7.93999982252717 1482
1587848734322 6.3299998585134745 1483
1587848743950 6.179999861866236 1484
1587848753602 7.27999983727932 1485
1587848763281 7.909999823197722 1486
1587848772900 10.129999773576856 1487
1587848782591 9.959999777376652 1488
1587848792224 7.909999823197722 1489
1587848802069 4.759999893605709 1490
1587848811791 5.959999866783619 1491
1587848821460 6.769999848678708 1492
1587848831127 7.849999824538827 1493
1587848840854 7.819999825209379 1494
1587848850522 7.489999832585454 1495
1587848860193 5.49999987706542 1496
1587848869896 10.349999768659472 1497
1587848879501 7.349999835714698 1498
1587848889172 6.599999852478504 1499
1587848898964 8.24999981559813 1500
1587848908672 11.599999740719795 1501
1587848918317 7.019999843090773 1502
1587848927957 6.929999845102429 1503
1587848937572 8.90999980084598 1504
1587848947245 10.839999757707119 1505
1587848956889 9.979999776929617 1506
1587848966509 9.739999782294035 1507
1587848976145 7.519999831914902 1508
1587848986179 9.429999789223075 1509
1587848995832 9.399999789893627 1510
1587849005494 5.389999879524112 1511
1587849015129 9.659999784082174 1512
1587849024757 5.1799998842179775 1513
1587849034410 7.89999982342124 1514
1587849044065 9.619999784976244 1515
1587849053703 7.04999984242022 1516
1587849063434 7.959999822080135 1517
1587849073201 5.869999868795276 1518
1587849082855 11.259999748319387 1519
1587849092650 7.5499998312443495 1520
1587849102315 5.979999866336584 1521
1587849111976 9.539999786764383 1522
1587849121689 8.82999980263412 1523
1587849131544 8.929999800398946 1524
1587849141257 11.259999748319387 1525
1587849150897 10.169999772682786 1526
1587849160697 4.91999989002943 1527
1587849170571 10.369999768212438 1528
1587849180183 5.589999875053763 1529
1587849189905 7.6699998285621405 1530
1587849199543 8.189999816939235 1531
1587849209177 7.719999827444553 1532
1587849218841 7.299999836832285 1533
1587849228489 7.159999839961529 1534
1587849238166 9.279999792575836 1535
1587849247866 10.049999775364995 1536
1587849257526 14.509999675676227 1537
1587849267182 3.3799999244511127 1538
1587849276827 0.7599999830126762 1539
1587849286646 6.889999845996499 1540
1587849296297 8.389999812468886 1541
1587849306019 5.76999987103045 1542
1587849315707 9.239999793469906 1543
1587849325358 8.819999802857637 1544
1587849335006 11.459999743849039 1545
1587849345074 8.399999812245369 1546
1587849354728 9.009999798610806 1547
1587849364455 16.6499996278435 1548
1587849374159 13.989999687299132 1549
1587849383815 10.25999977067113 1550
1587849393465 6.309999858960509 1551
1587849403101 7.579999830573797 1552
1587849412771 9.589999785646796 1553
1587849422492 8.059999819844961 1554
1587849432163 9.09999979659915 1555
1587849441889 7.889999823644757 1556
1587849451598 8.259999815374613 1557
1587849461214 10.199999772012234 1558
1587849470869 5.949999867007136 1559
1587849480689 8.999999798834324 1560
1587849490390 11.569999741390347 1561
1587849500046 6.889999845996499 1562
1587849509681 7.779999826103449 1563
1587849519321 5.18999988399446 1564
1587849529430 9.05999979749322 1565
1587849539076 9.689999783411622 1566
1587849548792 7.869999824091792 1567
1587849558432 6.789999848231673 1568
1587849568073 7.139999840408564 1569
1587849577716 8.389999812468886 1570
1587849587337 8.989999799057841 1571
1587849596958 6.609999852254987 1572
1587849606661 7.229999838396907 1573
1587849616346 10.409999767318368 1574
1587849626052 5.6099998746067286 1575
1587849635678 7.3099998366087675 1576
1587849645316 7.159999839961529 1577
1587849654999 10.739999759942293 1578
1587849664807 7.959999822080135 1579
1587849674648 8.849999802187085 1580
1587849684286 2.4999999441206455 1581
1587849693893 7.889999823644757 1582
1587849704051 8.039999820291996 1583
1587849713677 7.639999829232693 1584
1587849723372 4.729999894276261 1585
1587849733000 4.819999892264605 1586
1587849742633 8.529999809339643 1587
1587849752273 7.769999826326966 1588
1587849761887 8.199999816715717 1589
1587849771516 7.339999835938215 1590
1587849781141 7.62999982945621 1591
1587849790851 9.659999784082174 1592
1587849800506 3.1499999295920134 1593
1587849810159 6.579999852925539 1594
1587849819797 8.569999808445573 1595
1587849829432 6.679999850690365 1596
1587849839090 4.979999888688326 1597
1587849848768 6.359999857842922 1598
1587849858418 6.649999851360917 1599
1587849868207 11.279999747872353 1600
1587849877928 5.529999876394868 1601
1587849887915 8.099999818950891 1602
1587849897551 10.309999769553542 1603
1587849907238 5.439999878406525 1604
1587849916899 15.539999652653933 1605
1587849926516 8.359999813139439 1606
1587849936163 11.149999750778079 1607
1587849945819 12.42999972216785 1608
1587849955514 8.069999819621444 1609
1587849965398 8.039999820291996 1610
1587849975181 7.369999835267663 1611
1587849984847 9.129999795928597 1612
1587849994504 4.9899998884648085 1613
1587850004153 2.609999941661954 1614
1587850013787 8.199999816715717 1615
1587850023505 10.249999770894647 1616
1587850033244 3.2599999271333218 1617
1587850042892 8.119999818503857 1618
1587850052555 8.719999805092812 1619
1587850062778 9.379999790340662 1620
1587850072410 6.7599998489022255 1621
1587850082058 5.799999870359898 1622
1587850091723 9.389999790117145 1623
1587850101373 5.1099998857825994 1624
1587850110997 5.14999988488853 1625
1587850120608 9.549999786540866 1626
1587850130260 7.62999982945621 1627
1587850139877 6.729999849572778 1628
1587850149572 7.989999821409583 1629
1587850159191 7.349999835714698 1630
1587850168809 9.419999789446592 1631
1587850178445 6.38999985717237 1632
1587850188095 11.899999734014273 1633
1587850197737 11.549999741837382 1634
1587850207491 7.209999838843942 1635
1587850217155 9.5299997869879 1636
1587850226818 11.099999751895666 1637
1587850236455 8.049999820068479 1638
1587850246509 7.349999835714698 1639
1587850256292 11.569999741390347 1640
1587850265963 6.309999858960509 1641
1587850275617 8.879999801516533 1642
1587850285307 5.749999871477485 1643
1587850295030 7.499999832361937 1644
1587850304652 9.999999776482582 1645
1587850314330 10.189999772235751 1646
1587850324091 10.479999765753746 1647
1587850333851 10.229999771341681 1648
1587850343745 8.59999980777502 1649
1587850353603 8.719999805092812 1650
1587850363509 7.879999823868275 1651
1587850373367 7.349999835714698 1652
1587850383218 8.459999810904264 1653
1587850392922 9.09999979659915 1654
1587850402783 7.269999837502837 1655
1587850412642 6.749999849125743 1656
1587850422821 7.1199998408555984 1657
1587850432611 8.199999816715717 1658
1587850442469 9.40999978967011 1659
1587850452415 11.639999739825726 1660
1587850462260 5.089999886229634 1661
1587850471921 8.01999982073903 1662
1587850481579 10.91999975591898 1663
1587850491218 10.589999763295054 1664
1587850500880 11.099999751895666 1665
1587850510636 9.289999792352319 1666
1587850520321 9.649999784305692 1667
1587850529971 6.69999985024333 1668
1587850539606 8.499999810010195 1669
1587850549264 9.169999795034528 1670
1587850558890 4.359999902546406 1671
1587850568625 8.759999804198742 1672
1587850578301 10.089999774470925 1673
1587850587945 6.73999984934926 1674
1587850597609 10.099999774247408 1675
1587850607691 9.569999786093831 1676
1587850617357 9.109999796375632 1677
1587850627052 7.229999838396907 1678
1587850636704 11.399999745190144 1679
1587850646510 8.709999805316329 1680
1587850656165 8.28999981470406 1681
1587850665808 8.849999802187085 1682
1587850675451 9.269999792799354 1683
1587850685203 8.719999805092812 1684
1587850694864 9.149999795481563 1685
1587850704540 11.179999750107527 1686
1587850714224 1.7099999617785215 1687
1587850723877 9.929999778047204 1688
1587850733541 7.179999839514494 1689
1587850743317 7.479999832808971 1690
1587850753030 8.149999817833304 1691
1587850762738 8.12999981828034 1692
1587850772514 9.429999789223075 1693
1587850782493 5.169999884441495 1694
1587850792146 10.019999776035547 1695
1587850801829 5.379999879747629 1696
1587850811550 4.909999890252948 1697
1587850821237 9.109999796375632 1698
1587850830905 6.019999865442514 1699
1587850840708 1.699999962002039 1700
1587850850445 10.209999771788716 1701
1587850860124 7.769999826326966 1702
1587850870064 7.249999837949872 1703
1587850879747 9.779999781399965 1704
1587850889441 10.509999765083194 1705
1587850899149 9.63999978452921 1706
1587850908839 6.609999852254987 1707
1587850918516 6.9499998446553946 1708
1587850928370 5.76999987103045 1709
1587850938063 11.879999734461308 1710
1587850947704 8.47999981045723 1711
1587850957334 9.999999776482582 1712
1587850967327 8.589999807998538 1713
1587850976968 7.989999821409583 1714
1587850986651 8.569999808445573 1715
1587850996304 7.879999823868275 1716
1587851005969 5.859999869018793 1717
1587851015639 9.439999788999557 1718
1587851025456 9.239999793469906 1719
1587851035315 9.309999791905284 1720
1587851045018 9.029999798163772 1721
1587851054734 11.649999739602208 1722
1587851064415 9.359999790787697 1723
1587851074078 10.039999775588512 1724
1587851083783 5.799999870359898 1725
1587851093463 6.499999854713678 1726
1587851103182 8.669999806210399 1727
1587851112881 10.189999772235751 1728
1587851122546 9.659999784082174 1729
1587851132216 9.419999789446592 1730
1587851142277 8.689999805763364 1731
1587851152026 6.249999860301614 1732
1587851161727 10.29999976977706 1733
1587851171491 10.95999975502491 1734
1587851181193 9.5299997869879 1735
1587851190894 6.259999860078096 1736
1587851200563 0.9899999778717756 1737
1587851210289 9.729999782517552 1738
1587851219997 9.339999791234732 1739
1587851229923 10.179999772459269 1740
1587851239656 7.059999842196703 1741
1587851249526 9.209999794140458 1742
1587851259193 8.90999980084598 1743
1587851268897 9.559999786317348 1744
1587851278624 8.929999800398946 1745
1587851288486 9.5299997869879 1746
1587851298234 8.999999798834324 1747
1587851307973 8.899999801069498 1748
1587851317720 9.279999792575836 1749
1587851327742 10.659999761730433 1750
1587851337457 6.989999843761325 1751
1587851347275 10.87999975681305 1752
1587851357157 7.1199998408555984 1753
1587851366978 8.16999981738627 1754
1587851376716 8.539999809116125 1755
1587851386468 10.759999759495258 1756
1587851396152 9.499999787658453 1757
1587851405915 9.329999791458249 1758
1587851415595 7.58999983035028 1759
1587851425402 8.079999819397926 1760
1587851435118 8.119999818503857 1761
1587851444930 8.879999801516533 1762
1587851454728 9.909999778494239 1763
1587851464505 6.459999855607748 1764
1587851474265 9.009999798610806 1765
1587851484045 8.659999806433916 1766
1587851493812 7.339999835938215 1767
1587851503819 8.429999811574817 1768
1587851513554 7.509999832138419 1769
1587851523340 10.869999757036567 1770
1587851533126 9.519999787211418 1771
1587851542953 8.899999801069498 1772
1587851552679 7.719999827444553 1773
1587851562521 9.919999778270721 1774
1587851572325 9.579999785870314 1775
1587851581989 8.639999806880951 1776
1587851591674 7.609999829903245 1777
1587851601469 7.929999822750688 1778
1587851611111 8.839999802410603 1779
1587851620903 6.6399998515844345 1780
1587851630543 9.569999786093831 1781
1587851640301 9.029999798163772 1782
1587851650041 4.229999905452132 1783
1587851659723 2.1199999526143074 1784
1587851669450 15.499999653548002 1785
1587851679107 6.809999847784638 1786
1587851689188 9.21999979391694 1787
